"layer","x","y"
0.580154276772001,-115.270833333333,37.4375
0.817385613917649,-115.104166666667,37.4375
0.793721804595487,-115.0625,37.4375
0.918676942235108,-115.020833333333,37.4375
0.507389191175293,-114.6875,37.4375
0.647485301149012,-114.645833333333,37.4375
0.708231107625976,-114.604166666667,37.4375
0.686135073854848,-114.5625,37.4375
0.762591863828879,-114.520833333333,37.4375
0.615933950940534,-115.395833333333,37.3958333333333
0.733645060805681,-115.354166666667,37.3958333333333
0.790351568445562,-115.3125,37.3958333333333
0.670546335961694,-115.270833333333,37.3958333333333
0.872009300145808,-115.0625,37.3958333333333
0.877937548895765,-115.020833333333,37.3958333333333
0.66451130126776,-114.645833333333,37.3958333333333
0.780520072421329,-114.604166666667,37.3958333333333
0.750562586908814,-114.5625,37.3958333333333
0.842082355482887,-114.520833333333,37.3958333333333
0.877783617694254,-114.479166666667,37.3958333333333
0.835996542535726,-114.4375,37.3958333333333
0.785725524387163,-114.395833333333,37.3958333333333
0.736165091708342,-114.354166666667,37.3958333333333
0.612268303163108,-115.395833333333,37.3541666666667
0.871704394362964,-115.354166666667,37.3541666666667
0.924850183871786,-115.3125,37.3541666666667
0.906978012698555,-115.270833333333,37.3541666666667
0.684884767448312,-114.645833333333,37.3541666666667
0.847491573398805,-114.604166666667,37.3541666666667
0.781736736983079,-114.5625,37.3541666666667
0.79115269711773,-114.520833333333,37.3541666666667
0.878382458564921,-114.479166666667,37.3541666666667
0.848311292998028,-114.4375,37.3541666666667
0.83613663690567,-114.395833333333,37.3541666666667
0.844366555992741,-114.354166666667,37.3541666666667
0.805061978019783,-114.3125,37.3541666666667
0.750112398867895,-114.270833333333,37.3541666666667
0.725422780744722,-114.229166666667,37.3541666666667
0.552628139591447,-115.395833333333,37.3125
0.806906255679375,-115.354166666667,37.3125
0.918815489707949,-115.3125,37.3125
0.951069699297672,-115.270833333333,37.3125
0.937635580387534,-115.229166666667,37.3125
0.68220162190938,-114.645833333333,37.3125
0.849662534392807,-114.604166666667,37.3125
0.872185187836697,-114.5625,37.3125
0.85676929300215,-114.520833333333,37.3125
0.777105950729511,-114.479166666667,37.3125
0.803053308323846,-114.4375,37.3125
0.88718153943215,-114.395833333333,37.3125
0.900910725970355,-114.354166666667,37.3125
0.855932845482181,-114.3125,37.3125
0.780971311542965,-114.270833333333,37.3125
0.747535686805956,-114.229166666667,37.3125
0.669409258556849,-114.1875,37.3125
0.566896747728726,-114.104166666667,37.3125
0.539408432705736,-115.604166666667,37.2708333333333
0.685652833310161,-115.354166666667,37.2708333333333
0.89633030998958,-115.3125,37.2708333333333
0.954909600003976,-115.270833333333,37.2708333333333
0.979925030452624,-115.229166666667,37.2708333333333
0.548479235818298,-114.645833333333,37.2708333333333
0.77829346940537,-114.604166666667,37.2708333333333
0.914493556171964,-114.5625,37.2708333333333
0.866463445524434,-114.520833333333,37.2708333333333
0.620091445516843,-114.479166666667,37.2708333333333
0.717375520338489,-114.4375,37.2708333333333
0.925571632822823,-114.395833333333,37.2708333333333
0.937033421150318,-114.354166666667,37.2708333333333
0.870167399643154,-114.3125,37.2708333333333
0.745326925118638,-114.270833333333,37.2708333333333
0.682268805383725,-114.229166666667,37.2708333333333
0.58752963725564,-114.1875,37.2708333333333
0.647776508582683,-115.604166666667,37.2291666666667
0.647072442059086,-115.5625,37.2291666666667
0.720581257330134,-115.354166666667,37.2291666666667
0.917475400306563,-115.3125,37.2291666666667
0.966089274351763,-115.270833333333,37.2291666666667
0.543160304063575,-114.895833333333,37.2291666666667
0.548773400143231,-114.854166666667,37.2291666666667
0.549439288786873,-114.8125,37.2291666666667
0.812307403534281,-114.604166666667,37.2291666666667
0.892418301712328,-114.5625,37.2291666666667
0.739321532920979,-114.520833333333,37.2291666666667
0.56249169866814,-114.4375,37.2291666666667
0.881515040431823,-114.395833333333,37.2291666666667
0.919342059979541,-114.354166666667,37.2291666666667
0.820727522657709,-114.3125,37.2291666666667
0.642406653611524,-114.270833333333,37.2291666666667
0.544873577965073,-114.229166666667,37.2291666666667
0.533162373471502,-114.1875,37.2291666666667
0.588994196758749,-115.604166666667,37.1875
0.66572917741416,-115.5625,37.1875
0.562953864326379,-115.520833333333,37.1875
0.770222069059258,-115.354166666667,37.1875
0.930040967418155,-115.3125,37.1875
0.973178179301265,-115.270833333333,37.1875
0.526331001772911,-114.9375,37.1875
0.55123471363237,-114.895833333333,37.1875
0.597412604216235,-114.854166666667,37.1875
0.621520004600922,-114.8125,37.1875
0.617802948867274,-114.645833333333,37.1875
0.819839339646912,-114.604166666667,37.1875
0.751163964029958,-114.5625,37.1875
0.504322752863932,-114.520833333333,37.1875
0.641661786201738,-114.395833333333,37.1875
0.682464379862898,-114.354166666667,37.1875
0.559857071059248,-114.3125,37.1875
0.533654045050494,-114.1875,37.1875
0.508777452046181,-114.145833333333,37.1875
0.687244364316948,-115.9375,37.1458333333333
0.658119155459321,-115.895833333333,37.1458333333333
0.526780718766168,-115.854166666667,37.1458333333333
0.518229939130524,-115.645833333333,37.1458333333333
0.612065061091262,-115.604166666667,37.1458333333333
0.709053904095047,-115.5625,37.1458333333333
0.698216727823472,-115.520833333333,37.1458333333333
0.595101825963983,-115.479166666667,37.1458333333333
0.525104444616984,-114.9375,37.1458333333333
0.624583241544079,-114.895833333333,37.1458333333333
0.674631242180306,-114.854166666667,37.1458333333333
0.581836844001498,-114.8125,37.1458333333333
0.567636910615882,-114.6875,37.1458333333333
0.72483420882903,-114.645833333333,37.1458333333333
0.707766743802981,-114.604166666667,37.1458333333333
0.616863994308883,-114.1875,37.1458333333333
0.65502417334276,-114.145833333333,37.1458333333333
0.5089589145935,-114.104166666667,37.1458333333333
0.514481223413037,-113.979166666667,37.1458333333333
0.519119861399682,-113.9375,37.1458333333333
0.505876337942476,-113.8125,37.1458333333333
0.816894128606703,-115.9375,37.1041666666667
0.781971527438315,-115.895833333333,37.1041666666667
0.551933530786289,-115.854166666667,37.1041666666667
0.525985369352307,-115.729166666667,37.1041666666667
0.689425679698169,-115.6875,37.1041666666667
0.795973994806825,-115.645833333333,37.1041666666667
0.802260539149793,-115.604166666667,37.1041666666667
0.793408614855036,-115.5625,37.1041666666667
0.835875254242265,-115.520833333333,37.1041666666667
0.82965529657075,-115.479166666667,37.1041666666667
0.652777456166149,-115.4375,37.1041666666667
0.530516299813673,-114.9375,37.1041666666667
0.676951202914461,-114.895833333333,37.1041666666667
0.655230674655809,-114.854166666667,37.1041666666667
0.608818265309893,-114.729166666667,37.1041666666667
0.864728620219032,-114.6875,37.1041666666667
0.724530418334919,-114.645833333333,37.1041666666667
0.575936793898751,-114.604166666667,37.1041666666667
0.6375163714549,-114.1875,37.1041666666667
0.750772366085014,-114.145833333333,37.1041666666667
0.582136826753089,-114.104166666667,37.1041666666667
0.603817700029404,-113.979166666667,37.1041666666667
0.680114206610956,-113.9375,37.1041666666667
0.547302451387262,-113.8125,37.1041666666667
0.609479356609795,-113.770833333333,37.1041666666667
0.519167486746561,-113.729166666667,37.1041666666667
0.755645589009352,-115.9375,37.0625
0.779648603227522,-115.895833333333,37.0625
0.652594373591517,-115.854166666667,37.0625
0.581538516476624,-115.8125,37.0625
0.613813857544917,-115.770833333333,37.0625
0.811608543872227,-115.729166666667,37.0625
0.925023882369843,-115.6875,37.0625
0.943655955498487,-115.645833333333,37.0625
0.892995521199169,-115.604166666667,37.0625
0.843698875448169,-115.5625,37.0625
0.880489095566679,-115.520833333333,37.0625
0.914368440730541,-115.479166666667,37.0625
0.872968328590055,-115.4375,37.0625
0.523670514026405,-114.895833333333,37.0625
0.658374903857121,-114.770833333333,37.0625
0.838654586470036,-114.729166666667,37.0625
0.758315704114421,-114.6875,37.0625
0.549510892318044,-114.645833333333,37.0625
0.581756174658506,-114.4375,37.0625
0.590767470249485,-114.395833333333,37.0625
0.546038864495774,-114.1875,37.0625
0.60216956811693,-114.145833333333,37.0625
0.553734559135012,-113.979166666667,37.0625
0.716004221890469,-113.9375,37.0625
0.734543086686901,-113.895833333333,37.0625
0.630668993911297,-113.854166666667,37.0625
0.547436505023951,-113.8125,37.0625
0.639759678531117,-113.770833333333,37.0625
0.595257099031981,-113.729166666667,37.0625
0.503276275254042,-113.4375,37.0625
0.696226001515468,-113.395833333333,37.0625
0.50560353927713,-115.979166666667,37.0208333333333
0.66378297947227,-115.9375,37.0208333333333
0.770247149122179,-115.895833333333,37.0208333333333
0.747122269379457,-115.854166666667,37.0208333333333
0.768188291923108,-115.8125,37.0208333333333
0.834765158954098,-115.770833333333,37.0208333333333
0.920149404953193,-115.729166666667,37.0208333333333
0.972687942988716,-115.6875,37.0208333333333
0.98109495405641,-115.645833333333,37.0208333333333
0.946112078738084,-115.604166666667,37.0208333333333
0.889684903600615,-115.5625,37.0208333333333
0.854564615002155,-115.520833333333,37.0208333333333
0.834099498608789,-115.479166666667,37.0208333333333
0.931755623659165,-115.4375,37.0208333333333
0.935205105373474,-115.395833333333,37.0208333333333
0.744498908917434,-114.8125,37.0208333333333
0.890138752950158,-114.770833333333,37.0208333333333
0.819777247277837,-114.729166666667,37.0208333333333
0.56319325494717,-114.6875,37.0208333333333
0.552612533830159,-114.520833333333,37.0208333333333
0.649595412153259,-114.479166666667,37.0208333333333
0.7165533010777,-114.4375,37.0208333333333
0.79045544252537,-114.395833333333,37.0208333333333
0.607685349701734,-114.354166666667,37.0208333333333
0.530272843154957,-113.9375,37.0208333333333
0.698643484836167,-113.895833333333,37.0208333333333
0.757489835260054,-113.854166666667,37.0208333333333
0.626009005600516,-113.8125,37.0208333333333
0.638656290079533,-113.770833333333,37.0208333333333
0.623100332054725,-113.729166666667,37.0208333333333
0.67669826086867,-116.1875,36.9791666666667
0.64710912188601,-116.145833333333,36.9791666666667
0.563041217156908,-115.979166666667,36.9791666666667
0.658962805966248,-115.9375,36.9791666666667
0.756606210430697,-115.895833333333,36.9791666666667
0.788717674200563,-115.854166666667,36.9791666666667
0.863509109736955,-115.8125,36.9791666666667
0.940428838806075,-115.770833333333,36.9791666666667
0.970059042517479,-115.729166666667,36.9791666666667
0.970690260257206,-115.6875,36.9791666666667
0.948776171938553,-115.645833333333,36.9791666666667
0.937159731795863,-115.604166666667,36.9791666666667
0.922282103284082,-115.5625,36.9791666666667
0.811257863077504,-115.520833333333,36.9791666666667
0.897301867083286,-114.8125,36.9791666666667
0.907898342838651,-114.770833333333,36.9791666666667
0.737639697675726,-114.729166666667,36.9791666666667
0.6085401030722,-114.5625,36.9791666666667
0.628404026845021,-114.520833333333,36.9791666666667
0.612904032751487,-114.479166666667,36.9791666666667
0.701229414717331,-114.4375,36.9791666666667
0.780436162200242,-114.395833333333,36.9791666666667
0.645547731463053,-114.354166666667,36.9791666666667
0.700368440511878,-113.854166666667,36.9791666666667
0.674752654502119,-113.8125,36.9791666666667
0.567564642638579,-113.770833333333,36.9791666666667
0.573763758420604,-113.729166666667,36.9791666666667
0.507894438538755,-113.6875,36.9791666666667
0.957954926162334,-113.1875,36.9791666666667
0.909181817435613,-113.145833333333,36.9791666666667
0.692499152879746,-116.1875,36.9375
0.660213392822043,-116.145833333333,36.9375
0.665916976885139,-116.104166666667,36.9375
0.588210250375682,-116.0625,36.9375
0.554630094377284,-116.020833333333,36.9375
0.639898028740554,-115.979166666667,36.9375
0.715821436212599,-115.9375,36.9375
0.730854147984291,-115.895833333333,36.9375
0.794099159755714,-115.854166666667,36.9375
0.848926313294495,-115.8125,36.9375
0.937388835446305,-115.770833333333,36.9375
0.980271548264317,-115.729166666667,36.9375
0.940832971013557,-115.6875,36.9375
0.840243405826509,-115.604166666667,36.9375
0.952509583240866,-115.5625,36.9375
0.852643409634506,-115.520833333333,36.9375
0.602206799098958,-114.854166666667,36.9375
0.898657067380476,-114.8125,36.9375
0.916886915299167,-114.770833333333,36.9375
0.695155428540587,-114.729166666667,36.9375
0.685313574077492,-114.5625,36.9375
0.699738238807383,-114.520833333333,36.9375
0.629736206998603,-114.479166666667,36.9375
0.694818617444047,-114.4375,36.9375
0.804821438818387,-114.395833333333,36.9375
0.691269517444856,-114.354166666667,36.9375
0.652770349986939,-114.3125,36.9375
0.60932262256326,-113.854166666667,36.9375
0.647049025189965,-113.8125,36.9375
0.591462877654473,-113.770833333333,36.9375
0.689226930253766,-113.729166666667,36.9375
0.677652018458861,-113.6875,36.9375
0.536464482938021,-113.645833333333,36.9375
0.53673810052568,-113.479166666667,36.9375
0.520460633025843,-113.4375,36.9375
0.976097034135689,-113.270833333333,36.9375
0.946980391390921,-113.229166666667,36.9375
0.910118522199147,-113.1875,36.9375
0.813565161773726,-113.145833333333,36.9375
0.721328036778318,-113.104166666667,36.9375
0.691458472286406,-113.0625,36.9375
0.707253327334519,-116.1875,36.8958333333333
0.693147583864365,-116.145833333333,36.8958333333333
0.70380002754511,-116.104166666667,36.8958333333333
0.684575592377685,-115.979166666667,36.8958333333333
0.700013076006581,-115.9375,36.8958333333333
0.703233288360457,-115.895833333333,36.8958333333333
0.778207061539322,-115.854166666667,36.8958333333333
0.847951801324146,-115.8125,36.8958333333333
0.920667308165266,-115.770833333333,36.8958333333333
0.967565811420517,-115.729166666667,36.8958333333333
0.960579768082262,-115.5625,36.8958333333333
0.891491770454254,-115.520833333333,36.8958333333333
0.720893213846967,-114.854166666667,36.8958333333333
0.905663127516608,-114.8125,36.8958333333333
0.936698644172248,-114.770833333333,36.8958333333333
0.731972300651407,-114.729166666667,36.8958333333333
0.687360349854672,-114.5625,36.8958333333333
0.779479868771121,-114.520833333333,36.8958333333333
0.745100684458502,-114.479166666667,36.8958333333333
0.754685685135179,-114.4375,36.8958333333333
0.779139852087302,-114.395833333333,36.8958333333333
0.715444276611727,-114.354166666667,36.8958333333333
0.675343223809838,-114.3125,36.8958333333333
0.950840153902317,-114.1875,36.8958333333333
0.956999192633039,-114.145833333333,36.8958333333333
0.592422297945572,-113.854166666667,36.8958333333333
0.659371191203155,-113.8125,36.8958333333333
0.612833649401987,-113.770833333333,36.8958333333333
0.585623232639626,-113.729166666667,36.8958333333333
0.651634250891977,-113.6875,36.8958333333333
0.666998524585697,-113.645833333333,36.8958333333333
0.646446245747935,-113.604166666667,36.8958333333333
0.591000590541191,-113.5625,36.8958333333333
0.681702437915331,-113.520833333333,36.8958333333333
0.635717270457631,-113.479166666667,36.8958333333333
0.543862357731864,-113.4375,36.8958333333333
0.971831311470958,-113.3125,36.8958333333333
0.911474715717787,-113.270833333333,36.8958333333333
0.854871839983688,-113.229166666667,36.8958333333333
0.788549181222879,-113.1875,36.8958333333333
0.684650369566826,-113.145833333333,36.8958333333333
0.622976127626765,-113.104166666667,36.8958333333333
0.64120260354999,-113.0625,36.8958333333333
0.664584765770626,-113.020833333333,36.8958333333333
0.673116313670105,-112.979166666667,36.8958333333333
0.671896896402412,-112.9375,36.8958333333333
0.780062749278412,-116.145833333333,36.8541666666667
0.771913410408498,-116.104166666667,36.8541666666667
0.752436749680164,-115.854166666667,36.8541666666667
0.856827416344854,-115.8125,36.8541666666667
0.921480645463062,-115.770833333333,36.8541666666667
0.953530826717973,-115.729166666667,36.8541666666667
0.960965298141838,-115.5625,36.8541666666667
0.912900239755329,-115.520833333333,36.8541666666667
0.564954079140492,-114.854166666667,36.8541666666667
0.847099453915272,-114.8125,36.8541666666667
0.886029393663466,-114.770833333333,36.8541666666667
0.683902377948914,-114.729166666667,36.8541666666667
0.552645985460675,-114.5625,36.8541666666667
0.737084336941708,-114.520833333333,36.8541666666667
0.749951040719543,-114.479166666667,36.8541666666667
0.711605005071397,-114.4375,36.8541666666667
0.658333613687487,-114.395833333333,36.8541666666667
0.560271774975696,-114.354166666667,36.8541666666667
0.513364227501651,-113.895833333333,36.8541666666667
0.50103156972576,-113.854166666667,36.8541666666667
0.977442085442528,-113.770833333333,36.8541666666667
0.929073989367269,-113.729166666667,36.8541666666667
0.991733922062293,-113.6875,36.8541666666667
0.997213275692133,-113.645833333333,36.8541666666667
0.99549188691041,-113.604166666667,36.8541666666667
0.996903077271582,-113.5625,36.8541666666667
0.996137547235151,-113.520833333333,36.8541666666667
0.996003078981316,-113.479166666667,36.8541666666667
0.970047410961307,-113.395833333333,36.8541666666667
0.937260212526887,-113.354166666667,36.8541666666667
0.889503974459542,-113.3125,36.8541666666667
0.784363171780545,-113.270833333333,36.8541666666667
0.691456131024407,-113.229166666667,36.8541666666667
0.621645696738357,-113.1875,36.8541666666667
0.563022720054258,-113.145833333333,36.8541666666667
0.550725651989613,-113.104166666667,36.8541666666667
0.61169465111234,-113.0625,36.8541666666667
0.655899223758408,-113.020833333333,36.8541666666667
0.6475131577241,-112.979166666667,36.8541666666667
0.644072798469201,-112.9375,36.8541666666667
0.608819012159203,-112.895833333333,36.8541666666667
0.582159805641339,-112.854166666667,36.8541666666667
0.835917755946862,-116.145833333333,36.8125
0.832466346662175,-116.104166666667,36.8125
0.785152156192839,-116.0625,36.8125
0.782583480543358,-115.854166666667,36.8125
0.883762187388641,-115.8125,36.8125
0.944967074209383,-115.770833333333,36.8125
0.952847360629206,-115.729166666667,36.8125
0.904750090579227,-115.6875,36.8125
0.932383324219446,-115.5625,36.8125
0.911172191325401,-115.520833333333,36.8125
0.630422708895208,-114.770833333333,36.8125
0.507293671769913,-114.729166666667,36.8125
0.552047268991719,-114.520833333333,36.8125
0.567168830985566,-114.479166666667,36.8125
0.907806790062499,-113.8125,36.8125
0.779296096976249,-113.770833333333,36.8125
0.717557153796006,-113.729166666667,36.8125
0.873130370626236,-113.6875,36.8125
0.90390084708684,-113.645833333333,36.8125
0.873153519853255,-113.604166666667,36.8125
0.898218768172938,-113.5625,36.8125
0.888937864268435,-113.520833333333,36.8125
0.905883548360745,-113.479166666667,36.8125
0.934102797554492,-113.4375,36.8125
0.889111879444113,-113.395833333333,36.8125
0.836386874870645,-113.354166666667,36.8125
0.777036246789076,-113.3125,36.8125
0.669939720002577,-113.270833333333,36.8125
0.555428281756501,-113.229166666667,36.8125
0.505755102667881,-113.104166666667,36.8125
0.595025666362702,-113.0625,36.8125
0.64649328873671,-113.020833333333,36.8125
0.633338111910663,-112.979166666667,36.8125
0.617991442843621,-112.9375,36.8125
0.588982901452397,-112.895833333333,36.8125
0.547393758833404,-112.854166666667,36.8125
0.503354113363005,-112.8125,36.8125
0.852814437839597,-116.1875,36.7708333333333
0.851743630621919,-116.145833333333,36.7708333333333
0.869531522094603,-116.104166666667,36.7708333333333
0.826871640448181,-116.0625,36.7708333333333
0.734128718576945,-116.020833333333,36.7708333333333
0.784967167307046,-115.895833333333,36.7708333333333
0.843350587088174,-115.854166666667,36.7708333333333
0.887247842970656,-115.8125,36.7708333333333
0.928810698520632,-115.770833333333,36.7708333333333
0.927419707689052,-115.729166666667,36.7708333333333
0.816548306721755,-115.6875,36.7708333333333
0.842305703310343,-115.5625,36.7708333333333
0.898129715084179,-115.520833333333,36.7708333333333
0.732004650829823,-115.479166666667,36.7708333333333
0.607456456700672,-115.4375,36.7708333333333
0.790816358652025,-113.8125,36.7708333333333
0.746273350240851,-113.770833333333,36.7708333333333
0.735814117760435,-113.729166666667,36.7708333333333
0.799346576231203,-113.6875,36.7708333333333
0.753278879573613,-113.645833333333,36.7708333333333
0.671413058942322,-113.604166666667,36.7708333333333
0.686999282248412,-113.5625,36.7708333333333
0.698938505985732,-113.520833333333,36.7708333333333
0.745468725293629,-113.479166666667,36.7708333333333
0.791294360765896,-113.4375,36.7708333333333
0.77068946548705,-113.395833333333,36.7708333333333
0.747297873650119,-113.354166666667,36.7708333333333
0.702804074084654,-113.3125,36.7708333333333
0.590361113709824,-113.270833333333,36.7708333333333
0.551251052988445,-113.0625,36.7708333333333
0.615805372521507,-113.020833333333,36.7708333333333
0.620438066035979,-112.979166666667,36.7708333333333
0.605547536028242,-112.9375,36.7708333333333
0.58546563217914,-112.895833333333,36.7708333333333
0.554386693294249,-112.854166666667,36.7708333333333
0.507336282675742,-112.8125,36.7708333333333
0.506547443296375,-112.770833333333,36.7708333333333
0.538063622181486,-112.729166666667,36.7708333333333
0.830305374882773,-116.1875,36.7291666666667
0.835245186550413,-116.145833333333,36.7291666666667
0.865179509356999,-116.104166666667,36.7291666666667
0.846803753189456,-116.0625,36.7291666666667
0.829123402796663,-116.020833333333,36.7291666666667
0.817958576278084,-115.979166666667,36.7291666666667
0.829653326584217,-115.9375,36.7291666666667
0.829788230982044,-115.895833333333,36.7291666666667
0.825349877922915,-115.854166666667,36.7291666666667
0.848018496016196,-115.8125,36.7291666666667
0.874956792832222,-115.770833333333,36.7291666666667
0.803098404720083,-115.729166666667,36.7291666666667
0.624309286556055,-115.6875,36.7291666666667
0.563506478067409,-115.604166666667,36.7291666666667
0.797686167011257,-115.5625,36.7291666666667
0.798146353206233,-115.520833333333,36.7291666666667
0.688633315875025,-115.479166666667,36.7291666666667
0.713977120608804,-115.4375,36.7291666666667
0.849786571564708,-115.395833333333,36.7291666666667
0.894524615375254,-115.354166666667,36.7291666666667
0.944260493174613,-113.854166666667,36.7291666666667
0.914451728949693,-113.8125,36.7291666666667
0.905551698192113,-113.770833333333,36.7291666666667
0.881890978173203,-113.729166666667,36.7291666666667
0.846117694421458,-113.6875,36.7291666666667
0.759592561243726,-113.645833333333,36.7291666666667
0.655412683943231,-113.604166666667,36.7291666666667
0.61839312112577,-113.5625,36.7291666666667
0.594015429601243,-113.520833333333,36.7291666666667
0.616228508374639,-113.479166666667,36.7291666666667
0.659242800462347,-113.4375,36.7291666666667
0.662096890215191,-113.395833333333,36.7291666666667
0.655401117078065,-113.354166666667,36.7291666666667
0.616409707775679,-113.3125,36.7291666666667
0.521017163147464,-113.270833333333,36.7291666666667
0.516392565891535,-113.020833333333,36.7291666666667
0.546068447791023,-112.979166666667,36.7291666666667
0.548931173379054,-112.9375,36.7291666666667
0.526022716426695,-112.895833333333,36.7291666666667
0.503325045759004,-112.854166666667,36.7291666666667
0.514426145998493,-112.8125,36.7291666666667
0.551336301681257,-112.770833333333,36.7291666666667
0.599715787221744,-112.729166666667,36.7291666666667
0.638521720887503,-112.6875,36.7291666666667
0.650727927938464,-112.645833333333,36.7291666666667
0.834679456698369,-116.145833333333,36.6875
0.86029422533687,-116.104166666667,36.6875
0.886596505800845,-116.0625,36.6875
0.909304900232829,-116.020833333333,36.6875
0.874533158925731,-115.979166666667,36.6875
0.807945480983698,-115.9375,36.6875
0.773937418541586,-115.895833333333,36.6875
0.786048417863166,-115.854166666667,36.6875
0.825222793550937,-115.8125,36.6875
0.792991602116711,-115.770833333333,36.6875
0.618444492247844,-115.729166666667,36.6875
0.571471992471651,-115.604166666667,36.6875
0.738953190399586,-115.5625,36.6875
0.644728062733144,-115.520833333333,36.6875
0.594289974616393,-115.479166666667,36.6875
0.742220867611309,-115.4375,36.6875
0.82739553245419,-115.395833333333,36.6875
0.807385506426956,-115.354166666667,36.6875
0.73710599579964,-115.3125,36.6875
0.543442072342355,-114.854166666667,36.6875
0.980076915337647,-114.0625,36.6875
0.987819145858831,-114.020833333333,36.6875
0.525211281572841,-113.9375,36.6875
0.510627593844728,-113.895833333333,36.6875
0.992464476910666,-113.854166666667,36.6875
0.985887534100627,-113.8125,36.6875
0.986673624004626,-113.770833333333,36.6875
0.975975326323779,-113.729166666667,36.6875
0.928664989909653,-113.6875,36.6875
0.838450297701898,-113.645833333333,36.6875
0.73886525129192,-113.604166666667,36.6875
0.646999335671803,-113.5625,36.6875
0.547709364276421,-113.520833333333,36.6875
0.510677626562831,-113.479166666667,36.6875
0.54138067611111,-113.4375,36.6875
0.558642876729718,-113.395833333333,36.6875
0.544683316802942,-113.354166666667,36.6875
0.518657062552184,-113.3125,36.6875
0.548227556279571,-112.8125,36.6875
0.611671611663904,-112.770833333333,36.6875
0.663941226828531,-112.729166666667,36.6875
0.705963864798478,-112.6875,36.6875
0.69114434984843,-112.645833333333,36.6875
0.665103427011415,-112.604166666667,36.6875
0.870855414976114,-116.1875,36.6458333333333
0.854484492571795,-116.145833333333,36.6458333333333
0.864913890214908,-116.104166666667,36.6458333333333
0.857173645832953,-116.0625,36.6458333333333
0.872230545232505,-116.020833333333,36.6458333333333
0.866311479166856,-115.979166666667,36.6458333333333
0.781660294426668,-115.9375,36.6458333333333
0.734047341731815,-115.895833333333,36.6458333333333
0.767994317857912,-115.854166666667,36.6458333333333
0.81123584982042,-115.8125,36.6458333333333
0.733787970912309,-115.770833333333,36.6458333333333
0.502350145660239,-115.729166666667,36.6458333333333
0.551857921507887,-115.604166666667,36.6458333333333
0.687051109264845,-115.5625,36.6458333333333
0.576592829441434,-115.520833333333,36.6458333333333
0.650683677089655,-115.4375,36.6458333333333
0.751076632143974,-115.395833333333,36.6458333333333
0.719558606782219,-115.354166666667,36.6458333333333
0.637454683442363,-115.3125,36.6458333333333
0.531601695339015,-114.854166666667,36.6458333333333
0.865104629678341,-114.104166666667,36.6458333333333
0.878277674638214,-114.0625,36.6458333333333
0.968511926042209,-114.020833333333,36.6458333333333
0.997210675404139,-113.979166666667,36.6458333333333
0.999822559490615,-113.9375,36.6458333333333
0.999602505611583,-113.895833333333,36.6458333333333
0.997938477440505,-113.854166666667,36.6458333333333
0.997389126690462,-113.8125,36.6458333333333
0.997460534350253,-113.770833333333,36.6458333333333
0.995472143696098,-113.729166666667,36.6458333333333
0.97406040309489,-113.6875,36.6458333333333
0.892103190852031,-113.645833333333,36.6458333333333
0.767420191156037,-113.604166666667,36.6458333333333
0.632988926878589,-113.5625,36.6458333333333
0.504406881013634,-113.520833333333,36.6458333333333
0.507295653699497,-112.854166666667,36.6458333333333
0.607509173039143,-112.8125,36.6458333333333
0.664711872593594,-112.770833333333,36.6458333333333
0.706973748392894,-112.729166666667,36.6458333333333
0.751963600219339,-112.6875,36.6458333333333
0.735016795028783,-112.645833333333,36.6458333333333
0.669643801150987,-112.604166666667,36.6458333333333
0.609183778973092,-112.5625,36.6458333333333
0.524722449459015,-112.520833333333,36.6458333333333
0.832127677712008,-116.145833333333,36.6041666666667
0.859117508930265,-116.104166666667,36.6041666666667
0.834448477719996,-116.0625,36.6041666666667
0.831600800907425,-116.020833333333,36.6041666666667
0.856433944250379,-115.979166666667,36.6041666666667
0.804672691545927,-115.9375,36.6041666666667
0.752026704649622,-115.895833333333,36.6041666666667
0.738223526365164,-115.854166666667,36.6041666666667
0.752643866176013,-115.8125,36.6041666666667
0.650067565560694,-115.770833333333,36.6041666666667
0.528011575247382,-115.5625,36.6041666666667
0.509088647453842,-115.520833333333,36.6041666666667
0.749946894232441,-115.395833333333,36.6041666666667
0.666156958655015,-115.354166666667,36.6041666666667
0.510435091224501,-115.3125,36.6041666666667
0.963819819404233,-114.145833333333,36.6041666666667
0.834682444974293,-114.104166666667,36.6041666666667
0.880315408467533,-114.0625,36.6041666666667
0.989705226474893,-114.020833333333,36.6041666666667
0.999216552504232,-113.979166666667,36.6041666666667
0.999971555348012,-113.9375,36.6041666666667
0.999950355650714,-113.895833333333,36.6041666666667
0.999868961865958,-113.854166666667,36.6041666666667
0.999861392787737,-113.8125,36.6041666666667
0.999839367901867,-113.770833333333,36.6041666666667
0.997990675119092,-113.729166666667,36.6041666666667
0.987865340941409,-113.6875,36.6041666666667
0.913245023216148,-113.645833333333,36.6041666666667
0.758982225806495,-113.604166666667,36.6041666666667
0.575373877185708,-113.5625,36.6041666666667
0.547532308888125,-112.854166666667,36.6041666666667
0.639708234530363,-112.8125,36.6041666666667
0.713541398868048,-112.770833333333,36.6041666666667
0.77750032594482,-112.729166666667,36.6041666666667
0.8013609447311,-112.6875,36.6041666666667
0.771037715260984,-112.645833333333,36.6041666666667
0.660854472748766,-112.604166666667,36.6041666666667
0.563340325958601,-112.5625,36.6041666666667
0.503848234538848,-112.520833333333,36.6041666666667
0.525720811125888,-112.479166666667,36.6041666666667
0.689423887790732,-112.4375,36.6041666666667
0.843483956191006,-116.0625,36.5625
0.853090105346961,-116.020833333333,36.5625
0.839964926615407,-115.979166666667,36.5625
0.80251221377146,-115.9375,36.5625
0.744270612922762,-115.895833333333,36.5625
0.689781467786063,-115.854166666667,36.5625
0.63595373059357,-115.8125,36.5625
0.586951515465359,-115.770833333333,36.5625
0.555414545529493,-115.729166666667,36.5625
0.581633308526739,-115.6875,36.5625
0.534951846162904,-115.645833333333,36.5625
0.516395666869716,-115.479166666667,36.5625
0.676296761724788,-115.354166666667,36.5625
0.571039503809443,-114.604166666667,36.5625
0.530190171732652,-114.5625,36.5625
0.99555613090607,-114.145833333333,36.5625
0.977502407253875,-114.104166666667,36.5625
0.969523855600113,-114.0625,36.5625
0.998115133352234,-114.020833333333,36.5625
0.999670308334383,-113.979166666667,36.5625
0.999980553569689,-113.9375,36.5625
0.999998237777239,-113.895833333333,36.5625
0.99999954248334,-113.854166666667,36.5625
0.999999362167108,-113.8125,36.5625
0.999995329643015,-113.770833333333,36.5625
0.999436346252771,-113.729166666667,36.5625
0.989936166343896,-113.6875,36.5625
0.909189936543436,-113.645833333333,36.5625
0.733130159563116,-113.604166666667,36.5625
0.528370395328384,-113.5625,36.5625
0.542932724240363,-112.854166666667,36.5625
0.612646801205992,-112.8125,36.5625
0.661358995515296,-112.770833333333,36.5625
0.720705699552135,-112.729166666667,36.5625
0.76608802290281,-112.6875,36.5625
0.757671095984311,-112.645833333333,36.5625
0.662746371619617,-112.604166666667,36.5625
0.56279376773874,-112.5625,36.5625
0.524990872766956,-112.479166666667,36.5625
0.749450034977606,-112.4375,36.5625
0.843992124712431,-116.0625,36.5208333333333
0.848190486838315,-116.020833333333,36.5208333333333
0.82790166458973,-115.979166666667,36.5208333333333
0.791000008194732,-115.9375,36.5208333333333
0.751200391210899,-115.895833333333,36.5208333333333
0.739575475046717,-115.854166666667,36.5208333333333
0.72340394168249,-115.8125,36.5208333333333
0.718041535336891,-115.770833333333,36.5208333333333
0.741498680720953,-115.729166666667,36.5208333333333
0.800109139946272,-115.6875,36.5208333333333
0.738440514328484,-115.645833333333,36.5208333333333
0.651939277107936,-115.604166666667,36.5208333333333
0.565461350355996,-115.5625,36.5208333333333
0.519541711493036,-115.520833333333,36.5208333333333
0.521920415895439,-115.479166666667,36.5208333333333
0.61316429419778,-114.604166666667,36.5208333333333
0.553925648451382,-114.5625,36.5208333333333
0.998376013206282,-114.145833333333,36.5208333333333
0.997931469985274,-114.104166666667,36.5208333333333
0.994221639114591,-114.0625,36.5208333333333
0.998386411200093,-114.020833333333,36.5208333333333
0.999515007642228,-113.979166666667,36.5208333333333
0.999954272708549,-113.9375,36.5208333333333
0.999998536540151,-113.895833333333,36.5208333333333
0.999999925755508,-113.854166666667,36.5208333333333
0.999999880349936,-113.8125,36.5208333333333
0.999995379068679,-113.770833333333,36.5208333333333
0.999480370231236,-113.729166666667,36.5208333333333
0.989807572195253,-113.6875,36.5208333333333
0.899840639398803,-113.645833333333,36.5208333333333
0.675030696683104,-113.604166666667,36.5208333333333
0.527199511728901,-112.854166666667,36.5208333333333
0.560184883057278,-112.8125,36.5208333333333
0.625089316580639,-112.770833333333,36.5208333333333
0.669051424821505,-112.729166666667,36.5208333333333
0.704806802075053,-112.6875,36.5208333333333
0.784786776045609,-112.645833333333,36.5208333333333
0.728156453744863,-112.604166666667,36.5208333333333
0.64911816733313,-112.5625,36.5208333333333
0.515527779515028,-112.3125,36.5208333333333
0.846325667448425,-116.0625,36.4791666666667
0.861917291220183,-116.020833333333,36.4791666666667
0.862052165580615,-115.979166666667,36.4791666666667
0.795248528194426,-115.9375,36.4791666666667
0.758171155576788,-115.895833333333,36.4791666666667
0.747042151380678,-115.854166666667,36.4791666666667
0.75503345946846,-115.8125,36.4791666666667
0.751573903222604,-115.770833333333,36.4791666666667
0.743869241798859,-115.729166666667,36.4791666666667
0.732238459210099,-115.6875,36.4791666666667
0.704557318298319,-115.645833333333,36.4791666666667
0.689186329537142,-115.604166666667,36.4791666666667
0.675452833760786,-115.5625,36.4791666666667
0.66515311096972,-115.520833333333,36.4791666666667
0.65026684332926,-115.479166666667,36.4791666666667
0.957016728392985,-114.979166666667,36.4791666666667
0.94790365861037,-114.9375,36.4791666666667
0.617010284109528,-114.604166666667,36.4791666666667
0.590233464064202,-114.5625,36.4791666666667
0.532326354190993,-114.520833333333,36.4791666666667
0.998163766061212,-114.104166666667,36.4791666666667
0.998658357111175,-114.0625,36.4791666666667
0.999224845456601,-114.020833333333,36.4791666666667
0.999710383202263,-113.979166666667,36.4791666666667
0.999967854910129,-113.9375,36.4791666666667
0.999997543505837,-113.895833333333,36.4791666666667
0.999999765559023,-113.854166666667,36.4791666666667
0.999999531479711,-113.8125,36.4791666666667
0.999924404150799,-113.770833333333,36.4791666666667
0.991823047372841,-113.729166666667,36.4791666666667
0.952419716312268,-113.6875,36.4791666666667
0.854835283121619,-113.645833333333,36.4791666666667
0.610572079281993,-113.604166666667,36.4791666666667
0.526520436788719,-112.854166666667,36.4791666666667
0.542958842176905,-112.8125,36.4791666666667
0.616720563446811,-112.770833333333,36.4791666666667
0.629380131301746,-112.729166666667,36.4791666666667
0.66109442393318,-112.6875,36.4791666666667
0.824865390049284,-112.645833333333,36.4791666666667
0.830354490603443,-112.604166666667,36.4791666666667
0.732214598690681,-112.5625,36.4791666666667
0.517683063877,-112.520833333333,36.4791666666667
0.623266392218836,-112.270833333333,36.4791666666667
0.503651833933641,-116.729166666667,36.4375
0.879978557525493,-116.020833333333,36.4375
0.847330001763089,-115.979166666667,36.4375
0.75374143070577,-115.9375,36.4375
0.695745989405885,-115.895833333333,36.4375
0.725563315407539,-115.854166666667,36.4375
0.726123052367783,-115.8125,36.4375
0.745442506842347,-115.770833333333,36.4375
0.76819453820683,-115.729166666667,36.4375
0.731437795188219,-115.6875,36.4375
0.677829024782331,-115.645833333333,36.4375
0.654020134636794,-115.604166666667,36.4375
0.640860370396604,-115.5625,36.4375
0.687999218104206,-115.520833333333,36.4375
0.748443874682799,-115.479166666667,36.4375
0.92666984549064,-115.020833333333,36.4375
0.959546591150104,-114.979166666667,36.4375
0.938645414207614,-114.9375,36.4375
0.572145045931869,-114.604166666667,36.4375
0.600371175916762,-114.5625,36.4375
0.587071011081368,-114.520833333333,36.4375
0.547623476317664,-114.479166666667,36.4375
0.997930350308972,-114.104166666667,36.4375
0.998843812223441,-114.0625,36.4375
0.999691610385238,-114.020833333333,36.4375
0.999929487094029,-113.979166666667,36.4375
0.999991544361335,-113.9375,36.4375
0.999998823265285,-113.895833333333,36.4375
0.999999624464243,-113.854166666667,36.4375
0.999998870570558,-113.8125,36.4375
0.999752545685474,-113.770833333333,36.4375
0.969290450530229,-113.729166666667,36.4375
0.843073024397235,-113.6875,36.4375
0.729231197222951,-113.645833333333,36.4375
0.552571649812911,-113.604166666667,36.4375
0.506740447080486,-112.895833333333,36.4375
0.562843349785147,-112.854166666667,36.4375
0.621086691784053,-112.8125,36.4375
0.687292513434999,-112.770833333333,36.4375
0.617611498547174,-112.729166666667,36.4375
0.601524284023777,-112.6875,36.4375
0.822671600767275,-112.645833333333,36.4375
0.882903854322701,-112.604166666667,36.4375
0.818265477133298,-112.5625,36.4375
0.717033050061221,-112.520833333333,36.4375
0.577473886305171,-112.479166666667,36.4375
0.663778643158435,-112.4375,36.4375
0.63185141216796,-112.270833333333,36.4375
0.776922080377713,-112.229166666667,36.4375
0.912918286053421,-112.1875,36.4375
0.649025900043298,-116.770833333333,36.3958333333333
0.55573649051416,-116.729166666667,36.3958333333333
0.87364205481755,-115.979166666667,36.3958333333333
0.808041482858606,-115.9375,36.3958333333333
0.630105701324681,-115.895833333333,36.3958333333333
0.60971589125291,-115.854166666667,36.3958333333333
0.586443154036951,-115.8125,36.3958333333333
0.588127248563373,-115.770833333333,36.3958333333333
0.669334654862956,-115.729166666667,36.3958333333333
0.737881480924239,-115.645833333333,36.3958333333333
0.712717886797628,-115.604166666667,36.3958333333333
0.670107639318663,-115.5625,36.3958333333333
0.686658873590445,-115.520833333333,36.3958333333333
0.753226891880882,-115.479166666667,36.3958333333333
0.752729661682091,-115.4375,36.3958333333333
0.960882281012173,-114.979166666667,36.3958333333333
0.940435239872289,-114.9375,36.3958333333333
0.509765824669693,-114.645833333333,36.3958333333333
0.549218243372413,-114.604166666667,36.3958333333333
0.592799602178789,-114.5625,36.3958333333333
0.596749583543104,-114.520833333333,36.3958333333333
0.590583288545701,-114.479166666667,36.3958333333333
0.507911225467495,-114.4375,36.3958333333333
0.510483595904157,-114.229166666667,36.3958333333333
0.99841511653257,-114.145833333333,36.3958333333333
0.999178126402255,-114.104166666667,36.3958333333333
0.534375933823589,-114.0625,36.3958333333333
0.582147851280137,-114.020833333333,36.3958333333333
0.999946652938394,-113.979166666667,36.3958333333333
0.999986241420716,-113.9375,36.3958333333333
0.999997735925248,-113.895833333333,36.3958333333333
0.999998938011145,-113.854166666667,36.3958333333333
0.999992130315329,-113.8125,36.3958333333333
0.999117813410829,-113.770833333333,36.3958333333333
0.967312453736978,-113.729166666667,36.3958333333333
0.782035774964952,-113.6875,36.3958333333333
0.625133598078699,-113.645833333333,36.3958333333333
0.519918123741079,-113.604166666667,36.3958333333333
0.521822671578606,-112.9375,36.3958333333333
0.615101164237455,-112.895833333333,36.3958333333333
0.608521889459476,-112.854166666667,36.3958333333333
0.673786566640879,-112.8125,36.3958333333333
0.752701652304973,-112.770833333333,36.3958333333333
0.687533698244977,-112.729166666667,36.3958333333333
0.655982761099795,-112.6875,36.3958333333333
0.795231786338124,-112.645833333333,36.3958333333333
0.841090645609132,-112.604166666667,36.3958333333333
0.79707107999266,-112.5625,36.3958333333333
0.813770207243329,-112.520833333333,36.3958333333333
0.809663617222576,-112.479166666667,36.3958333333333
0.697755227389561,-112.4375,36.3958333333333
0.547870632554207,-112.270833333333,36.3958333333333
0.723125056979483,-112.229166666667,36.3958333333333
0.886481011514075,-112.1875,36.3958333333333
0.958694474427666,-112.145833333333,36.3958333333333
0.751185058776223,-116.8125,36.3541666666667
0.568039123884819,-116.770833333333,36.3541666666667
0.727258102794163,-115.895833333333,36.3541666666667
0.571349659563925,-115.854166666667,36.3541666666667
0.568439270049611,-115.8125,36.3541666666667
0.811401067976194,-115.604166666667,36.3541666666667
0.828069400664241,-115.5625,36.3541666666667
0.786705556434937,-115.520833333333,36.3541666666667
0.798238547427548,-115.479166666667,36.3541666666667
0.831531519946674,-115.4375,36.3541666666667
0.843049096535995,-115.395833333333,36.3541666666667
0.815105491687247,-115.354166666667,36.3541666666667
0.967463495122016,-114.979166666667,36.3541666666667
0.963515706686222,-114.9375,36.3541666666667
0.517428917774457,-114.645833333333,36.3541666666667
0.57839407892714,-114.604166666667,36.3541666666667
0.623862879384158,-114.5625,36.3541666666667
0.633894616976358,-114.520833333333,36.3541666666667
0.60304303966601,-114.479166666667,36.3541666666667
0.554520762541094,-114.4375,36.3541666666667
0.504332317609942,-114.395833333333,36.3541666666667
0.519208525849735,-114.3125,36.3541666666667
0.536469028144292,-114.270833333333,36.3541666666667
0.997917757350671,-114.229166666667,36.3541666666667
0.993836219375723,-114.1875,36.3541666666667
0.997303322824136,-114.145833333333,36.3541666666667
0.999724845233579,-114.104166666667,36.3541666666667
0.999941362259248,-114.0625,36.3541666666667
0.999917636172814,-114.020833333333,36.3541666666667
0.999931350529894,-113.979166666667,36.3541666666667
0.999977376889926,-113.9375,36.3541666666667
0.999992858774462,-113.895833333333,36.3541666666667
0.999992276879385,-113.854166666667,36.3541666666667
0.999866934729068,-113.8125,36.3541666666667
0.997018164132878,-113.770833333333,36.3541666666667
0.972401270967094,-113.729166666667,36.3541666666667
0.799229610650866,-113.6875,36.3541666666667
0.599692031473069,-113.645833333333,36.3541666666667
0.538963351099968,-113.0625,36.3541666666667
0.55093365408542,-113.020833333333,36.3541666666667
0.525467873978462,-112.979166666667,36.3541666666667
0.570176603743237,-112.9375,36.3541666666667
0.72136058068681,-112.895833333333,36.3541666666667
0.64118298606677,-112.854166666667,36.3541666666667
0.618331749251024,-112.8125,36.3541666666667
0.73926175881816,-112.770833333333,36.3541666666667
0.77513366823782,-112.729166666667,36.3541666666667
0.790630753080799,-112.6875,36.3541666666667
0.808688851185062,-112.645833333333,36.3541666666667
0.711597001238715,-112.604166666667,36.3541666666667
0.613273880715535,-112.5625,36.3541666666667
0.659033282736228,-112.520833333333,36.3541666666667
0.850594064794759,-112.479166666667,36.3541666666667
0.843759604267122,-112.4375,36.3541666666667
0.610501994402925,-112.229166666667,36.3541666666667
0.801655322501499,-112.1875,36.3541666666667
0.907499919954393,-112.145833333333,36.3541666666667
0.948653085698749,-112.104166666667,36.3541666666667
0.935040916466432,-112.0625,36.3541666666667
0.823431613062519,-116.854166666667,36.3125
0.776181441655814,-116.8125,36.3125
0.595910347418269,-116.770833333333,36.3125
0.676359706756271,-115.854166666667,36.3125
0.624216049567286,-115.8125,36.3125
0.873389701782589,-115.5625,36.3125
0.863321441155475,-115.520833333333,36.3125
0.840674723151792,-115.479166666667,36.3125
0.873602350980656,-115.4375,36.3125
0.905114701159239,-115.395833333333,36.3125
0.904823267176686,-115.354166666667,36.3125
0.862756680887917,-115.3125,36.3125
0.84498489987136,-115.270833333333,36.3125
0.527247727470607,-114.8125,36.3125
0.513264740840328,-114.770833333333,36.3125
0.531622697030705,-114.645833333333,36.3125
0.591082183346939,-114.604166666667,36.3125
0.627392073692566,-114.5625,36.3125
0.630003659170467,-114.520833333333,36.3125
0.614211400202701,-114.479166666667,36.3125
0.530434098651661,-114.4375,36.3125
0.540037195059534,-114.354166666667,36.3125
0.572651381469087,-114.3125,36.3125
0.999081743184539,-114.270833333333,36.3125
0.993650480889135,-114.229166666667,36.3125
0.979274149143431,-114.1875,36.3125
0.989615008532521,-114.145833333333,36.3125
0.999041357407192,-114.104166666667,36.3125
0.999967369007381,-114.0625,36.3125
0.999957264410854,-114.020833333333,36.3125
0.999972760080432,-113.979166666667,36.3125
0.999996519282636,-113.9375,36.3125
0.99999419145234,-113.895833333333,36.3125
0.999953950515098,-113.854166666667,36.3125
0.998767476271683,-113.8125,36.3125
0.991957535639008,-113.770833333333,36.3125
0.967657914743298,-113.729166666667,36.3125
0.828642320401957,-113.6875,36.3125
0.645362346890971,-113.645833333333,36.3125
0.595487150513683,-113.104166666667,36.3125
0.686656293517901,-113.0625,36.3125
0.624865595560912,-113.020833333333,36.3125
0.595298516789255,-112.979166666667,36.3125
0.693905101656911,-112.9375,36.3125
0.815290063539578,-112.895833333333,36.3125
0.75951635723256,-112.854166666667,36.3125
0.678436742931614,-112.8125,36.3125
0.732914877735092,-112.770833333333,36.3125
0.793529129888934,-112.729166666667,36.3125
0.764365634447909,-112.6875,36.3125
0.700526993703152,-112.645833333333,36.3125
0.541840545848093,-112.604166666667,36.3125
0.586655516106535,-112.520833333333,36.3125
0.72499932749248,-112.479166666667,36.3125
0.772729596395534,-112.4375,36.3125
0.757903192878631,-112.395833333333,36.3125
0.698541878897074,-112.1875,36.3125
0.816259127445812,-112.145833333333,36.3125
0.894584397134362,-112.104166666667,36.3125
0.923276533122752,-112.0625,36.3125
0.813281136500993,-112.020833333333,36.3125
0.747499995628358,-116.895833333333,36.2708333333333
0.833360087972805,-116.854166666667,36.2708333333333
0.808415547008617,-116.8125,36.2708333333333
0.673897047644779,-116.770833333333,36.2708333333333
0.810777923680291,-115.854166666667,36.2708333333333
0.744586346439872,-115.8125,36.2708333333333
0.630557863679597,-115.770833333333,36.2708333333333
0.648982257300557,-115.604166666667,36.2708333333333
0.825661144229563,-115.5625,36.2708333333333
0.851590441768513,-115.520833333333,36.2708333333333
0.85998093384617,-115.479166666667,36.2708333333333
0.888746952900603,-115.4375,36.2708333333333
0.916353188319831,-115.395833333333,36.2708333333333
0.919988636337185,-115.354166666667,36.2708333333333
0.878649179804646,-115.3125,36.2708333333333
0.843700336904644,-115.270833333333,36.2708333333333
0.855175271064441,-115.229166666667,36.2708333333333
0.999840592401171,-114.770833333333,36.2708333333333
0.999291202245156,-114.729166666667,36.2708333333333
0.583912881541088,-114.645833333333,36.2708333333333
0.59575603727281,-114.604166666667,36.2708333333333
0.605067546051455,-114.5625,36.2708333333333
0.654151901572028,-114.520833333333,36.2708333333333
0.693516336707124,-114.479166666667,36.2708333333333
0.623221369578957,-114.4375,36.2708333333333
0.578129233459635,-114.395833333333,36.2708333333333
0.567137494642141,-114.354166666667,36.2708333333333
0.999857544141184,-114.3125,36.2708333333333
0.99804542093311,-114.270833333333,36.2708333333333
0.985666019821698,-114.229166666667,36.2708333333333
0.965504666544689,-114.1875,36.2708333333333
0.969924891387412,-114.145833333333,36.2708333333333
0.996387196200609,-114.104166666667,36.2708333333333
0.999951162722898,-114.0625,36.2708333333333
0.999981662737808,-114.020833333333,36.2708333333333
0.999994711720496,-113.979166666667,36.2708333333333
0.999999192254672,-113.9375,36.2708333333333
0.999993651972833,-113.895833333333,36.2708333333333
0.999764071207875,-113.854166666667,36.2708333333333
0.995211935765904,-113.8125,36.2708333333333
0.982682021899008,-113.770833333333,36.2708333333333
0.94813838118077,-113.729166666667,36.2708333333333
0.8260079174686,-113.6875,36.2708333333333
0.692718217489842,-113.645833333333,36.2708333333333
0.514612766048481,-113.604166666667,36.2708333333333
0.566968987461843,-113.354166666667,36.2708333333333
0.6259248197379,-113.3125,36.2708333333333
0.67306413386859,-113.270833333333,36.2708333333333
0.657031055496128,-113.229166666667,36.2708333333333
0.73775521892842,-113.104166666667,36.2708333333333
0.816536470613758,-113.0625,36.2708333333333
0.829181284481543,-113.020833333333,36.2708333333333
0.814367816596195,-112.979166666667,36.2708333333333
0.872985202141672,-112.9375,36.2708333333333
0.893149424295885,-112.895833333333,36.2708333333333
0.803661615117868,-112.854166666667,36.2708333333333
0.675565552734391,-112.8125,36.2708333333333
0.688782531013011,-112.770833333333,36.2708333333333
0.722412810699074,-112.729166666667,36.2708333333333
0.670520817881994,-112.6875,36.2708333333333
0.642975580419756,-112.520833333333,36.2708333333333
0.707707210377115,-112.479166666667,36.2708333333333
0.695299053186148,-112.4375,36.2708333333333
0.773696411783313,-112.395833333333,36.2708333333333
0.881502452883161,-112.354166666667,36.2708333333333
0.579159676054465,-112.1875,36.2708333333333
0.703152854533754,-112.145833333333,36.2708333333333
0.784739050806376,-112.104166666667,36.2708333333333
0.828569207800997,-112.0625,36.2708333333333
0.772336461586339,-112.020833333333,36.2708333333333
0.725477687305739,-116.895833333333,36.2291666666667
0.831484048026628,-116.854166666667,36.2291666666667
0.832089288372063,-116.8125,36.2291666666667
0.70178021530723,-116.770833333333,36.2291666666667
0.895657633832113,-115.854166666667,36.2291666666667
0.861429665373211,-115.8125,36.2291666666667
0.794280260420423,-115.770833333333,36.2291666666667
0.632871734498795,-115.729166666667,36.2291666666667
0.528397369399008,-115.6875,36.2291666666667
0.68074310078491,-115.645833333333,36.2291666666667
0.62910813258815,-115.604166666667,36.2291666666667
0.756808250301717,-115.5625,36.2291666666667
0.851740006647674,-115.520833333333,36.2291666666667
0.884682990524386,-115.479166666667,36.2291666666667
0.917766176699597,-115.4375,36.2291666666667
0.933961847864573,-115.395833333333,36.2291666666667
0.934808347584013,-115.354166666667,36.2291666666667
0.894740452673283,-115.3125,36.2291666666667
0.851041096184651,-115.270833333333,36.2291666666667
0.99060053029909,-114.8125,36.2291666666667
0.997615360110175,-114.770833333333,36.2291666666667
0.997977071744272,-114.729166666667,36.2291666666667
0.999962749327169,-114.6875,36.2291666666667
0.682596983281193,-114.645833333333,36.2291666666667
0.681514384861409,-114.604166666667,36.2291666666667
0.675281581188194,-114.5625,36.2291666666667
0.738157240231216,-114.520833333333,36.2291666666667
0.735416453641914,-114.479166666667,36.2291666666667
0.655916652231234,-114.4375,36.2291666666667
0.551771477178298,-114.395833333333,36.2291666666667
0.579473934914272,-114.354166666667,36.2291666666667
0.999822986049946,-114.3125,36.2291666666667
0.996710114751585,-114.270833333333,36.2291666666667
0.978903596614917,-114.229166666667,36.2291666666667
0.96311544592755,-114.1875,36.2291666666667
0.983484668029024,-114.145833333333,36.2291666666667
0.999005347502902,-114.104166666667,36.2291666666667
0.999985982037282,-114.0625,36.2291666666667
0.615944597510395,-114.020833333333,36.2291666666667
0.666364377144651,-113.979166666667,36.2291666666667
0.999999866791379,-113.9375,36.2291666666667
0.999996036571497,-113.895833333333,36.2291666666667
0.999507441456064,-113.854166666667,36.2291666666667
0.989309320360735,-113.8125,36.2291666666667
0.966539403330113,-113.770833333333,36.2291666666667
0.91794654056817,-113.729166666667,36.2291666666667
0.79296612475153,-113.6875,36.2291666666667
0.679874392464598,-113.645833333333,36.2291666666667
0.503176666382824,-113.4375,36.2291666666667
0.646576976904528,-113.395833333333,36.2291666666667
0.702831024136905,-113.354166666667,36.2291666666667
0.747574907285315,-113.3125,36.2291666666667
0.770982915001836,-113.270833333333,36.2291666666667
0.822159961631992,-113.229166666667,36.2291666666667
0.634098884476167,-113.1875,36.2291666666667
0.631320980665693,-113.145833333333,36.2291666666667
0.853040017894039,-113.104166666667,36.2291666666667
0.890522672780786,-113.0625,36.2291666666667
0.94159580050432,-113.020833333333,36.2291666666667
0.934564786794016,-112.979166666667,36.2291666666667
0.907364007895999,-112.9375,36.2291666666667
0.873389437515433,-112.895833333333,36.2291666666667
0.680916319228389,-112.854166666667,36.2291666666667
0.536484794758491,-112.770833333333,36.2291666666667
0.6441315744116,-112.729166666667,36.2291666666667
0.651251724977272,-112.6875,36.2291666666667
0.53548818496625,-112.520833333333,36.2291666666667
0.636985253608216,-112.479166666667,36.2291666666667
0.736225016178767,-112.4375,36.2291666666667
0.790761340034931,-112.395833333333,36.2291666666667
0.916721576936837,-112.354166666667,36.2291666666667
0.965728630642978,-112.3125,36.2291666666667
0.657775833023902,-112.104166666667,36.2291666666667
0.642359631127711,-112.0625,36.2291666666667
0.508349593697342,-112.020833333333,36.2291666666667
0.504854607689804,-111.895833333333,36.2291666666667
0.703651096070407,-116.895833333333,36.1875
0.821779807232781,-116.854166666667,36.1875
0.836707593614612,-116.8125,36.1875
0.732467151229626,-116.770833333333,36.1875
0.827378683156687,-115.729166666667,36.1875
0.749571784739582,-115.6875,36.1875
0.622336607288015,-115.645833333333,36.1875
0.557240912842059,-115.604166666667,36.1875
0.537028832502519,-115.5625,36.1875
0.820094657641403,-115.520833333333,36.1875
0.949511959810766,-115.395833333333,36.1875
0.948251832434534,-115.354166666667,36.1875
0.923616814908477,-115.3125,36.1875
0.882902374687448,-115.270833333333,36.1875
0.859123992051084,-115.229166666667,36.1875
0.98893332949792,-114.8125,36.1875
0.995442132267527,-114.770833333333,36.1875
0.99631383520155,-114.729166666667,36.1875
0.997819240639818,-114.6875,36.1875
0.693291450835541,-114.645833333333,36.1875
0.695231886466408,-114.604166666667,36.1875
0.667479048673639,-114.5625,36.1875
0.653995393171627,-114.520833333333,36.1875
0.613118030735248,-114.479166666667,36.1875
0.555388769920606,-114.4375,36.1875
0.526540972334488,-114.395833333333,36.1875
0.99983493012728,-114.354166666667,36.1875
0.999656707797038,-114.3125,36.1875
0.992931808902555,-114.270833333333,36.1875
0.982544589419937,-114.229166666667,36.1875
0.985271890173612,-114.1875,36.1875
0.998219037948782,-114.145833333333,36.1875
0.999970782279748,-114.104166666667,36.1875
0.999997037054508,-114.0625,36.1875
0.670492068012109,-114.020833333333,36.1875
0.695887201584814,-113.979166666667,36.1875
0.999999954745856,-113.9375,36.1875
0.99999738216845,-113.895833333333,36.1875
0.999422284286278,-113.854166666667,36.1875
0.989463718326813,-113.8125,36.1875
0.956801216861747,-113.770833333333,36.1875
0.895031761704504,-113.729166666667,36.1875
0.771558350339031,-113.6875,36.1875
0.620310134603877,-113.645833333333,36.1875
0.506627859708355,-113.4375,36.1875
0.741874888133711,-113.395833333333,36.1875
0.812653733733387,-113.354166666667,36.1875
0.830245808960088,-113.3125,36.1875
0.867890828814213,-113.270833333333,36.1875
0.925210613196399,-113.229166666667,36.1875
0.873054241122519,-113.1875,36.1875
0.874021574268802,-113.145833333333,36.1875
0.924630898137873,-113.104166666667,36.1875
0.84106917103799,-113.0625,36.1875
0.791090166263633,-113.020833333333,36.1875
0.851977935532034,-112.979166666667,36.1875
0.807609860214339,-112.9375,36.1875
0.745087864843672,-112.895833333333,36.1875
0.529987429405979,-112.854166666667,36.1875
0.610451762849798,-112.729166666667,36.1875
0.659283445937236,-112.6875,36.1875
0.639351086094041,-112.645833333333,36.1875
0.680161293027946,-112.4375,36.1875
0.630110983188248,-112.395833333333,36.1875
0.699900682688016,-112.354166666667,36.1875
0.961356071965456,-112.3125,36.1875
0.973680950455531,-112.270833333333,36.1875
0.536481150270372,-111.895833333333,36.1875
0.522780983387485,-111.8125,36.1875
0.653521179190873,-116.895833333333,36.1458333333333
0.794237193607347,-116.854166666667,36.1458333333333
0.835172878138174,-116.8125,36.1458333333333
0.767323336305115,-116.770833333333,36.1458333333333
0.601471191149913,-116.729166666667,36.1458333333333
0.825978039694418,-115.6875,36.1458333333333
0.611777986100354,-115.645833333333,36.1458333333333
0.570909570432167,-115.604166666667,36.1458333333333
0.518949839972459,-115.5625,36.1458333333333
0.777010724895112,-115.520833333333,36.1458333333333
0.951215286448185,-115.395833333333,36.1458333333333
0.950543955822916,-115.354166666667,36.1458333333333
0.919611365024774,-115.3125,36.1458333333333
0.884096624584557,-115.270833333333,36.1458333333333
0.857619573716501,-115.229166666667,36.1458333333333
0.990198611308295,-114.8125,36.1458333333333
0.994809186245692,-114.770833333333,36.1458333333333
0.995323791538552,-114.729166666667,36.1458333333333
0.996448798417398,-114.6875,36.1458333333333
0.999873803522821,-114.645833333333,36.1458333333333
0.612316796874484,-114.604166666667,36.1458333333333
0.641820504535218,-114.5625,36.1458333333333
0.550116245567547,-114.520833333333,36.1458333333333
0.999574650212108,-114.354166666667,36.1458333333333
0.999491842013629,-114.3125,36.1458333333333
0.995587889167139,-114.270833333333,36.1458333333333
0.994523811960795,-114.229166666667,36.1458333333333
0.998088904003054,-114.1875,36.1458333333333
0.999733107816317,-114.145833333333,36.1458333333333
0.999985842499186,-114.104166666667,36.1458333333333
0.999998795522761,-114.0625,36.1458333333333
0.708609671343948,-114.020833333333,36.1458333333333
0.680817843473991,-113.979166666667,36.1458333333333
0.999999890415454,-113.9375,36.1458333333333
0.999967212973426,-113.895833333333,36.1458333333333
0.997227415730928,-113.854166666667,36.1458333333333
0.982361690618815,-113.8125,36.1458333333333
0.954886066601163,-113.770833333333,36.1458333333333
0.896168838729217,-113.729166666667,36.1458333333333
0.776048349481084,-113.6875,36.1458333333333
0.611293623726312,-113.645833333333,36.1458333333333
0.756731746564515,-113.395833333333,36.1458333333333
0.93736034973034,-113.354166666667,36.1458333333333
0.958935221471099,-113.3125,36.1458333333333
0.958781671247372,-113.270833333333,36.1458333333333
0.983386389338464,-113.229166666667,36.1458333333333
0.960099280868426,-113.1875,36.1458333333333
0.876136265579676,-113.145833333333,36.1458333333333
0.861451926480004,-113.104166666667,36.1458333333333
0.683538195822531,-113.0625,36.1458333333333
0.673793113289955,-112.979166666667,36.1458333333333
0.653238629320164,-112.9375,36.1458333333333
0.608362864796106,-112.895833333333,36.1458333333333
0.53975370864988,-112.729166666667,36.1458333333333
0.588156093753191,-112.6875,36.1458333333333
0.668365622931618,-112.645833333333,36.1458333333333
0.599940345555636,-112.604166666667,36.1458333333333
0.506159001037268,-112.4375,36.1458333333333
0.522144788252994,-112.395833333333,36.1458333333333
0.556713917140022,-112.354166666667,36.1458333333333
0.886776154493649,-112.3125,36.1458333333333
0.980932153216079,-112.270833333333,36.1458333333333
0.985249980220063,-112.229166666667,36.1458333333333
0.977440080365084,-112.1875,36.1458333333333
0.682144091238575,-111.895833333333,36.1458333333333
0.77173654450805,-111.854166666667,36.1458333333333
0.633172602582383,-111.8125,36.1458333333333
0.594970904797109,-116.895833333333,36.1041666666667
0.756960851558528,-116.854166666667,36.1041666666667
0.831097922824992,-116.8125,36.1041666666667
0.784352407122632,-116.770833333333,36.1041666666667
0.663812520909753,-116.729166666667,36.1041666666667
0.866064610047305,-115.645833333333,36.1041666666667
0.820811691224018,-115.604166666667,36.1041666666667
0.807545522155414,-115.5625,36.1041666666667
0.821227766880548,-115.520833333333,36.1041666666667
0.93345283577256,-115.354166666667,36.1041666666667
0.890603591205517,-115.3125,36.1041666666667
0.854248986750544,-115.270833333333,36.1041666666667
0.850867665533592,-115.229166666667,36.1041666666667
0.869803181143837,-115.1875,36.1041666666667
0.886168672923917,-115.145833333333,36.1041666666667
0.501330265670294,-114.8125,36.1041666666667
0.996507230235627,-114.6875,36.1041666666667
0.999780446018156,-114.645833333333,36.1041666666667
0.999816128090286,-114.604166666667,36.1041666666667
0.999973646331662,-114.5625,36.1041666666667
0.555107983447142,-114.520833333333,36.1041666666667
0.530328007259219,-114.479166666667,36.1041666666667
0.999346777056842,-114.395833333333,36.1041666666667
0.999314321825365,-114.354166666667,36.1041666666667
0.999384722143238,-114.3125,36.1041666666667
0.998908063928029,-114.270833333333,36.1041666666667
0.999100964833485,-114.229166666667,36.1041666666667
0.999710789681993,-114.1875,36.1041666666667
0.999743395580576,-114.145833333333,36.1041666666667
0.999927618122387,-114.104166666667,36.1041666666667
0.999993343243375,-114.0625,36.1041666666667
0.999998716709445,-114.020833333333,36.1041666666667
0.999999182399695,-113.979166666667,36.1041666666667
0.999994309691462,-113.9375,36.1041666666667
0.999874927309663,-113.895833333333,36.1041666666667
0.996614035224112,-113.854166666667,36.1041666666667
0.986864674554053,-113.8125,36.1041666666667
0.975502342737328,-113.770833333333,36.1041666666667
0.944563667899307,-113.729166666667,36.1041666666667
0.877921744019232,-113.6875,36.1041666666667
0.730909006830003,-113.645833333333,36.1041666666667
0.563297293186522,-113.604166666667,36.1041666666667
0.730557991782519,-113.395833333333,36.1041666666667
0.984805280498343,-113.354166666667,36.1041666666667
0.992338674229639,-113.3125,36.1041666666667
0.986696463884283,-113.270833333333,36.1041666666667
0.987997592847756,-113.229166666667,36.1041666666667
0.894065463472666,-113.1875,36.1041666666667
0.628970737894851,-113.145833333333,36.1041666666667
0.651715636124266,-113.104166666667,36.1041666666667
0.585115543785992,-113.0625,36.1041666666667
0.541198814095827,-112.979166666667,36.1041666666667
0.542730763202076,-112.9375,36.1041666666667
0.553305300570338,-112.645833333333,36.1041666666667
0.588552026203489,-112.604166666667,36.1041666666667
0.523687131109748,-112.354166666667,36.1041666666667
0.676695031605304,-112.3125,36.1041666666667
0.869911761373391,-112.270833333333,36.1041666666667
0.960130289903821,-112.229166666667,36.1041666666667
0.953384660834485,-112.1875,36.1041666666667
0.943837769433021,-112.145833333333,36.1041666666667
0.960865412135668,-112.104166666667,36.1041666666667
0.950737307435631,-112.0625,36.1041666666667
0.915355626999186,-112.020833333333,36.1041666666667
0.850581442073854,-111.979166666667,36.1041666666667
0.741745930963398,-111.9375,36.1041666666667
0.819312983296058,-111.895833333333,36.1041666666667
0.883124741263533,-111.854166666667,36.1041666666667
0.648153069887835,-111.8125,36.1041666666667
0.557119716252446,-116.895833333333,36.0625
0.721152973983007,-116.854166666667,36.0625
0.811551314879736,-116.8125,36.0625
0.786365167553846,-116.770833333333,36.0625
0.686404667358484,-116.729166666667,36.0625
0.923902308196125,-115.354166666667,36.0625
0.897384442324941,-115.3125,36.0625
0.855246511792379,-115.270833333333,36.0625
0.85132024913328,-115.229166666667,36.0625
0.861866905595184,-115.1875,36.0625
0.885622375798289,-115.145833333333,36.0625
0.910235224269605,-115.104166666667,36.0625
0.999923884325691,-114.6875,36.0625
0.999056555271962,-114.645833333333,36.0625
0.998433099249134,-114.604166666667,36.0625
0.999920356226258,-114.5625,36.0625
0.999901210452729,-114.520833333333,36.0625
0.999786119905718,-114.479166666667,36.0625
0.999674517930925,-114.4375,36.0625
0.99944421862291,-114.395833333333,36.0625
0.999388502558206,-114.354166666667,36.0625
0.99948141673365,-114.3125,36.0625
0.999420904303749,-114.270833333333,36.0625
0.999545639520675,-114.229166666667,36.0625
0.999751949382589,-114.1875,36.0625
0.99945124564793,-114.145833333333,36.0625
0.999614262446852,-114.104166666667,36.0625
0.999899853167454,-114.0625,36.0625
0.999965759211574,-114.020833333333,36.0625
0.999892519991101,-113.979166666667,36.0625
0.998833055575241,-113.9375,36.0625
0.999092798926875,-113.895833333333,36.0625
0.996954396392328,-113.854166666667,36.0625
0.995965326464548,-113.8125,36.0625
0.994916592622608,-113.770833333333,36.0625
0.987487849849061,-113.729166666667,36.0625
0.972340205265799,-113.6875,36.0625
0.907373577422479,-113.645833333333,36.0625
0.769498022979808,-113.604166666667,36.0625
0.679746833809398,-113.5625,36.0625
0.845192574492149,-113.395833333333,36.0625
0.998557457028686,-113.354166666667,36.0625
0.995235008156743,-113.3125,36.0625
0.961864849039784,-113.270833333333,36.0625
0.957403810303774,-113.229166666667,36.0625
0.630654503025834,-113.1875,36.0625
0.540431221802195,-113.104166666667,36.0625
0.595833832151789,-112.270833333333,36.0625
0.74285293734632,-112.229166666667,36.0625
0.816619741503554,-112.1875,36.0625
0.825200295656232,-112.145833333333,36.0625
0.844371637446964,-112.104166666667,36.0625
0.895663493983115,-112.0625,36.0625
0.954235227517999,-112.020833333333,36.0625
0.933680940479607,-111.979166666667,36.0625
0.857831479610334,-111.9375,36.0625
0.880791825780574,-111.895833333333,36.0625
0.764772039689987,-111.854166666667,36.0625
0.551015854052872,-116.979166666667,36.0208333333333
0.524970700687151,-116.9375,36.0208333333333
0.530396228546214,-116.895833333333,36.0208333333333
0.634209701427822,-116.854166666667,36.0208333333333
0.744614245496596,-116.8125,36.0208333333333
0.769383138797176,-116.770833333333,36.0208333333333
0.716934236539939,-116.729166666667,36.0208333333333
0.505210928657389,-116.6875,36.0208333333333
0.843568951367882,-115.5625,36.0208333333333
0.916981393406125,-115.354166666667,36.0208333333333
0.902297362361334,-115.3125,36.0208333333333
0.868594066419851,-115.270833333333,36.0208333333333
0.857681365217042,-115.229166666667,36.0208333333333
0.856379006709873,-115.1875,36.0208333333333
0.884671446243763,-115.145833333333,36.0208333333333
0.928005234094102,-115.104166666667,36.0208333333333
0.960923035215161,-115.0625,36.0208333333333
0.977664527494702,-115.020833333333,36.0208333333333
0.982426277878077,-114.979166666667,36.0208333333333
0.515401227088098,-114.8125,36.0208333333333
0.534263583129178,-114.770833333333,36.0208333333333
0.582875440053482,-114.729166666667,36.0208333333333
0.999975368179379,-114.6875,36.0208333333333
0.998996914998026,-114.645833333333,36.0208333333333
0.993156783194231,-114.604166666667,36.0208333333333
0.999912296122785,-114.5625,36.0208333333333
0.999964209814638,-114.520833333333,36.0208333333333
0.999806034793995,-114.479166666667,36.0208333333333
0.999720905855751,-114.4375,36.0208333333333
0.999686522841174,-114.395833333333,36.0208333333333
0.999668963251298,-114.354166666667,36.0208333333333
0.999715103268526,-114.3125,36.0208333333333
0.999643613080563,-114.270833333333,36.0208333333333
0.999500564096993,-114.229166666667,36.0208333333333
0.999334297153291,-114.1875,36.0208333333333
0.998543703522834,-114.145833333333,36.0208333333333
0.998679422190496,-114.104166666667,36.0208333333333
0.998903924702916,-114.0625,36.0208333333333
0.998958203376954,-114.020833333333,36.0208333333333
0.992539883164933,-113.979166666667,36.0208333333333
0.965949084241426,-113.9375,36.0208333333333
0.980058516509978,-113.895833333333,36.0208333333333
0.986972383087784,-113.854166666667,36.0208333333333
0.993749633426302,-113.8125,36.0208333333333
0.99759569525131,-113.770833333333,36.0208333333333
0.994749705710043,-113.729166666667,36.0208333333333
0.987569865280903,-113.6875,36.0208333333333
0.966326741765915,-113.645833333333,36.0208333333333
0.892331432368931,-113.604166666667,36.0208333333333
0.87732341830623,-113.5625,36.0208333333333
0.753438090585019,-113.520833333333,36.0208333333333
0.554384827174768,-113.479166666667,36.0208333333333
0.633873911337641,-113.4375,36.0208333333333
0.962502398675671,-113.395833333333,36.0208333333333
0.999696706044783,-113.354166666667,36.0208333333333
0.990088353497228,-113.3125,36.0208333333333
0.835358097365541,-113.270833333333,36.0208333333333
0.820068593951692,-113.229166666667,36.0208333333333
0.552046966222652,-112.1875,36.0208333333333
0.586624077929669,-112.145833333333,36.0208333333333
0.585260089902467,-112.104166666667,36.0208333333333
0.659490080992909,-112.0625,36.0208333333333
0.819392866753628,-112.020833333333,36.0208333333333
0.850914800480233,-111.979166666667,36.0208333333333
0.814840142468123,-111.9375,36.0208333333333
0.746363354124709,-111.895833333333,36.0208333333333
0.585880024425197,-117.020833333333,35.9791666666667
0.603848379786945,-116.979166666667,35.9791666666667
0.571563086592835,-116.9375,35.9791666666667
0.541724239094816,-116.895833333333,35.9791666666667
0.564901927126238,-116.854166666667,35.9791666666667
0.650400151844374,-116.8125,35.9791666666667
0.735072134600567,-116.770833333333,35.9791666666667
0.709353967400363,-116.729166666667,35.9791666666667
0.586930730214322,-116.6875,35.9791666666667
0.513614558518281,-116.645833333333,35.9791666666667
0.513864435103707,-116.604166666667,35.9791666666667
0.836208556379562,-115.645833333333,35.9791666666667
0.816945408500002,-115.604166666667,35.9791666666667
0.90365502198041,-115.354166666667,35.9791666666667
0.906647016735519,-115.3125,35.9791666666667
0.885172524564661,-115.270833333333,35.9791666666667
0.876593303872576,-115.229166666667,35.9791666666667
0.867452704469221,-115.1875,35.9791666666667
0.893729467573262,-115.145833333333,35.9791666666667
0.958498945953278,-115.104166666667,35.9791666666667
0.986809361293757,-115.0625,35.9791666666667
0.995148916743506,-115.020833333333,35.9791666666667
0.995588523120302,-114.979166666667,35.9791666666667
0.574795511912082,-114.8125,35.9791666666667
0.599820138123634,-114.770833333333,35.9791666666667
0.622115785711875,-114.729166666667,35.9791666666667
0.999846143190902,-114.6875,35.9791666666667
0.999976889278655,-114.645833333333,35.9791666666667
0.997756494812687,-114.604166666667,35.9791666666667
0.999859948530501,-114.5625,35.9791666666667
0.999946824628368,-114.520833333333,35.9791666666667
0.999724471279719,-114.479166666667,35.9791666666667
0.999791534511928,-114.4375,35.9791666666667
0.999821548814611,-114.395833333333,35.9791666666667
0.999791195465948,-114.354166666667,35.9791666666667
0.999821609711745,-114.3125,35.9791666666667
0.999768807422042,-114.270833333333,35.9791666666667
0.999596896013401,-114.229166666667,35.9791666666667
0.99914264475583,-114.1875,35.9791666666667
0.998257229138814,-114.145833333333,35.9791666666667
0.997612433914743,-114.104166666667,35.9791666666667
0.9961409951234,-114.0625,35.9791666666667
0.993513175164234,-114.020833333333,35.9791666666667
0.944078060580878,-113.979166666667,35.9791666666667
0.866939103083106,-113.9375,35.9791666666667
0.913085274862827,-113.895833333333,35.9791666666667
0.942232269202652,-113.854166666667,35.9791666666667
0.982629029242875,-113.8125,35.9791666666667
0.998165017319855,-113.770833333333,35.9791666666667
0.997371816078539,-113.729166666667,35.9791666666667
0.98667006348719,-113.6875,35.9791666666667
0.972761206976028,-113.645833333333,35.9791666666667
0.930558295959859,-113.604166666667,35.9791666666667
0.912541432215527,-113.5625,35.9791666666667
0.837610800689318,-113.520833333333,35.9791666666667
0.670131943074573,-113.479166666667,35.9791666666667
0.673156658334542,-113.4375,35.9791666666667
0.935046993959442,-113.395833333333,35.9791666666667
0.995989882891299,-113.354166666667,35.9791666666667
0.992921541178275,-113.3125,35.9791666666667
0.876784274468803,-113.270833333333,35.9791666666667
0.724593147499641,-113.229166666667,35.9791666666667
0.574885233490395,-112.020833333333,35.9791666666667
0.591279997633932,-111.979166666667,35.9791666666667
0.580931018283407,-111.9375,35.9791666666667
0.597160714546421,-117.0625,35.9375
0.648145642769188,-117.020833333333,35.9375
0.587430083619258,-116.979166666667,35.9375
0.561609137038175,-116.9375,35.9375
0.557080434172727,-116.895833333333,35.9375
0.560378512257093,-116.854166666667,35.9375
0.59016654893263,-116.8125,35.9375
0.686697634315895,-116.770833333333,35.9375
0.728523028693397,-116.729166666667,35.9375
0.68499239157945,-116.6875,35.9375
0.614373278670234,-116.645833333333,35.9375
0.557507121052045,-116.604166666667,35.9375
0.521605901188713,-116.5625,35.9375
0.771467596945626,-115.645833333333,35.9375
0.734277696950255,-115.604166666667,35.9375
0.815842403977778,-115.395833333333,35.9375
0.863499297788902,-115.354166666667,35.9375
0.891572772013866,-115.3125,35.9375
0.913061090924754,-115.270833333333,35.9375
0.910221532932521,-115.229166666667,35.9375
0.894207180360055,-115.1875,35.9375
0.915260751850725,-115.145833333333,35.9375
0.967523355933252,-115.104166666667,35.9375
0.991889042673698,-115.0625,35.9375
0.994413679128893,-115.020833333333,35.9375
0.993439760256207,-114.979166666667,35.9375
0.988363184926255,-114.9375,35.9375
0.987172912621799,-114.895833333333,35.9375
0.538458203723069,-114.8125,35.9375
0.622679667400545,-114.770833333333,35.9375
0.657396891640486,-114.729166666667,35.9375
0.999890746505412,-114.6875,35.9375
0.99999932964874,-114.645833333333,35.9375
0.99995824018867,-114.604166666667,35.9375
0.999934255808373,-114.5625,35.9375
0.999830199492604,-114.520833333333,35.9375
0.999380069546066,-114.479166666667,35.9375
0.999701377759616,-114.4375,35.9375
0.999731103517361,-114.395833333333,35.9375
0.999536241769771,-114.354166666667,35.9375
0.999598032391744,-114.3125,35.9375
0.999558504877358,-114.270833333333,35.9375
0.99917413714365,-114.229166666667,35.9375
0.998461750376513,-114.1875,35.9375
0.998387744603693,-114.145833333333,35.9375
0.997457568112847,-114.104166666667,35.9375
0.995205299884596,-114.0625,35.9375
0.989323646367478,-114.020833333333,35.9375
0.912751467936225,-113.979166666667,35.9375
0.818208394502952,-113.9375,35.9375
0.853296523390516,-113.895833333333,35.9375
0.910236301896515,-113.854166666667,35.9375
0.968930453564203,-113.8125,35.9375
0.990814866840158,-113.770833333333,35.9375
0.996748267085125,-113.729166666667,35.9375
0.990648341756588,-113.6875,35.9375
0.980957167505266,-113.645833333333,35.9375
0.973856356250115,-113.604166666667,35.9375
0.948184371153572,-113.5625,35.9375
0.868403998910149,-113.520833333333,35.9375
0.712363469408398,-113.479166666667,35.9375
0.682889265566524,-113.4375,35.9375
0.85123613790555,-113.395833333333,35.9375
0.974538996305748,-113.354166666667,35.9375
0.995220675069832,-113.3125,35.9375
0.942508090220537,-113.270833333333,35.9375
0.65263409579956,-113.229166666667,35.9375
0.603987745243247,-117.0625,35.8958333333333
0.673732166371566,-117.020833333333,35.8958333333333
0.61270970985149,-116.979166666667,35.8958333333333
0.590801570317817,-116.9375,35.8958333333333
0.577694994514457,-116.895833333333,35.8958333333333
0.558982498680894,-116.854166666667,35.8958333333333
0.550142623956075,-116.8125,35.8958333333333
0.604680942180814,-116.770833333333,35.8958333333333
0.640553472109789,-116.729166666667,35.8958333333333
0.645259401251204,-116.6875,35.8958333333333
0.618179264555012,-116.645833333333,35.8958333333333
0.581996400825788,-116.604166666667,35.8958333333333
0.552195926632824,-116.5625,35.8958333333333
0.552039857246901,-116.520833333333,35.8958333333333
0.536596313438768,-116.479166666667,35.8958333333333
0.683741473905381,-115.604166666667,35.8958333333333
0.709022563985735,-115.4375,35.8958333333333
0.706684143321543,-115.395833333333,35.8958333333333
0.777447433104589,-115.354166666667,35.8958333333333
0.830808684651622,-115.3125,35.8958333333333
0.874896353534929,-115.270833333333,35.8958333333333
0.885734797797245,-115.229166666667,35.8958333333333
0.902080196972739,-115.1875,35.8958333333333
0.933281124621793,-115.145833333333,35.8958333333333
0.957553339151057,-115.104166666667,35.8958333333333
0.985882694551646,-115.0625,35.8958333333333
0.986405725546824,-115.020833333333,35.8958333333333
0.977080187822707,-114.979166666667,35.8958333333333
0.964483864037581,-114.9375,35.8958333333333
0.9718728604507,-114.895833333333,35.8958333333333
0.989353282371855,-114.854166666667,35.8958333333333
0.998731606662326,-114.8125,35.8958333333333
0.61856527944347,-114.770833333333,35.8958333333333
0.686225705602659,-114.729166666667,35.8958333333333
0.71114568536244,-114.6875,35.8958333333333
0.999906116969343,-114.645833333333,35.8958333333333
0.999998342576987,-114.604166666667,35.8958333333333
0.999970553324882,-114.5625,35.8958333333333
0.999632729322057,-114.520833333333,35.8958333333333
0.998734430786046,-114.479166666667,35.8958333333333
0.999192714897323,-114.4375,35.8958333333333
0.998980680957198,-114.395833333333,35.8958333333333
0.997889188842552,-114.354166666667,35.8958333333333
0.998150947416773,-114.3125,35.8958333333333
0.998398975251626,-114.270833333333,35.8958333333333
0.997431366107841,-114.229166666667,35.8958333333333
0.99791438638073,-114.1875,35.8958333333333
0.998543470920721,-114.145833333333,35.8958333333333
0.997330862094241,-114.104166666667,35.8958333333333
0.995159375403529,-114.0625,35.8958333333333
0.986479580348823,-114.020833333333,35.8958333333333
0.918736635161935,-113.979166666667,35.8958333333333
0.838728067557467,-113.9375,35.8958333333333
0.848134168892264,-113.895833333333,35.8958333333333
0.894759032548864,-113.854166666667,35.8958333333333
0.947260160617206,-113.8125,35.8958333333333
0.959114961886413,-113.770833333333,35.8958333333333
0.989618824965426,-113.729166666667,35.8958333333333
0.997047973231657,-113.6875,35.8958333333333
0.998034264276922,-113.645833333333,35.8958333333333
0.99804512349433,-113.604166666667,35.8958333333333
0.983679922938038,-113.5625,35.8958333333333
0.962676707280872,-113.520833333333,35.8958333333333
0.854585592392876,-113.479166666667,35.8958333333333
0.659444488456658,-113.4375,35.8958333333333
0.81965116585502,-113.395833333333,35.8958333333333
0.974478091017623,-113.354166666667,35.8958333333333
0.995651812505527,-113.3125,35.8958333333333
0.919286695858536,-113.270833333333,35.8958333333333
0.581373095237294,-117.0625,35.8541666666667
0.636947450791737,-117.020833333333,35.8541666666667
0.583013976363952,-116.979166666667,35.8541666666667
0.543459722267484,-116.9375,35.8541666666667
0.51248570557025,-116.8125,35.8541666666667
0.533906297115471,-116.770833333333,35.8541666666667
0.538683714579593,-116.729166666667,35.8541666666667
0.571063819099092,-116.6875,35.8541666666667
0.618670471228385,-116.645833333333,35.8541666666667
0.624672561844762,-116.604166666667,35.8541666666667
0.608303968732839,-116.5625,35.8541666666667
0.637604468786622,-116.520833333333,35.8541666666667
0.656401446578239,-116.479166666667,35.8541666666667
0.567109095087493,-116.4375,35.8541666666667
0.670067590284232,-115.604166666667,35.8541666666667
0.657742130176251,-115.5625,35.8541666666667
0.711444962572608,-115.479166666667,35.8541666666667
0.683288931593775,-115.4375,35.8541666666667
0.670508343740441,-115.395833333333,35.8541666666667
0.70194360864952,-115.354166666667,35.8541666666667
0.737357447829962,-115.3125,35.8541666666667
0.751445180517888,-115.270833333333,35.8541666666667
0.795582415463066,-115.229166666667,35.8541666666667
0.855840270541843,-115.1875,35.8541666666667
0.900099429708979,-115.145833333333,35.8541666666667
0.935235061204014,-115.104166666667,35.8541666666667
0.969521391476721,-115.0625,35.8541666666667
0.973142953239072,-115.020833333333,35.8541666666667
0.964824528322944,-114.979166666667,35.8541666666667
0.964563791808698,-114.9375,35.8541666666667
0.981593648167756,-114.895833333333,35.8541666666667
0.994774901842353,-114.854166666667,35.8541666666667
0.999116277443872,-114.8125,35.8541666666667
0.610245962993226,-114.770833333333,35.8541666666667
0.655973636782697,-114.729166666667,35.8541666666667
0.721315552672796,-114.6875,35.8541666666667
0.738755345767255,-114.645833333333,35.8541666666667
0.999998908955549,-114.604166666667,35.8541666666667
0.999974857213721,-114.5625,35.8541666666667
0.999534931391162,-114.520833333333,35.8541666666667
0.998300926950049,-114.479166666667,35.8541666666667
0.998407647791107,-114.4375,35.8541666666667
0.997511288758474,-114.395833333333,35.8541666666667
0.99499727445001,-114.354166666667,35.8541666666667
0.993591676354614,-114.3125,35.8541666666667
0.994022970554255,-114.270833333333,35.8541666666667
0.995567353831198,-114.229166666667,35.8541666666667
0.997455550076223,-114.1875,35.8541666666667
0.997202704176924,-114.145833333333,35.8541666666667
0.994857323980751,-114.104166666667,35.8541666666667
0.990100426259948,-114.0625,35.8541666666667
0.977180645125985,-114.020833333333,35.8541666666667
0.930919496831941,-113.979166666667,35.8541666666667
0.871498256490214,-113.9375,35.8541666666667
0.865015505084798,-113.895833333333,35.8541666666667
0.900362875470679,-113.854166666667,35.8541666666667
0.919828579046519,-113.8125,35.8541666666667
0.927420348501736,-113.770833333333,35.8541666666667
0.969059797271904,-113.729166666667,35.8541666666667
0.996755719338754,-113.6875,35.8541666666667
0.999603292921487,-113.645833333333,35.8541666666667
0.999734906507538,-113.604166666667,35.8541666666667
0.997983918122615,-113.5625,35.8541666666667
0.993495157538713,-113.520833333333,35.8541666666667
0.932796658883631,-113.479166666667,35.8541666666667
0.706571447962378,-113.4375,35.8541666666667
0.883687818823895,-113.395833333333,35.8541666666667
0.991594861197944,-113.354166666667,35.8541666666667
0.996459536559837,-113.3125,35.8541666666667
0.874385714444038,-113.270833333333,35.8541666666667
0.510338712171474,-117.229166666667,35.8125
0.543327810997932,-117.0625,35.8125
0.516275643453685,-117.020833333333,35.8125
0.506596669443343,-116.8125,35.8125
0.526200125020197,-116.6875,35.8125
0.577212923064604,-116.645833333333,35.8125
0.604717970185682,-116.604166666667,35.8125
0.648404504309823,-116.5625,35.8125
0.67073515407849,-116.520833333333,35.8125
0.639450675666576,-116.479166666667,35.8125
0.575721374709742,-116.4375,35.8125
0.506647843380044,-116.395833333333,35.8125
0.673246986079728,-115.5625,35.8125
0.689249045851932,-115.520833333333,35.8125
0.700990170608672,-115.479166666667,35.8125
0.691631681807939,-115.4375,35.8125
0.666900303149717,-115.395833333333,35.8125
0.651554676811022,-115.354166666667,35.8125
0.642552312267804,-115.3125,35.8125
0.610457795286609,-115.270833333333,35.8125
0.659142539061253,-115.229166666667,35.8125
0.780413399009658,-115.1875,35.8125
0.865292946522348,-115.145833333333,35.8125
0.905284958066936,-115.104166666667,35.8125
0.94214795439687,-115.0625,35.8125
0.962010306463379,-115.020833333333,35.8125
0.964216091504727,-114.979166666667,35.8125
0.976706829540901,-114.9375,35.8125
0.993611759440399,-114.895833333333,35.8125
0.998415119377707,-114.854166666667,35.8125
0.999475087369875,-114.8125,35.8125
0.597013124545408,-114.770833333333,35.8125
0.640892342902254,-114.729166666667,35.8125
0.753926539856352,-114.6875,35.8125
0.99999980784914,-114.645833333333,35.8125
0.999999100100561,-114.604166666667,35.8125
0.999979133189518,-114.5625,35.8125
0.999343930866803,-114.520833333333,35.8125
0.997308898484828,-114.479166666667,35.8125
0.996402858104172,-114.4375,35.8125
0.995123076661739,-114.395833333333,35.8125
0.992498154756471,-114.354166666667,35.8125
0.98614493460482,-114.3125,35.8125
0.985320833469679,-114.270833333333,35.8125
0.991941206097419,-114.229166666667,35.8125
0.995426195193839,-114.1875,35.8125
0.995297905421438,-114.145833333333,35.8125
0.992292229681507,-114.104166666667,35.8125
0.98537488922665,-114.0625,35.8125
0.970213566569722,-114.020833333333,35.8125
0.955433660811874,-113.979166666667,35.8125
0.914407520693689,-113.9375,35.8125
0.898100838195866,-113.895833333333,35.8125
0.915336074605476,-113.854166666667,35.8125
0.921231039062038,-113.8125,35.8125
0.932712662492651,-113.770833333333,35.8125
0.959178854074108,-113.729166666667,35.8125
0.987270823219093,-113.6875,35.8125
0.994523099016259,-113.645833333333,35.8125
0.996241358851578,-113.604166666667,35.8125
0.997737807118167,-113.5625,35.8125
0.995882374436699,-113.520833333333,35.8125
0.979180766299163,-113.479166666667,35.8125
0.923005970191497,-113.4375,35.8125
0.966134261327563,-113.395833333333,35.8125
0.995436397215581,-113.354166666667,35.8125
0.990263202037627,-113.3125,35.8125
0.828129960567248,-113.270833333333,35.8125
0.524403035503008,-116.604166666667,35.7708333333333
0.616576174789416,-116.5625,35.7708333333333
0.687371793147192,-116.520833333333,35.7708333333333
0.626271730230807,-116.479166666667,35.7708333333333
0.559413033164174,-116.4375,35.7708333333333
0.64855317798303,-115.5625,35.7708333333333
0.6616764756717,-115.520833333333,35.7708333333333
0.693315469062527,-115.479166666667,35.7708333333333
0.692025678992031,-115.4375,35.7708333333333
0.655138814583991,-115.395833333333,35.7708333333333
0.617431770956835,-115.354166666667,35.7708333333333
0.628323527657411,-115.3125,35.7708333333333
0.596148432979803,-115.270833333333,35.7708333333333
0.617116178891885,-115.229166666667,35.7708333333333
0.758510829779129,-115.1875,35.7708333333333
0.82405997038984,-115.145833333333,35.7708333333333
0.863964996492015,-115.104166666667,35.7708333333333
0.91541549327036,-115.0625,35.7708333333333
0.941201490549312,-115.020833333333,35.7708333333333
0.953779908844497,-114.979166666667,35.7708333333333
0.983212270455896,-114.9375,35.7708333333333
0.995347977969444,-114.895833333333,35.7708333333333
0.997765020587507,-114.854166666667,35.7708333333333
0.999362606521845,-114.8125,35.7708333333333
0.553871332531688,-114.770833333333,35.7708333333333
0.600331657527906,-114.729166666667,35.7708333333333
0.731769866975469,-114.6875,35.7708333333333
0.999999930402078,-114.645833333333,35.7708333333333
0.999999758434568,-114.604166666667,35.7708333333333
0.99998925624047,-114.5625,35.7708333333333
0.999234662954024,-114.520833333333,35.7708333333333
0.994112905053821,-114.479166666667,35.7708333333333
0.991933468797814,-114.4375,35.7708333333333
0.991395031907758,-114.395833333333,35.7708333333333
0.987537192685103,-114.354166666667,35.7708333333333
0.979859866816111,-114.3125,35.7708333333333
0.970189570286918,-114.270833333333,35.7708333333333
0.976412724097619,-114.229166666667,35.7708333333333
0.986602195302005,-114.1875,35.7708333333333
0.990928688943537,-114.145833333333,35.7708333333333
0.990796286231335,-114.104166666667,35.7708333333333
0.984790948496339,-114.0625,35.7708333333333
0.976609849491685,-114.020833333333,35.7708333333333
0.968215918248047,-113.979166666667,35.7708333333333
0.948280582926164,-113.9375,35.7708333333333
0.938685327124663,-113.895833333333,35.7708333333333
0.941098733613629,-113.854166666667,35.7708333333333
0.932503259329861,-113.8125,35.7708333333333
0.928202020043151,-113.770833333333,35.7708333333333
0.944090420999325,-113.729166666667,35.7708333333333
0.965479424872906,-113.6875,35.7708333333333
0.978735656815375,-113.645833333333,35.7708333333333
0.954347676541786,-113.604166666667,35.7708333333333
0.962635054083627,-113.5625,35.7708333333333
0.981696255471148,-113.520833333333,35.7708333333333
0.991237204600781,-113.479166666667,35.7708333333333
0.99313960413816,-113.4375,35.7708333333333
0.993466580129096,-113.395833333333,35.7708333333333
0.998049896820158,-113.354166666667,35.7708333333333
0.976682925995769,-113.3125,35.7708333333333
0.808632206155184,-113.270833333333,35.7708333333333
0.563435266380357,-113.229166666667,35.7708333333333
0.531861625366263,-117.1875,35.7291666666667
0.53270576652528,-116.5625,35.7291666666667
0.650757038597505,-116.520833333333,35.7291666666667
0.646531755694727,-116.479166666667,35.7291666666667
0.577124480713684,-116.4375,35.7291666666667
0.520209220031179,-116.395833333333,35.7291666666667
0.598295972071421,-115.5625,35.7291666666667
0.623343631402865,-115.520833333333,35.7291666666667
0.717672141456839,-115.479166666667,35.7291666666667
0.719647567715176,-115.4375,35.7291666666667
0.679584930921712,-115.395833333333,35.7291666666667
0.642787893880543,-115.354166666667,35.7291666666667
0.658871467693666,-115.3125,35.7291666666667
0.664118766996409,-115.270833333333,35.7291666666667
0.664682103531321,-115.229166666667,35.7291666666667
0.739814957208799,-115.1875,35.7291666666667
0.800364701931302,-115.145833333333,35.7291666666667
0.842985998775401,-115.104166666667,35.7291666666667
0.89016786409838,-115.0625,35.7291666666667
0.909479024927261,-115.020833333333,35.7291666666667
0.933502416956065,-114.979166666667,35.7291666666667
0.971431410041954,-114.9375,35.7291666666667
0.982663090432791,-114.895833333333,35.7291666666667
0.988300829254103,-114.854166666667,35.7291666666667
0.998073115584366,-114.8125,35.7291666666667
0.510203409714641,-114.770833333333,35.7291666666667
0.559006122261369,-114.729166666667,35.7291666666667
0.69030632967504,-114.6875,35.7291666666667
0.99999983024433,-114.645833333333,35.7291666666667
0.999999864576977,-114.604166666667,35.7291666666667
0.999997073286113,-114.5625,35.7291666666667
0.999513687385771,-114.520833333333,35.7291666666667
0.991358328665381,-114.479166666667,35.7291666666667
0.989441869641162,-114.4375,35.7291666666667
0.990605200941621,-114.395833333333,35.7291666666667
0.986218086056283,-114.354166666667,35.7291666666667
0.97916225084626,-114.3125,35.7291666666667
0.962692931537137,-114.270833333333,35.7291666666667
0.951523169209356,-114.229166666667,35.7291666666667
0.965948969464221,-114.1875,35.7291666666667
0.979838489851815,-114.145833333333,35.7291666666667
0.986246249219024,-114.104166666667,35.7291666666667
0.98771095923843,-114.0625,35.7291666666667
0.984785972373788,-114.020833333333,35.7291666666667
0.978197382610171,-113.979166666667,35.7291666666667
0.961152394069055,-113.9375,35.7291666666667
0.953241729308493,-113.895833333333,35.7291666666667
0.954980530512436,-113.854166666667,35.7291666666667
0.941701615710386,-113.8125,35.7291666666667
0.926992306308731,-113.770833333333,35.7291666666667
0.923799897789217,-113.729166666667,35.7291666666667
0.935057141165594,-113.6875,35.7291666666667
0.955620097220812,-113.645833333333,35.7291666666667
0.932725624679998,-113.604166666667,35.7291666666667
0.89198151541942,-113.5625,35.7291666666667
0.940187609975367,-113.520833333333,35.7291666666667
0.971921077388234,-113.479166666667,35.7291666666667
0.984194812882795,-113.4375,35.7291666666667
0.983553249505152,-113.395833333333,35.7291666666667
0.98187383006399,-113.354166666667,35.7291666666667
0.938063008405399,-113.3125,35.7291666666667
0.814029577270643,-113.270833333333,35.7291666666667
0.632200539965087,-113.229166666667,35.7291666666667
0.507398683944559,-117.020833333333,35.6875
0.53088861062091,-116.979166666667,35.6875
0.54470255445871,-116.9375,35.6875
0.539719093459933,-116.895833333333,35.6875
0.557380982176569,-116.520833333333,35.6875
0.565501197116427,-116.479166666667,35.6875
0.549749573282948,-116.4375,35.6875
0.516585303870267,-116.395833333333,35.6875
0.600290793506102,-115.5625,35.6875
0.618959957854045,-115.520833333333,35.6875
0.743247302883652,-115.479166666667,35.6875
0.77676489757234,-115.4375,35.6875
0.71053030986955,-115.395833333333,35.6875
0.68787891579878,-115.354166666667,35.6875
0.691498939595835,-115.3125,35.6875
0.704071544294527,-115.270833333333,35.6875
0.714711719174518,-115.229166666667,35.6875
0.757737662159417,-115.1875,35.6875
0.791443636056083,-115.145833333333,35.6875
0.836687041474411,-115.104166666667,35.6875
0.868391693452126,-115.0625,35.6875
0.88984765614317,-115.020833333333,35.6875
0.921180422750918,-114.979166666667,35.6875
0.960116908914396,-114.9375,35.6875
0.960000511655965,-114.895833333333,35.6875
0.957116658165121,-114.854166666667,35.6875
0.994708597256064,-114.8125,35.6875
0.998624686585444,-114.770833333333,35.6875
0.52635431928907,-114.729166666667,35.6875
0.678850230729594,-114.6875,35.6875
0.755996839773161,-114.645833333333,35.6875
0.999999396591144,-114.604166666667,35.6875
0.999999137567679,-114.5625,35.6875
0.999896442230689,-114.520833333333,35.6875
0.994010332435838,-114.479166666667,35.6875
0.99058948256699,-114.4375,35.6875
0.992774357575563,-114.395833333333,35.6875
0.993084797212158,-114.354166666667,35.6875
0.989005935078489,-114.3125,35.6875
0.969050911131049,-114.270833333333,35.6875
0.934353426509205,-114.229166666667,35.6875
0.940493110489383,-114.1875,35.6875
0.963319182571499,-114.145833333333,35.6875
0.977207422334778,-114.104166666667,35.6875
0.985120971646341,-114.0625,35.6875
0.986892053777795,-114.020833333333,35.6875
0.98277365748433,-113.979166666667,35.6875
0.967843087978012,-113.9375,35.6875
0.957392550636613,-113.895833333333,35.6875
0.954489048583889,-113.854166666667,35.6875
0.938495255607933,-113.8125,35.6875
0.926990808238776,-113.770833333333,35.6875
0.889663809608984,-113.729166666667,35.6875
0.897166035206665,-113.6875,35.6875
0.91128510764913,-113.645833333333,35.6875
0.892546520724372,-113.604166666667,35.6875
0.848211436296764,-113.5625,35.6875
0.841854688266807,-113.520833333333,35.6875
0.869741693282433,-113.479166666667,35.6875
0.913004888787783,-113.4375,35.6875
0.883277667336365,-113.395833333333,35.6875
0.82340136403172,-113.354166666667,35.6875
0.750112179349556,-113.3125,35.6875
0.687270591737013,-113.270833333333,35.6875
0.524393237103216,-113.229166666667,35.6875
0.548044358517946,-116.979166666667,35.6458333333333
0.579669536000539,-116.9375,35.6458333333333
0.552611676234629,-116.895833333333,35.6458333333333
0.664720538815164,-115.5625,35.6458333333333
0.702383167786543,-115.520833333333,35.6458333333333
0.780323828621556,-115.479166666667,35.6458333333333
0.772535574059621,-115.4375,35.6458333333333
0.719264028962969,-115.395833333333,35.6458333333333
0.722679370586228,-115.354166666667,35.6458333333333
0.733872129176792,-115.3125,35.6458333333333
0.709790327392585,-115.270833333333,35.6458333333333
0.703544879802232,-115.229166666667,35.6458333333333
0.748756739315268,-115.1875,35.6458333333333
0.767949053688746,-115.145833333333,35.6458333333333
0.814732593993106,-115.104166666667,35.6458333333333
0.855045632327462,-115.0625,35.6458333333333
0.887896619147782,-115.020833333333,35.6458333333333
0.927712353830148,-114.979166666667,35.6458333333333
0.959412155818367,-114.9375,35.6458333333333
0.963481964069328,-114.895833333333,35.6458333333333
0.945020804461976,-114.854166666667,35.6458333333333
0.988419307642253,-114.8125,35.6458333333333
0.998091483985424,-114.770833333333,35.6458333333333
0.665759569551383,-114.6875,35.6458333333333
0.734467298702518,-114.645833333333,35.6458333333333
0.74052472151762,-114.604166666667,35.6458333333333
0.791801664809005,-114.5625,35.6458333333333
0.999987519286256,-114.520833333333,35.6458333333333
0.9981741054336,-114.479166666667,35.6458333333333
0.992276501390232,-114.4375,35.6458333333333
0.991797422137807,-114.395833333333,35.6458333333333
0.993910757682562,-114.354166666667,35.6458333333333
0.992346153489996,-114.3125,35.6458333333333
0.9745450222904,-114.270833333333,35.6458333333333
0.940131768015409,-114.229166666667,35.6458333333333
0.948491088838058,-114.1875,35.6458333333333
0.959377068844873,-114.145833333333,35.6458333333333
0.967241904457218,-114.104166666667,35.6458333333333
0.97824912091419,-114.0625,35.6458333333333
0.981696117123202,-114.020833333333,35.6458333333333
0.977319491314582,-113.979166666667,35.6458333333333
0.96615608722873,-113.9375,35.6458333333333
0.961154929997032,-113.895833333333,35.6458333333333
0.95474983035448,-113.854166666667,35.6458333333333
0.940448274196937,-113.8125,35.6458333333333
0.935359879951446,-113.770833333333,35.6458333333333
0.897475184275329,-113.729166666667,35.6458333333333
0.851568460095486,-113.6875,35.6458333333333
0.824773132891059,-113.645833333333,35.6458333333333
0.754987001536991,-113.604166666667,35.6458333333333
0.730169074535057,-113.5625,35.6458333333333
0.733906619977135,-113.520833333333,35.6458333333333
0.763473816290069,-113.479166666667,35.6458333333333
0.777759277563156,-113.4375,35.6458333333333
0.733516301203547,-113.395833333333,35.6458333333333
0.605695132988379,-113.354166666667,35.6458333333333
0.519091757557702,-113.3125,35.6458333333333
0.718077018107125,-115.5625,35.6041666666667
0.750774422325655,-115.520833333333,35.6041666666667
0.759822690934697,-115.479166666667,35.6041666666667
0.738587786812982,-115.4375,35.6041666666667
0.717429244320461,-115.395833333333,35.6041666666667
0.748280605309318,-115.354166666667,35.6041666666667
0.764727887852226,-115.3125,35.6041666666667
0.720356200708072,-115.270833333333,35.6041666666667
0.706057803844601,-115.229166666667,35.6041666666667
0.768746384756882,-115.1875,35.6041666666667
0.766773229277512,-115.145833333333,35.6041666666667
0.772117842700143,-115.104166666667,35.6041666666667
0.822852049355969,-115.0625,35.6041666666667
0.880330943908481,-115.020833333333,35.6041666666667
0.932883136204464,-114.979166666667,35.6041666666667
0.961191152234428,-114.9375,35.6041666666667
0.972499426757602,-114.895833333333,35.6041666666667
0.965539282260905,-114.854166666667,35.6041666666667
0.987274985200685,-114.8125,35.6041666666667
0.99832493019815,-114.770833333333,35.6041666666667
0.505539123702246,-114.729166666667,35.6041666666667
0.674538458503101,-114.6875,35.6041666666667
0.759558830522956,-114.645833333333,35.6041666666667
0.755965256886434,-114.604166666667,35.6041666666667
0.768356616576989,-114.5625,35.6041666666667
0.694395061291272,-114.520833333333,35.6041666666667
0.999039371500354,-114.479166666667,35.6041666666667
0.994928204036715,-114.4375,35.6041666666667
0.990142315945397,-114.395833333333,35.6041666666667
0.988981414424694,-114.354166666667,35.6041666666667
0.986761692619987,-114.3125,35.6041666666667
0.976957700354476,-114.270833333333,35.6041666666667
0.966356256309567,-114.229166666667,35.6041666666667
0.967857875766365,-114.1875,35.6041666666667
0.967057882528404,-114.145833333333,35.6041666666667
0.961671099026577,-114.104166666667,35.6041666666667
0.969003380917699,-114.0625,35.6041666666667
0.976160901487122,-114.020833333333,35.6041666666667
0.970407263183031,-113.979166666667,35.6041666666667
0.958812653619546,-113.9375,35.6041666666667
0.944892946648734,-113.895833333333,35.6041666666667
0.945275187946636,-113.854166666667,35.6041666666667
0.952826023963227,-113.8125,35.6041666666667
0.94265878169879,-113.770833333333,35.6041666666667
0.91295973098425,-113.729166666667,35.6041666666667
0.850730190549839,-113.6875,35.6041666666667
0.74988592660979,-113.645833333333,35.6041666666667
0.668211285717765,-113.604166666667,35.6041666666667
0.659401642555424,-113.5625,35.6041666666667
0.662286787958604,-113.520833333333,35.6041666666667
0.653908414336343,-113.479166666667,35.6041666666667
0.656314608908371,-113.4375,35.6041666666667
0.593079818218613,-113.395833333333,35.6041666666667
0.515924411552775,-116.395833333333,35.5625
0.644173481183417,-115.604166666667,35.5625
0.657594379276001,-115.5625,35.5625
0.705154961457162,-115.520833333333,35.5625
0.747269045094639,-115.479166666667,35.5625
0.741522127149988,-115.4375,35.5625
0.732006792327929,-115.395833333333,35.5625
0.756502889606723,-115.354166666667,35.5625
0.766043326505209,-115.3125,35.5625
0.736009221018437,-115.270833333333,35.5625
0.729227701844901,-115.229166666667,35.5625
0.785727704267642,-115.1875,35.5625
0.766823826132027,-115.145833333333,35.5625
0.753104752646447,-115.104166666667,35.5625
0.793231062440897,-115.0625,35.5625
0.865390769221149,-115.020833333333,35.5625
0.916919569527082,-114.979166666667,35.5625
0.951545599712065,-114.9375,35.5625
0.973916333301214,-114.895833333333,35.5625
0.984763773567778,-114.854166666667,35.5625
0.995677554835129,-114.8125,35.5625
0.999157720670196,-114.770833333333,35.5625
0.561495789302353,-114.729166666667,35.5625
0.705696860199719,-114.6875,35.5625
0.789821888875966,-114.645833333333,35.5625
0.787664147606599,-114.604166666667,35.5625
0.783462159751952,-114.5625,35.5625
0.64282447386969,-114.520833333333,35.5625
0.99849359153409,-114.479166666667,35.5625
0.997101065696768,-114.4375,35.5625
0.991436420569841,-114.395833333333,35.5625
0.985714648703593,-114.3125,35.5625
0.978325603977379,-114.270833333333,35.5625
0.963246179128175,-114.229166666667,35.5625
0.951441835226666,-114.1875,35.5625
0.959983032408774,-114.145833333333,35.5625
0.96115849098632,-114.104166666667,35.5625
0.964295660646561,-114.0625,35.5625
0.971528205278113,-114.020833333333,35.5625
0.968579147894087,-113.979166666667,35.5625
0.953389599486637,-113.9375,35.5625
0.944808403586893,-113.895833333333,35.5625
0.941859740086994,-113.854166666667,35.5625
0.938898362456791,-113.8125,35.5625
0.930927308680451,-113.770833333333,35.5625
0.921921840732702,-113.729166666667,35.5625
0.87471260492238,-113.6875,35.5625
0.781965447850899,-113.645833333333,35.5625
0.63881839850837,-113.604166666667,35.5625
0.592209984668443,-113.5625,35.5625
0.573749246700101,-113.520833333333,35.5625
0.564294497056393,-113.479166666667,35.5625
0.543941548776634,-113.4375,35.5625
0.612339759257066,-115.604166666667,35.5208333333333
0.599491404824841,-115.5625,35.5208333333333
0.655801141416407,-115.520833333333,35.5208333333333
0.729315227057936,-115.479166666667,35.5208333333333
0.75979835122424,-115.4375,35.5208333333333
0.757732569333842,-115.395833333333,35.5208333333333
0.756507656280583,-115.354166666667,35.5208333333333
0.761027545533511,-115.3125,35.5208333333333
0.771557964768973,-115.270833333333,35.5208333333333
0.757129901129857,-115.229166666667,35.5208333333333
0.77069888772735,-115.1875,35.5208333333333
0.760455360845739,-115.145833333333,35.5208333333333
0.766546920551866,-115.104166666667,35.5208333333333
0.811257110180812,-115.0625,35.5208333333333
0.871709836836643,-115.020833333333,35.5208333333333
0.904823921618249,-114.979166666667,35.5208333333333
0.937446809125363,-114.9375,35.5208333333333
0.972987606044228,-114.895833333333,35.5208333333333
0.992672511740208,-114.854166666667,35.5208333333333
0.514826579065975,-114.8125,35.5208333333333
0.54869021664632,-114.770833333333,35.5208333333333
0.614860387311739,-114.729166666667,35.5208333333333
0.747621502641299,-114.6875,35.5208333333333
0.811689753590678,-114.645833333333,35.5208333333333
0.796208658339981,-114.604166666667,35.5208333333333
0.805878462799676,-114.5625,35.5208333333333
0.704821545041636,-114.520833333333,35.5208333333333
0.576664709466919,-114.479166666667,35.5208333333333
0.507821042596936,-114.4375,35.5208333333333
0.984677121943568,-114.270833333333,35.5208333333333
0.967576246843363,-114.229166666667,35.5208333333333
0.925597630577532,-114.1875,35.5208333333333
0.944693670775976,-114.145833333333,35.5208333333333
0.965069011885456,-114.104166666667,35.5208333333333
0.968377161576916,-114.0625,35.5208333333333
0.970239916831004,-114.020833333333,35.5208333333333
0.967191593797881,-113.979166666667,35.5208333333333
0.948757047808138,-113.9375,35.5208333333333
0.942384687006426,-113.895833333333,35.5208333333333
0.941945133806698,-113.854166666667,35.5208333333333
0.923001409672329,-113.8125,35.5208333333333
0.903397300646633,-113.770833333333,35.5208333333333
0.915026356465827,-113.729166666667,35.5208333333333
0.892159998199153,-113.6875,35.5208333333333
0.77510947810157,-113.645833333333,35.5208333333333
0.578631853161689,-113.604166666667,35.5208333333333
0.508025910922758,-113.5625,35.5208333333333
0.606372200603746,-115.604166666667,35.4791666666667
0.557416886022001,-115.5625,35.4791666666667
0.606765237549509,-115.520833333333,35.4791666666667
0.681548164929586,-115.479166666667,35.4791666666667
0.759716396857976,-115.4375,35.4791666666667
0.786575320011535,-115.395833333333,35.4791666666667
0.773934661235807,-115.354166666667,35.4791666666667
0.773289277766029,-115.3125,35.4791666666667
0.79239797904961,-115.270833333333,35.4791666666667
0.789536407590555,-115.229166666667,35.4791666666667
0.760871899945231,-115.1875,35.4791666666667
0.763261493729246,-115.145833333333,35.4791666666667
0.786832145779205,-115.104166666667,35.4791666666667
0.823167868761946,-115.0625,35.4791666666667
0.878833573009799,-115.020833333333,35.4791666666667
0.90715698381289,-114.979166666667,35.4791666666667
0.935145092798609,-114.9375,35.4791666666667
0.972942619345198,-114.895833333333,35.4791666666667
0.994398060864681,-114.854166666667,35.4791666666667
0.500092903205696,-114.8125,35.4791666666667
0.536222468076308,-114.770833333333,35.4791666666667
0.670509872264972,-114.729166666667,35.4791666666667
0.793550153042048,-114.6875,35.4791666666667
0.83537415902724,-114.645833333333,35.4791666666667
0.817272246238232,-114.604166666667,35.4791666666667
0.821142609006854,-114.5625,35.4791666666667
0.780345628991085,-114.520833333333,35.4791666666667
0.668752406905043,-114.479166666667,35.4791666666667
0.554684974348924,-114.4375,35.4791666666667
0.992371393229399,-114.270833333333,35.4791666666667
0.985272937061543,-114.229166666667,35.4791666666667
0.944219419158209,-114.1875,35.4791666666667
0.937802758707145,-114.145833333333,35.4791666666667
0.966569028822265,-114.104166666667,35.4791666666667
0.973197863294007,-114.0625,35.4791666666667
0.972628121920944,-114.020833333333,35.4791666666667
0.971986107191765,-113.979166666667,35.4791666666667
0.958130218454274,-113.9375,35.4791666666667
0.946296069269062,-113.895833333333,35.4791666666667
0.941298269760067,-113.854166666667,35.4791666666667
0.923382102304821,-113.8125,35.4791666666667
0.89997968149244,-113.770833333333,35.4791666666667
0.911900424855905,-113.729166666667,35.4791666666667
0.874237295153042,-113.6875,35.4791666666667
0.708869050670613,-113.645833333333,35.4791666666667
0.533457497104925,-113.604166666667,35.4791666666667
0.576770648670457,-115.5625,35.4375
0.595204032211641,-115.520833333333,35.4375
0.652788282095367,-115.479166666667,35.4375
0.74289137246594,-115.4375,35.4375
0.806074294462906,-115.395833333333,35.4375
0.806678024070794,-115.354166666667,35.4375
0.802341092192622,-115.3125,35.4375
0.819605913691573,-115.270833333333,35.4375
0.813355551530443,-115.229166666667,35.4375
0.761530697116178,-115.1875,35.4375
0.745563418629273,-115.145833333333,35.4375
0.777185558271566,-115.104166666667,35.4375
0.823101886139832,-115.0625,35.4375
0.869645206132143,-115.020833333333,35.4375
0.900893392878455,-114.979166666667,35.4375
0.930940469774265,-114.9375,35.4375
0.969502733195634,-114.895833333333,35.4375
0.99334559894,-114.854166666667,35.4375
0.547011511020547,-114.770833333333,35.4375
0.708952521553516,-114.729166666667,35.4375
0.824275853245672,-114.6875,35.4375
0.85031828104136,-114.645833333333,35.4375
0.844377814754534,-114.604166666667,35.4375
0.823595822003328,-114.5625,35.4375
0.807223286764495,-114.520833333333,35.4375
0.766561845547589,-114.479166666667,35.4375
0.657923757484926,-114.4375,35.4375
0.986819682591658,-114.229166666667,35.4375
0.970634677339181,-114.1875,35.4375
0.94973460353465,-114.145833333333,35.4375
0.971967056947117,-114.104166666667,35.4375
0.978500698657079,-114.0625,35.4375
0.973282022811482,-114.020833333333,35.4375
0.976016419499451,-113.979166666667,35.4375
0.96784501815886,-113.9375,35.4375
0.951722061075473,-113.895833333333,35.4375
0.938048177859,-113.854166666667,35.4375
0.918608380773104,-113.8125,35.4375
0.891765998400394,-113.770833333333,35.4375
0.88688102667818,-113.729166666667,35.4375
0.852850105826518,-113.6875,35.4375
0.654244868874453,-113.645833333333,35.4375
0.533115601206617,-113.604166666667,35.4375
0.514641533962463,-111.895833333333,35.4375
0.557359773505994,-111.854166666667,35.4375
0.560895372106048,-115.5625,35.3958333333333
0.577847530953446,-115.520833333333,35.3958333333333
0.656986518521389,-115.479166666667,35.3958333333333
0.748862990348836,-115.4375,35.3958333333333
0.822661796219335,-115.395833333333,35.3958333333333
0.839340341672307,-115.354166666667,35.3958333333333
0.831043302384141,-115.3125,35.3958333333333
0.827891989642546,-115.270833333333,35.3958333333333
0.789641285419876,-115.229166666667,35.3958333333333
0.71341613736459,-115.1875,35.3958333333333
0.703866472120936,-115.145833333333,35.3958333333333
0.765242080301938,-115.104166666667,35.3958333333333
0.816189325921242,-115.0625,35.3958333333333
0.852404938916888,-115.020833333333,35.3958333333333
0.892355680804582,-114.979166666667,35.3958333333333
0.929599624205592,-114.9375,35.3958333333333
0.964473946471303,-114.895833333333,35.3958333333333
0.988283453085148,-114.854166666667,35.3958333333333
0.575679464304696,-114.770833333333,35.3958333333333
0.692341761411543,-114.729166666667,35.3958333333333
0.795066787310809,-114.6875,35.3958333333333
0.844037810979656,-114.645833333333,35.3958333333333
0.861958634627815,-114.604166666667,35.3958333333333
0.832965270817292,-114.5625,35.3958333333333
0.797058984450443,-114.520833333333,35.3958333333333
0.794625769563752,-114.479166666667,35.3958333333333
0.745577862451443,-114.4375,35.3958333333333
0.575097033389567,-114.395833333333,35.3958333333333
0.968734971591312,-114.145833333333,35.3958333333333
0.971084030561931,-114.104166666667,35.3958333333333
0.979671954874047,-114.0625,35.3958333333333
0.971616434844715,-114.020833333333,35.3958333333333
0.976795710831962,-113.979166666667,35.3958333333333
0.975323633817918,-113.9375,35.3958333333333
0.959371022870897,-113.895833333333,35.3958333333333
0.9444022085713,-113.854166666667,35.3958333333333
0.934073098542168,-113.8125,35.3958333333333
0.910717220707282,-113.770833333333,35.3958333333333
0.861201036746564,-113.729166666667,35.3958333333333
0.821553003351944,-113.6875,35.3958333333333
0.668481109917672,-113.645833333333,35.3958333333333
0.619691829486198,-113.604166666667,35.3958333333333
0.530641868877543,-113.5625,35.3958333333333
0.59412724212754,-111.854166666667,35.3958333333333
0.647126224611578,-111.729166666667,35.3958333333333
0.927890524251423,-111.645833333333,35.3958333333333
0.531105542006308,-115.5625,35.3541666666667
0.563914077807536,-115.520833333333,35.3541666666667
0.667754588705808,-115.479166666667,35.3541666666667
0.758979912708969,-115.4375,35.3541666666667
0.806195369452671,-115.395833333333,35.3541666666667
0.828580147906903,-115.354166666667,35.3541666666667
0.808673542678043,-115.3125,35.3541666666667
0.779820508354621,-115.270833333333,35.3541666666667
0.711118298035857,-115.229166666667,35.3541666666667
0.654761432580871,-115.1875,35.3541666666667
0.669839493064684,-115.145833333333,35.3541666666667
0.755555825224132,-115.104166666667,35.3541666666667
0.8075731736232,-115.0625,35.3541666666667
0.833617390400641,-115.020833333333,35.3541666666667
0.886440716744056,-114.979166666667,35.3541666666667
0.927548525842522,-114.9375,35.3541666666667
0.958129553660427,-114.895833333333,35.3541666666667
0.981196819390319,-114.854166666667,35.3541666666667
0.996438632403021,-114.8125,35.3541666666667
0.999714587888668,-114.770833333333,35.3541666666667
0.673663250265528,-114.729166666667,35.3541666666667
0.734291400482072,-114.6875,35.3541666666667
0.812927644907697,-114.645833333333,35.3541666666667
0.868766860676768,-114.604166666667,35.3541666666667
0.857421478837263,-114.5625,35.3541666666667
0.779413673672226,-114.520833333333,35.3541666666667
0.777231386444265,-114.479166666667,35.3541666666667
0.762619124511333,-114.4375,35.3541666666667
0.607958555945658,-114.395833333333,35.3541666666667
0.982719780411056,-114.145833333333,35.3541666666667
0.983276422653892,-114.104166666667,35.3541666666667
0.980106994002466,-114.0625,35.3541666666667
0.974746720227488,-114.020833333333,35.3541666666667
0.979409237641112,-113.979166666667,35.3541666666667
0.976885248700607,-113.9375,35.3541666666667
0.969684319580594,-113.895833333333,35.3541666666667
0.954889133042556,-113.854166666667,35.3541666666667
0.949454000817673,-113.8125,35.3541666666667
0.95536334180441,-113.770833333333,35.3541666666667
0.868720156659386,-113.729166666667,35.3541666666667
0.731306180965727,-113.6875,35.3541666666667
0.677120047717977,-113.645833333333,35.3541666666667
0.687743417783333,-113.604166666667,35.3541666666667
0.591085668236327,-113.5625,35.3541666666667
0.986206995034137,-111.729166666667,35.3541666666667
0.999997635955886,-111.6875,35.3541666666667
0.999907989226592,-111.645833333333,35.3541666666667
0.868603225639965,-111.604166666667,35.3541666666667
0.558463854395776,-115.520833333333,35.3125
0.671009115981023,-115.479166666667,35.3125
0.731435497405263,-115.4375,35.3125
0.735624506116087,-115.395833333333,35.3125
0.707581792575953,-115.354166666667,35.3125
0.6649616564558,-115.3125,35.3125
0.648265535855782,-115.270833333333,35.3125
0.620113394276829,-115.229166666667,35.3125
0.623188472834975,-115.1875,35.3125
0.666347312526356,-115.145833333333,35.3125
0.739749527173807,-115.104166666667,35.3125
0.804285859112986,-115.0625,35.3125
0.840428595013428,-115.020833333333,35.3125
0.885607704149044,-114.979166666667,35.3125
0.926466848280991,-114.9375,35.3125
0.952033037645581,-114.895833333333,35.3125
0.974922486033195,-114.854166666667,35.3125
0.993380332939385,-114.8125,35.3125
0.998764382556166,-114.770833333333,35.3125
0.999545202374193,-114.729166666667,35.3125
0.999975898501421,-114.6875,35.3125
0.797507151137445,-114.645833333333,35.3125
0.876806129433966,-114.604166666667,35.3125
0.884868750478551,-114.5625,35.3125
0.804343027829758,-114.520833333333,35.3125
0.78425318432586,-114.479166666667,35.3125
0.733446065901197,-114.4375,35.3125
0.538188861398758,-114.395833333333,35.3125
0.989824923397759,-114.145833333333,35.3125
0.992392090037436,-114.104166666667,35.3125
0.985243397114959,-114.0625,35.3125
0.980313467510405,-114.020833333333,35.3125
0.981711024872523,-113.979166666667,35.3125
0.980373829597953,-113.9375,35.3125
0.976009447012544,-113.895833333333,35.3125
0.962334418086502,-113.854166666667,35.3125
0.955854704159584,-113.8125,35.3125
0.969547142802046,-113.770833333333,35.3125
0.890162388852505,-113.729166666667,35.3125
0.719021114180607,-113.6875,35.3125
0.645899146217652,-113.645833333333,35.3125
0.669733766556376,-113.604166666667,35.3125
0.620614028698212,-113.5625,35.3125
0.509397071899356,-111.979166666667,35.3125
0.759416106196144,-111.729166666667,35.3125
0.979693367409037,-111.6875,35.3125
0.996887878036875,-111.645833333333,35.3125
0.92218134743306,-111.604166666667,35.3125
0.514338741742171,-115.604166666667,35.2708333333333
0.509026951661143,-115.5625,35.2708333333333
0.564675318111699,-115.520833333333,35.2708333333333
0.643982634527586,-115.479166666667,35.2708333333333
0.657731003713098,-115.4375,35.2708333333333
0.616305304612293,-115.395833333333,35.2708333333333
0.541775379825887,-115.354166666667,35.2708333333333
0.517123083162188,-115.270833333333,35.2708333333333
0.567171684276278,-115.229166666667,35.2708333333333
0.625420673445178,-115.1875,35.2708333333333
0.676311138792382,-115.145833333333,35.2708333333333
0.730584540346675,-115.104166666667,35.2708333333333
0.803730925698085,-115.0625,35.2708333333333
0.85088860921165,-115.020833333333,35.2708333333333
0.905672649124428,-114.979166666667,35.2708333333333
0.942926161199292,-114.9375,35.2708333333333
0.958378820073747,-114.895833333333,35.2708333333333
0.977517685220252,-114.854166666667,35.2708333333333
0.991732377543813,-114.8125,35.2708333333333
0.995050757647795,-114.770833333333,35.2708333333333
0.997678313192533,-114.729166666667,35.2708333333333
0.999964688741715,-114.6875,35.2708333333333
0.832037726420673,-114.645833333333,35.2708333333333
0.894851098865629,-114.604166666667,35.2708333333333
0.912667153436315,-114.5625,35.2708333333333
0.847200939431515,-114.520833333333,35.2708333333333
0.817410179408668,-114.479166666667,35.2708333333333
0.731833158160941,-114.4375,35.2708333333333
0.998106010327725,-114.104166666667,35.2708333333333
0.99339793794456,-114.0625,35.2708333333333
0.982899185387,-114.020833333333,35.2708333333333
0.982239210542085,-113.979166666667,35.2708333333333
0.978986331342261,-113.9375,35.2708333333333
0.974227130947389,-113.895833333333,35.2708333333333
0.961856997819744,-113.854166666667,35.2708333333333
0.947422920904789,-113.8125,35.2708333333333
0.944264398727379,-113.770833333333,35.2708333333333
0.851087425853809,-113.729166666667,35.2708333333333
0.732827126486966,-113.6875,35.2708333333333
0.629486245896304,-113.645833333333,35.2708333333333
0.594984532526468,-113.604166666667,35.2708333333333
0.609063425697178,-113.5625,35.2708333333333
0.53174013040608,-113.520833333333,35.2708333333333
0.550546689106727,-112.020833333333,35.2708333333333
0.593813026150244,-111.979166666667,35.2708333333333
0.559874962337112,-111.9375,35.2708333333333
0.52021874699668,-111.6875,35.2708333333333
0.815087643849217,-111.604166666667,35.2708333333333
0.564964410774203,-115.604166666667,35.2291666666667
0.57943371224839,-115.5625,35.2291666666667
0.611508131737147,-115.520833333333,35.2291666666667
0.608188920279477,-115.479166666667,35.2291666666667
0.546588088647057,-115.4375,35.2291666666667
0.556945347130292,-115.229166666667,35.2291666666667
0.626625144070142,-115.1875,35.2291666666667
0.682456837921855,-115.145833333333,35.2291666666667
0.7424222444383,-115.104166666667,35.2291666666667
0.8189650805207,-115.0625,35.2291666666667
0.864929726601636,-115.020833333333,35.2291666666667
0.929345326241623,-114.979166666667,35.2291666666667
0.965009272054731,-114.9375,35.2291666666667
0.973330962245902,-114.895833333333,35.2291666666667
0.983569770746626,-114.854166666667,35.2291666666667
0.993177875135822,-114.8125,35.2291666666667
0.996412721612432,-114.770833333333,35.2291666666667
0.999370401899361,-114.729166666667,35.2291666666667
0.794290706488116,-114.6875,35.2291666666667
0.884404003972534,-114.645833333333,35.2291666666667
0.905736532236195,-114.604166666667,35.2291666666667
0.93153893145354,-114.5625,35.2291666666667
0.872682122593489,-114.520833333333,35.2291666666667
0.832460616264873,-114.479166666667,35.2291666666667
0.78933883848585,-114.4375,35.2291666666667
0.564577494591208,-114.395833333333,35.2291666666667
0.999121710364275,-114.104166666667,35.2291666666667
0.995770532941223,-114.0625,35.2291666666667
0.983789947222341,-114.020833333333,35.2291666666667
0.980573928588838,-113.979166666667,35.2291666666667
0.975017193135702,-113.9375,35.2291666666667
0.965279144978317,-113.895833333333,35.2291666666667
0.947852059395093,-113.854166666667,35.2291666666667
0.909252162824023,-113.8125,35.2291666666667
0.872697745757726,-113.770833333333,35.2291666666667
0.79714603124517,-113.729166666667,35.2291666666667
0.750105781267298,-113.6875,35.2291666666667
0.67841749724983,-113.645833333333,35.2291666666667
0.609013727855608,-113.604166666667,35.2291666666667
0.642474229002052,-113.5625,35.2291666666667
0.635273561693154,-113.520833333333,35.2291666666667
0.534228860118556,-112.229166666667,35.2291666666667
0.523695552147285,-112.1875,35.2291666666667
0.523044290017995,-112.104166666667,35.2291666666667
0.613491635612206,-112.0625,35.2291666666667
0.688250479739785,-112.020833333333,35.2291666666667
0.701927688369409,-111.979166666667,35.2291666666667
0.668681595847312,-111.9375,35.2291666666667
0.558880534189182,-111.895833333333,35.2291666666667
0.511625753288006,-111.854166666667,35.2291666666667
0.705871599904925,-115.520833333333,35.1875
0.600087390334635,-115.479166666667,35.1875
0.575847072913111,-115.229166666667,35.1875
0.645932963043264,-115.1875,35.1875
0.707850752938581,-115.145833333333,35.1875
0.770878505899881,-115.104166666667,35.1875
0.840566038698633,-115.0625,35.1875
0.885485394553638,-115.020833333333,35.1875
0.944709928355773,-114.979166666667,35.1875
0.974858856098022,-114.9375,35.1875
0.983729331086973,-114.895833333333,35.1875
0.989921208060531,-114.854166666667,35.1875
0.996519713448711,-114.8125,35.1875
0.999311410347746,-114.770833333333,35.1875
0.999988350499127,-114.729166666667,35.1875
0.864342310683038,-114.6875,35.1875
0.909001323976303,-114.645833333333,35.1875
0.920019669933361,-114.604166666667,35.1875
0.941799447958039,-114.5625,35.1875
0.888555131598579,-114.520833333333,35.1875
0.810238936550792,-114.479166666667,35.1875
0.827125549789343,-114.4375,35.1875
0.7413435917476,-114.395833333333,35.1875
0.513999724853951,-114.354166666667,35.1875
0.516927482352732,-114.145833333333,35.1875
0.554867208495463,-114.104166666667,35.1875
0.988599419686878,-114.020833333333,35.1875
0.985089403586721,-113.979166666667,35.1875
0.979619350535657,-113.9375,35.1875
0.95253813019375,-113.895833333333,35.1875
0.906162523539826,-113.854166666667,35.1875
0.858502973279174,-113.8125,35.1875
0.820586096847195,-113.770833333333,35.1875
0.790093472793488,-113.729166666667,35.1875
0.762695343922201,-113.6875,35.1875
0.725410511853993,-113.645833333333,35.1875
0.664935527663669,-113.604166666667,35.1875
0.684297299876373,-113.5625,35.1875
0.6901571563226,-113.520833333333,35.1875
0.577687340327366,-113.479166666667,35.1875
0.555225705536497,-112.3125,35.1875
0.66107563195637,-112.270833333333,35.1875
0.849872592783447,-112.229166666667,35.1875
0.823749537980374,-112.145833333333,35.1875
0.797893124203705,-112.104166666667,35.1875
0.825688273058492,-112.0625,35.1875
0.83579972089987,-112.020833333333,35.1875
0.83403739875535,-111.979166666667,35.1875
0.825834402808532,-111.9375,35.1875
0.729103524153964,-111.895833333333,35.1875
0.637637879989974,-111.854166666667,35.1875
0.511063898003732,-111.8125,35.1875
0.951558294156443,-116.1875,35.1458333333333
0.955171583985637,-116.145833333333,35.1458333333333
0.948650723117059,-116.104166666667,35.1458333333333
0.950526365429437,-116.0625,35.1458333333333
0.761518443286002,-115.520833333333,35.1458333333333
0.588151028999026,-115.479166666667,35.1458333333333
0.516647396087195,-115.270833333333,35.1458333333333
0.605182397357632,-115.229166666667,35.1458333333333
0.684232913569367,-115.1875,35.1458333333333
0.754028424436954,-115.145833333333,35.1458333333333
0.818209552311684,-115.104166666667,35.1458333333333
0.872838830999545,-115.0625,35.1458333333333
0.919782665076985,-115.020833333333,35.1458333333333
0.95757185826065,-114.979166666667,35.1458333333333
0.979424797095812,-114.9375,35.1458333333333
0.990678235677158,-114.895833333333,35.1458333333333
0.99492237170114,-114.854166666667,35.1458333333333
0.998393361930962,-114.8125,35.1458333333333
0.999909216906136,-114.770833333333,35.1458333333333
0.999999620552085,-114.729166666667,35.1458333333333
0.878338412971448,-114.6875,35.1458333333333
0.894924297703306,-114.645833333333,35.1458333333333
0.91204478651477,-114.604166666667,35.1458333333333
0.931120904414154,-114.5625,35.1458333333333
0.887209473929336,-114.520833333333,35.1458333333333
0.788548386547174,-114.479166666667,35.1458333333333
0.790182955489081,-114.4375,35.1458333333333
0.804545225028308,-114.395833333333,35.1458333333333
0.662144165020762,-114.354166666667,35.1458333333333
0.506341026364311,-114.1875,35.1458333333333
0.505081460162353,-114.145833333333,35.1458333333333
0.500700212525991,-114.104166666667,35.1458333333333
0.994885765831272,-114.020833333333,35.1458333333333
0.993015312993714,-113.979166666667,35.1458333333333
0.976600393941543,-113.9375,35.1458333333333
0.89058140954382,-113.895833333333,35.1458333333333
0.818185625385279,-113.854166666667,35.1458333333333
0.796655348270055,-113.8125,35.1458333333333
0.825129116731392,-113.770833333333,35.1458333333333
0.837258583671537,-113.729166666667,35.1458333333333
0.802479643508775,-113.6875,35.1458333333333
0.748744319954478,-113.645833333333,35.1458333333333
0.711155451180249,-113.604166666667,35.1458333333333
0.662041797627354,-113.5625,35.1458333333333
0.67468071205613,-113.520833333333,35.1458333333333
0.653881653897591,-113.479166666667,35.1458333333333
0.622472830124272,-113.4375,35.1458333333333
0.59439596856579,-113.395833333333,35.1458333333333
0.603376985879338,-112.3125,35.1458333333333
0.80493887226994,-112.270833333333,35.1458333333333
0.736221962463082,-111.8125,35.1458333333333
0.545504736223437,-111.770833333333,35.1458333333333
0.930059617660081,-116.270833333333,35.1041666666667
0.938505324628896,-116.229166666667,35.1041666666667
0.941823030909007,-116.1875,35.1041666666667
0.923535554487375,-116.145833333333,35.1041666666667
0.917915751192558,-116.104166666667,35.1041666666667
0.925348498890977,-116.0625,35.1041666666667
0.935984352288542,-116.020833333333,35.1041666666667
0.948923161368356,-115.979166666667,35.1041666666667
0.759733376378357,-115.520833333333,35.1041666666667
0.567176126425992,-115.479166666667,35.1041666666667
0.510110508310389,-115.3125,35.1041666666667
0.579703087554406,-115.270833333333,35.1041666666667
0.637673892046862,-115.229166666667,35.1041666666667
0.732348811981666,-115.1875,35.1041666666667
0.809849269349095,-115.145833333333,35.1041666666667
0.84949953125165,-115.104166666667,35.1041666666667
0.906311583956383,-115.0625,35.1041666666667
0.941118817642419,-115.020833333333,35.1041666666667
0.959880862237072,-114.979166666667,35.1041666666667
0.980672510401926,-114.9375,35.1041666666667
0.995111171589885,-114.895833333333,35.1041666666667
0.998257537342433,-114.854166666667,35.1041666666667
0.999403134087554,-114.8125,35.1041666666667
0.999985217417389,-114.770833333333,35.1041666666667
0.841883006539066,-114.729166666667,35.1041666666667
0.872851730470141,-114.6875,35.1041666666667
0.873047434410479,-114.645833333333,35.1041666666667
0.896707367029036,-114.604166666667,35.1041666666667
0.914637832069234,-114.5625,35.1041666666667
0.881474177946136,-114.520833333333,35.1041666666667
0.822486263061668,-114.479166666667,35.1041666666667
0.792083825408653,-114.4375,35.1041666666667
0.808585499970692,-114.395833333333,35.1041666666667
0.731866656244688,-114.354166666667,35.1041666666667
0.504818987812541,-114.3125,35.1041666666667
0.505462791354107,-114.1875,35.1041666666667
0.507996205860049,-114.145833333333,35.1041666666667
0.51977081077736,-114.0625,35.1041666666667
0.997170277506554,-114.020833333333,35.1041666666667
0.993714352200017,-113.979166666667,35.1041666666667
0.942744788291651,-113.9375,35.1041666666667
0.718537889546484,-113.895833333333,35.1041666666667
0.678083441603234,-113.854166666667,35.1041666666667
0.748524493798296,-113.8125,35.1041666666667
0.847973274238756,-113.770833333333,35.1041666666667
0.889871987715425,-113.729166666667,35.1041666666667
0.851211060929693,-113.6875,35.1041666666667
0.784488294922887,-113.645833333333,35.1041666666667
0.767796305202354,-113.604166666667,35.1041666666667
0.7653056122995,-113.5625,35.1041666666667
0.743967510770624,-113.520833333333,35.1041666666667
0.727922752403181,-113.479166666667,35.1041666666667
0.711137321207818,-113.4375,35.1041666666667
0.695829623873759,-113.395833333333,35.1041666666667
0.527891472038786,-113.354166666667,35.1041666666667
0.616454835738487,-112.3125,35.1041666666667
0.8690834177764,-112.270833333333,35.1041666666667
0.893889566038963,-112.229166666667,35.1041666666667
0.53509558031073,-111.979166666667,35.1041666666667
0.549761793613831,-111.9375,35.1041666666667
0.760884706031174,-111.729166666667,35.1041666666667
0.779673859110299,-111.6875,35.1041666666667
0.836524404049177,-111.645833333333,35.1041666666667
0.717529332305565,-111.604166666667,35.1041666666667
0.916822746057479,-116.270833333333,35.0625
0.921138632561405,-116.229166666667,35.0625
0.915995917932753,-116.1875,35.0625
0.90805084131087,-116.145833333333,35.0625
0.905166160169505,-116.104166666667,35.0625
0.903459004488353,-116.0625,35.0625
0.91970589036854,-116.020833333333,35.0625
0.936699003726509,-115.979166666667,35.0625
0.950580631968849,-115.9375,35.0625
0.780605859234443,-115.520833333333,35.0625
0.631702267996753,-115.479166666667,35.0625
0.535612153490969,-115.4375,35.0625
0.555635631593221,-115.395833333333,35.0625
0.591763942779032,-115.354166666667,35.0625
0.687257124144239,-115.3125,35.0625
0.698917281081581,-115.270833333333,35.0625
0.709461582599107,-115.229166666667,35.0625
0.798680785644125,-115.1875,35.0625
0.860887904025582,-115.145833333333,35.0625
0.867319905601399,-115.104166666667,35.0625
0.92497671560089,-115.0625,35.0625
0.953106809269291,-115.020833333333,35.0625
0.964671121053164,-114.979166666667,35.0625
0.980123611757687,-114.9375,35.0625
0.995894834464058,-114.895833333333,35.0625
0.999256071357579,-114.854166666667,35.0625
0.999843424052613,-114.8125,35.0625
0.999995390923109,-114.770833333333,35.0625
0.848971125758273,-114.729166666667,35.0625
0.855802947718365,-114.6875,35.0625
0.853796239324971,-114.645833333333,35.0625
0.88248759007325,-114.604166666667,35.0625
0.908162466274655,-114.5625,35.0625
0.888447866595623,-114.520833333333,35.0625
0.890025587088847,-114.479166666667,35.0625
0.909503309088301,-114.4375,35.0625
0.89566094220063,-114.395833333333,35.0625
0.771305358961702,-114.354166666667,35.0625
0.567562332020163,-114.3125,35.0625
0.503187400020568,-114.1875,35.0625
0.506589165945187,-114.145833333333,35.0625
0.511551773546967,-114.0625,35.0625
0.997088651240663,-114.020833333333,35.0625
0.987852255847043,-113.979166666667,35.0625
0.899258332749227,-113.9375,35.0625
0.604438699012602,-113.895833333333,35.0625
0.612567104507646,-113.854166666667,35.0625
0.761714538732739,-113.8125,35.0625
0.873722725679593,-113.770833333333,35.0625
0.922091181725763,-113.729166666667,35.0625
0.895201260221772,-113.6875,35.0625
0.848994484873279,-113.645833333333,35.0625
0.850304249366156,-113.604166666667,35.0625
0.870113649445702,-113.5625,35.0625
0.861701796570947,-113.520833333333,35.0625
0.804333388969278,-113.479166666667,35.0625
0.722241643983142,-113.4375,35.0625
0.681469494576673,-113.395833333333,35.0625
0.555053451489155,-113.354166666667,35.0625
0.581145738950558,-112.3125,35.0625
0.81111074045403,-112.270833333333,35.0625
0.875601427006695,-112.229166666667,35.0625
0.563251619746029,-112.020833333333,35.0625
0.683314625510117,-111.979166666667,35.0625
0.683796901613023,-111.9375,35.0625
0.586064852054397,-111.895833333333,35.0625
0.580097689378908,-111.854166666667,35.0625
0.586561403448392,-111.8125,35.0625
0.574957473471792,-111.770833333333,35.0625
0.655412434649095,-111.5625,35.0625
0.920028379355549,-116.270833333333,35.0208333333333
0.919569101107037,-116.229166666667,35.0208333333333
0.905338907514612,-116.1875,35.0208333333333
0.895249302261688,-116.145833333333,35.0208333333333
0.899706137984881,-116.104166666667,35.0208333333333
0.903166322246417,-116.0625,35.0208333333333
0.941535630636754,-116.020833333333,35.0208333333333
0.960638157995265,-115.979166666667,35.0208333333333
0.954190940686949,-115.9375,35.0208333333333
0.758603372629257,-115.479166666667,35.0208333333333
0.719268280319248,-115.4375,35.0208333333333
0.760908019834844,-115.395833333333,35.0208333333333
0.799435398929218,-115.354166666667,35.0208333333333
0.822715716309835,-115.3125,35.0208333333333
0.79613406246432,-115.270833333333,35.0208333333333
0.803967555324485,-115.229166666667,35.0208333333333
0.862269822653308,-115.1875,35.0208333333333
0.897486006792928,-115.145833333333,35.0208333333333
0.893189709318767,-115.104166666667,35.0208333333333
0.925556235229263,-115.0625,35.0208333333333
0.954138136082289,-115.020833333333,35.0208333333333
0.97113307312732,-114.979166666667,35.0208333333333
0.983318778086847,-114.9375,35.0208333333333
0.995848575724988,-114.895833333333,35.0208333333333
0.999505391544121,-114.854166666667,35.0208333333333
0.999939712253577,-114.8125,35.0208333333333
0.999998331204315,-114.770833333333,35.0208333333333
0.999999949637736,-114.729166666667,35.0208333333333
0.824213053679978,-114.6875,35.0208333333333
0.80262966659329,-114.645833333333,35.0208333333333
0.848290941638503,-114.604166666667,35.0208333333333
0.89458281655424,-114.5625,35.0208333333333
0.890364373885554,-114.520833333333,35.0208333333333
0.896945192617475,-114.479166666667,35.0208333333333
0.943593646979743,-114.4375,35.0208333333333
0.941889565396079,-114.395833333333,35.0208333333333
0.815065738763606,-114.354166666667,35.0208333333333
0.62816348311544,-114.3125,35.0208333333333
0.518858910087676,-114.270833333333,35.0208333333333
0.504694514897543,-114.229166666667,35.0208333333333
0.511614439446785,-114.1875,35.0208333333333
0.508664846565321,-114.145833333333,35.0208333333333
0.509813178504797,-114.0625,35.0208333333333
0.995676001183928,-114.020833333333,35.0208333333333
0.959031896747138,-113.979166666667,35.0208333333333
0.838355748937725,-113.9375,35.0208333333333
0.645034080042769,-113.895833333333,35.0208333333333
0.667639432420243,-113.854166666667,35.0208333333333
0.827604742570748,-113.8125,35.0208333333333
0.910876356173898,-113.770833333333,35.0208333333333
0.937864124198637,-113.729166666667,35.0208333333333
0.920897284572533,-113.6875,35.0208333333333
0.909053223133374,-113.645833333333,35.0208333333333
0.927032569790428,-113.604166666667,35.0208333333333
0.923922986141953,-113.5625,35.0208333333333
0.88319565483358,-113.520833333333,35.0208333333333
0.787263385808141,-113.479166666667,35.0208333333333
0.668668451621082,-113.4375,35.0208333333333
0.621201919733783,-113.395833333333,35.0208333333333
0.57411211659077,-113.354166666667,35.0208333333333
0.506776273299067,-113.3125,35.0208333333333
0.67417374056179,-112.9375,35.0208333333333
0.699268475830273,-112.895833333333,35.0208333333333
0.512058547309415,-112.520833333333,35.0208333333333
0.509214149130757,-112.479166666667,35.0208333333333
0.501223628029351,-112.4375,35.0208333333333
0.551669819500874,-112.3125,35.0208333333333
0.666519606523034,-112.270833333333,35.0208333333333
0.793856878083149,-112.229166666667,35.0208333333333
0.918361382702381,-112.1875,35.0208333333333
0.981331592807244,-112.145833333333,35.0208333333333
0.530610493819889,-112.0625,35.0208333333333
0.612581520819882,-112.020833333333,35.0208333333333
0.679636345743169,-111.979166666667,35.0208333333333
0.709794789035739,-111.9375,35.0208333333333
0.689207187654435,-111.895833333333,35.0208333333333
0.742042519255824,-111.854166666667,35.0208333333333
0.829362849527205,-111.8125,35.0208333333333
0.891407969028206,-111.770833333333,35.0208333333333
0.847096779058544,-111.729166666667,35.0208333333333
0.726463510663506,-111.6875,35.0208333333333
0.620137011951885,-111.645833333333,35.0208333333333
0.670638187923992,-111.520833333333,35.0208333333333
0.914788032685995,-116.229166666667,34.9791666666667
0.902687533405891,-116.1875,34.9791666666667
0.899472790664403,-116.145833333333,34.9791666666667
0.918849873719683,-116.104166666667,34.9791666666667
0.938431521633013,-116.0625,34.9791666666667
0.964156392730034,-116.020833333333,34.9791666666667
0.985514990514327,-115.979166666667,34.9791666666667
0.981367778705125,-115.9375,34.9791666666667
0.975163938279929,-115.895833333333,34.9791666666667
0.973366977549057,-115.854166666667,34.9791666666667
0.974727027337305,-115.8125,34.9791666666667
0.979326258455605,-115.770833333333,34.9791666666667
0.842838915351862,-115.479166666667,34.9791666666667
0.842547793555435,-115.4375,34.9791666666667
0.879023391252112,-115.395833333333,34.9791666666667
0.896635518500083,-115.354166666667,34.9791666666667
0.887830518922264,-115.3125,34.9791666666667
0.8747994218443,-115.270833333333,34.9791666666667
0.89784672388128,-115.229166666667,34.9791666666667
0.913614877698016,-115.1875,34.9791666666667
0.92904457677759,-115.145833333333,34.9791666666667
0.929361029791263,-115.104166666667,34.9791666666667
0.940576002116211,-115.0625,34.9791666666667
0.959594271517661,-115.020833333333,34.9791666666667
0.979069688798866,-114.979166666667,34.9791666666667
0.991193833760395,-114.9375,34.9791666666667
0.998036282839035,-114.895833333333,34.9791666666667
0.999762325094755,-114.854166666667,34.9791666666667
0.999971782607031,-114.8125,34.9791666666667
0.999998234990908,-114.770833333333,34.9791666666667
0.999999666826663,-114.729166666667,34.9791666666667
0.771751084609923,-114.6875,34.9791666666667
0.745260430712679,-114.645833333333,34.9791666666667
0.800080139371852,-114.604166666667,34.9791666666667
0.860851174421298,-114.5625,34.9791666666667
0.879054234914623,-114.520833333333,34.9791666666667
0.862471641372025,-114.479166666667,34.9791666666667
0.878976991273666,-114.4375,34.9791666666667
0.909175985845659,-114.395833333333,34.9791666666667
0.999999760725561,-114.354166666667,34.9791666666667
0.999971190351424,-114.3125,34.9791666666667
0.605623786858252,-114.270833333333,34.9791666666667
0.526476893111706,-114.229166666667,34.9791666666667
0.50775948199648,-114.1875,34.9791666666667
0.501983464339904,-114.145833333333,34.9791666666667
0.512333093308073,-114.0625,34.9791666666667
0.996967741835584,-114.020833333333,34.9791666666667
0.94112360030961,-113.979166666667,34.9791666666667
0.78013588074493,-113.9375,34.9791666666667
0.717534686711817,-113.895833333333,34.9791666666667
0.762602380416517,-113.854166666667,34.9791666666667
0.898947645109268,-113.8125,34.9791666666667
0.95632226335397,-113.770833333333,34.9791666666667
0.963700629727241,-113.729166666667,34.9791666666667
0.950058841792223,-113.6875,34.9791666666667
0.942000719566898,-113.645833333333,34.9791666666667
0.947304845547541,-113.604166666667,34.9791666666667
0.940514596869408,-113.5625,34.9791666666667
0.907062857512213,-113.520833333333,34.9791666666667
0.837866397293033,-113.479166666667,34.9791666666667
0.718539367635353,-113.4375,34.9791666666667
0.659774148878514,-113.395833333333,34.9791666666667
0.640958079080507,-113.354166666667,34.9791666666667
0.59875576731046,-113.3125,34.9791666666667
0.536180041282261,-113.270833333333,34.9791666666667
0.746378708532481,-112.979166666667,34.9791666666667
0.973486290045809,-112.9375,34.9791666666667
0.931378970818893,-112.895833333333,34.9791666666667
0.523024234928222,-112.854166666667,34.9791666666667
0.57751040160909,-112.479166666667,34.9791666666667
0.610197744385879,-112.4375,34.9791666666667
0.597268705268875,-112.395833333333,34.9791666666667
0.583321733343101,-112.354166666667,34.9791666666667
0.545182818915064,-112.3125,34.9791666666667
0.550417598813034,-112.270833333333,34.9791666666667
0.608037382070587,-112.229166666667,34.9791666666667
0.70100679606741,-112.1875,34.9791666666667
0.848619184844619,-112.145833333333,34.9791666666667
0.956954268120389,-112.104166666667,34.9791666666667
0.973799932310327,-112.0625,34.9791666666667
0.983042419615676,-112.020833333333,34.9791666666667
0.99868003895116,-111.979166666667,34.9791666666667
0.686693617802563,-111.9375,34.9791666666667
0.77572497134973,-111.895833333333,34.9791666666667
0.828630418579388,-111.854166666667,34.9791666666667
0.873393617626149,-111.8125,34.9791666666667
0.93523225856979,-111.770833333333,34.9791666666667
0.9360642156954,-111.729166666667,34.9791666666667
0.772422802769091,-111.6875,34.9791666666667
0.560976069012447,-111.645833333333,34.9791666666667
0.597000828539913,-111.4375,34.9791666666667
0.534208152492534,-111.395833333333,34.9791666666667
0.913099263112954,-116.229166666667,34.9375
0.906289702192337,-116.1875,34.9375
0.928939965520518,-116.145833333333,34.9375
0.952196274929985,-116.104166666667,34.9375
0.971759383644681,-116.0625,34.9375
0.974412371445962,-116.020833333333,34.9375
0.985780802406146,-115.979166666667,34.9375
0.989876557021205,-115.9375,34.9375
0.982458124521961,-115.895833333333,34.9375
0.966425732776596,-115.854166666667,34.9375
0.972852894152475,-115.8125,34.9375
0.983272049175143,-115.770833333333,34.9375
0.902927400651701,-115.479166666667,34.9375
0.921650702582633,-115.4375,34.9375
0.936144086324165,-115.395833333333,34.9375
0.938522481378836,-115.354166666667,34.9375
0.9383086863893,-115.3125,34.9375
0.942432003156997,-115.270833333333,34.9375
0.959457554623944,-115.229166666667,34.9375
0.965085327082432,-115.1875,34.9375
0.96213097070448,-115.145833333333,34.9375
0.960804334072368,-115.104166666667,34.9375
0.967764189641998,-115.0625,34.9375
0.979129033485992,-115.020833333333,34.9375
0.991484891235945,-114.979166666667,34.9375
0.997860334933638,-114.9375,34.9375
0.999463420103874,-114.895833333333,34.9375
0.999869502001872,-114.854166666667,34.9375
0.999973696889576,-114.8125,34.9375
0.999994396034143,-114.770833333333,34.9375
0.999998192419112,-114.729166666667,34.9375
0.999998155679506,-114.6875,34.9375
0.701034963954467,-114.645833333333,34.9375
0.729482173850357,-114.604166666667,34.9375
0.794963015226364,-114.5625,34.9375
0.854741730582613,-114.520833333333,34.9375
0.855397094217129,-114.479166666667,34.9375
0.820817145284221,-114.4375,34.9375
0.852628066464397,-114.395833333333,34.9375
0.999999967898461,-114.354166666667,34.9375
0.999999390384488,-114.3125,34.9375
0.999994188993738,-114.270833333333,34.9375
0.99987592010322,-114.229166666667,34.9375
0.517425117467115,-114.1875,34.9375
0.502495372861675,-114.145833333333,34.9375
0.501418292307631,-114.0625,34.9375
0.998508830715204,-114.020833333333,34.9375
0.986618245602206,-113.979166666667,34.9375
0.882915806639288,-113.9375,34.9375
0.79880965479831,-113.895833333333,34.9375
0.813464603653547,-113.854166666667,34.9375
0.923045891625465,-113.8125,34.9375
0.985052102529025,-113.770833333333,34.9375
0.989639325749057,-113.729166666667,34.9375
0.97903231460322,-113.6875,34.9375
0.967664149517008,-113.645833333333,34.9375
0.969598669379275,-113.604166666667,34.9375
0.980145792131024,-113.5625,34.9375
0.963083336189413,-113.520833333333,34.9375
0.913262420022192,-113.479166666667,34.9375
0.823169772815509,-113.4375,34.9375
0.748577745463473,-113.395833333333,34.9375
0.7274727739758,-113.354166666667,34.9375
0.746387315108643,-113.3125,34.9375
0.776315463888661,-113.270833333333,34.9375
0.769708191499252,-113.229166666667,34.9375
0.716588513505181,-113.1875,34.9375
0.739302093337446,-113.145833333333,34.9375
0.699065631529585,-113.104166666667,34.9375
0.628358717753559,-113.0625,34.9375
0.744459198494649,-113.020833333333,34.9375
0.90090517306898,-112.979166666667,34.9375
0.958263136528166,-112.9375,34.9375
0.839986376856531,-112.895833333333,34.9375
0.567328262962515,-112.4375,34.9375
0.598644789592468,-112.395833333333,34.9375
0.582454217631104,-112.354166666667,34.9375
0.516771594981266,-112.3125,34.9375
0.530879459074057,-112.1875,34.9375
0.670366034800265,-112.145833333333,34.9375
0.788783435628142,-112.104166666667,34.9375
0.865598135369532,-112.0625,34.9375
0.938556488215997,-112.020833333333,34.9375
0.989900591886675,-111.979166666667,34.9375
0.996032286360322,-111.9375,34.9375
0.689322736434711,-111.895833333333,34.9375
0.703955951902708,-111.854166666667,34.9375
0.715305394150507,-111.8125,34.9375
0.831965305555807,-111.770833333333,34.9375
0.881217156540317,-111.729166666667,34.9375
0.69667173913449,-111.6875,34.9375
0.629098127948152,-111.395833333333,34.9375
0.533004436551486,-111.354166666667,34.9375
0.913831994861378,-116.1875,34.8958333333333
0.937377400006316,-116.145833333333,34.8958333333333
0.953462670570378,-116.104166666667,34.8958333333333
0.959047510759685,-116.0625,34.8958333333333
0.971245262542963,-116.020833333333,34.8958333333333
0.983344064478421,-115.979166666667,34.8958333333333
0.976378179419061,-115.9375,34.8958333333333
0.965428402277768,-115.895833333333,34.8958333333333
0.962306436444447,-115.854166666667,34.8958333333333
0.973206675380201,-115.8125,34.8958333333333
0.98316180403658,-115.770833333333,34.8958333333333
0.941936767192814,-115.479166666667,34.8958333333333
0.959722262833508,-115.4375,34.8958333333333
0.967988888315927,-115.395833333333,34.8958333333333
0.970459619357744,-115.354166666667,34.8958333333333
0.976046969199557,-115.3125,34.8958333333333
0.98245663149524,-115.270833333333,34.8958333333333
0.989445405950492,-115.229166666667,34.8958333333333
0.992046770140461,-115.1875,34.8958333333333
0.987453057850495,-115.145833333333,34.8958333333333
0.978923956344505,-115.104166666667,34.8958333333333
0.980067583590567,-115.0625,34.8958333333333
0.987117480780055,-115.020833333333,34.8958333333333
0.997068132686166,-114.979166666667,34.8958333333333
0.999282322725594,-114.9375,34.8958333333333
0.999696994631911,-114.895833333333,34.8958333333333
0.99985695467403,-114.854166666667,34.8958333333333
0.999965736191561,-114.8125,34.8958333333333
0.999991460226013,-114.770833333333,34.8958333333333
0.999997180276086,-114.729166666667,34.8958333333333
0.999998021565734,-114.6875,34.8958333333333
0.674828366799331,-114.645833333333,34.8958333333333
0.639669352088238,-114.604166666667,34.8958333333333
0.698222503876014,-114.5625,34.8958333333333
0.797050236101837,-114.520833333333,34.8958333333333
0.841982504557996,-114.479166666667,34.8958333333333
0.820608092259534,-114.4375,34.8958333333333
0.819179741263901,-114.395833333333,34.8958333333333
0.999999910232565,-114.354166666667,34.8958333333333
0.999999622879679,-114.3125,34.8958333333333
0.999999501691185,-114.270833333333,34.8958333333333
0.99999922232615,-114.229166666667,34.8958333333333
0.999688437976619,-114.1875,34.8958333333333
0.529774464369693,-114.145833333333,34.8958333333333
0.513029810753426,-114.104166666667,34.8958333333333
0.500806123575773,-114.0625,34.8958333333333
0.534484337017752,-114.020833333333,34.8958333333333
0.996306810471766,-113.979166666667,34.8958333333333
0.98050173064704,-113.9375,34.8958333333333
0.903053496914619,-113.895833333333,34.8958333333333
0.84613560072172,-113.854166666667,34.8958333333333
0.934608014747625,-113.8125,34.8958333333333
0.993697766769193,-113.770833333333,34.8958333333333
0.998518760139399,-113.729166666667,34.8958333333333
0.99212440783006,-113.604166666667,34.8958333333333
0.995253006615296,-113.5625,34.8958333333333
0.98905575387832,-113.520833333333,34.8958333333333
0.954841162220388,-113.479166666667,34.8958333333333
0.90042253517236,-113.4375,34.8958333333333
0.846297978888864,-113.395833333333,34.8958333333333
0.843990575702118,-113.354166666667,34.8958333333333
0.889354458930406,-113.3125,34.8958333333333
0.939282857184344,-113.270833333333,34.8958333333333
0.960083936100969,-113.229166666667,34.8958333333333
0.953326112240787,-113.1875,34.8958333333333
0.957521571251534,-113.145833333333,34.8958333333333
0.931379149870325,-113.104166666667,34.8958333333333
0.89563109469584,-113.0625,34.8958333333333
0.940584561520006,-113.020833333333,34.8958333333333
0.98126742579635,-112.979166666667,34.8958333333333
0.962982302615701,-112.9375,34.8958333333333
0.709994808434595,-112.895833333333,34.8958333333333
0.511143906133847,-112.1875,34.8958333333333
0.62241037244025,-112.145833333333,34.8958333333333
0.722556046464309,-112.104166666667,34.8958333333333
0.836563445869972,-112.0625,34.8958333333333
0.955480497178787,-112.020833333333,34.8958333333333
0.959497714909671,-111.979166666667,34.8958333333333
0.970516597573481,-111.9375,34.8958333333333
0.985054016212994,-111.895833333333,34.8958333333333
0.984774724098933,-111.854166666667,34.8958333333333
0.987336909460923,-111.8125,34.8958333333333
0.9974997435425,-111.770833333333,34.8958333333333
0.700761471074608,-111.729166666667,34.8958333333333
0.672960784288621,-111.6875,34.8958333333333
0.521589185902577,-111.645833333333,34.8958333333333
0.740356013941821,-111.395833333333,34.8958333333333
0.578175110461986,-111.354166666667,34.8958333333333
0.906147022106586,-116.229166666667,34.8541666666667
0.90722907595007,-116.1875,34.8541666666667
0.902331625195619,-116.145833333333,34.8541666666667
0.913580050842895,-116.104166666667,34.8541666666667
0.935089690435958,-116.0625,34.8541666666667
0.956405089730439,-116.020833333333,34.8541666666667
0.973245958225882,-115.979166666667,34.8541666666667
0.974048656225197,-115.9375,34.8541666666667
0.966498454791264,-115.895833333333,34.8541666666667
0.968588761616615,-115.854166666667,34.8541666666667
0.978054918261347,-115.8125,34.8541666666667
0.983949943213096,-115.770833333333,34.8541666666667
0.952204539160522,-115.520833333333,34.8541666666667
0.970601863725705,-115.479166666667,34.8541666666667
0.977297417698887,-115.4375,34.8541666666667
0.987731604634126,-115.395833333333,34.8541666666667
0.992869723544458,-115.354166666667,34.8541666666667
0.995258276683125,-115.3125,34.8541666666667
0.99616317723987,-115.270833333333,34.8541666666667
0.996823645333424,-115.229166666667,34.8541666666667
0.99732136963428,-115.1875,34.8541666666667
0.995831851705069,-115.145833333333,34.8541666666667
0.989231572738696,-115.104166666667,34.8541666666667
0.986581438202091,-115.0625,34.8541666666667
0.991288097915393,-115.020833333333,34.8541666666667
0.99834121606785,-114.979166666667,34.8541666666667
0.999512847792809,-114.9375,34.8541666666667
0.999701524284433,-114.895833333333,34.8541666666667
0.999857776661744,-114.854166666667,34.8541666666667
0.999960225642368,-114.8125,34.8541666666667
0.999991758017298,-114.770833333333,34.8541666666667
0.999998456223455,-114.729166666667,34.8541666666667
0.999998663085515,-114.6875,34.8541666666667
0.999983525827093,-114.645833333333,34.8541666666667
0.581462031666322,-114.604166666667,34.8541666666667
0.596339074492201,-114.5625,34.8541666666667
0.689223610038184,-114.520833333333,34.8541666666667
0.783825141162842,-114.479166666667,34.8541666666667
0.812467322105154,-114.4375,34.8541666666667
0.795654780443416,-114.395833333333,34.8541666666667
0.763494092391985,-114.354166666667,34.8541666666667
0.739542356572623,-114.3125,34.8541666666667
0.99999665075816,-114.270833333333,34.8541666666667
0.999997618464697,-114.229166666667,34.8541666666667
0.999936470719852,-114.1875,34.8541666666667
0.555029125136998,-114.145833333333,34.8541666666667
0.527577823737053,-114.104166666667,34.8541666666667
0.971576347017641,-113.895833333333,34.8541666666667
0.912386195237177,-113.854166666667,34.8541666666667
0.961547000222338,-113.8125,34.8541666666667
0.995069247328521,-113.770833333333,34.8541666666667
0.999071501020315,-113.729166666667,34.8541666666667
0.555608253528216,-113.6875,34.8541666666667
0.516263289610797,-113.604166666667,34.8541666666667
0.99944565296672,-113.5625,34.8541666666667
0.998297009820888,-113.520833333333,34.8541666666667
0.986855533606951,-113.479166666667,34.8541666666667
0.95997344166546,-113.4375,34.8541666666667
0.93446640104345,-113.395833333333,34.8541666666667
0.947763461085309,-113.354166666667,34.8541666666667
0.971547808531195,-113.3125,34.8541666666667
0.988591647337886,-113.270833333333,34.8541666666667
0.99409833537922,-113.229166666667,34.8541666666667
0.994293961628355,-113.1875,34.8541666666667
0.995892001186162,-113.145833333333,34.8541666666667
0.994301515411502,-113.104166666667,34.8541666666667
0.989515672594427,-113.0625,34.8541666666667
0.986810776269919,-113.020833333333,34.8541666666667
0.990355020358663,-112.979166666667,34.8541666666667
0.996980428553937,-112.9375,34.8541666666667
0.942394358729967,-112.895833333333,34.8541666666667
0.578378473715632,-112.854166666667,34.8541666666667
0.552018873670847,-112.229166666667,34.8541666666667
0.629101277476647,-112.1875,34.8541666666667
0.743589108683953,-112.145833333333,34.8541666666667
0.798050515488999,-112.104166666667,34.8541666666667
0.827605739208986,-112.0625,34.8541666666667
0.916409400452157,-112.020833333333,34.8541666666667
0.951594249963374,-111.979166666667,34.8541666666667
0.970757165687844,-111.9375,34.8541666666667
0.977962916629689,-111.895833333333,34.8541666666667
0.981383476287873,-111.854166666667,34.8541666666667
0.980803347502323,-111.8125,34.8541666666667
0.981722589371449,-111.770833333333,34.8541666666667
0.999095838169068,-111.729166666667,34.8541666666667
0.676146468173878,-111.6875,34.8541666666667
0.603815043461614,-111.645833333333,34.8541666666667
0.665221453508817,-111.354166666667,34.8541666666667
0.887045415750273,-116.229166666667,34.8125
0.903647269347027,-116.1875,34.8125
0.89782596165831,-116.145833333333,34.8125
0.884851352260741,-116.104166666667,34.8125
0.900474563273239,-116.0625,34.8125
0.930169231550957,-116.020833333333,34.8125
0.946279506038323,-115.979166666667,34.8125
0.961211415546697,-115.9375,34.8125
0.967308632246355,-115.895833333333,34.8125
0.968997728992581,-115.854166666667,34.8125
0.973874837199871,-115.8125,34.8125
0.961152910854501,-115.520833333333,34.8125
0.981216470494601,-115.479166666667,34.8125
0.985637912263524,-115.4375,34.8125
0.994682713240126,-115.395833333333,34.8125
0.998209442345853,-115.354166666667,34.8125
0.998923528723452,-115.3125,34.8125
0.998686191471061,-115.270833333333,34.8125
0.998188297578617,-115.229166666667,34.8125
0.998466838113149,-115.1875,34.8125
0.998406516546614,-115.145833333333,34.8125
0.995192829930436,-115.104166666667,34.8125
0.991193334026983,-115.0625,34.8125
0.994615167348862,-115.020833333333,34.8125
0.998672271065983,-114.979166666667,34.8125
0.999461788133672,-114.9375,34.8125
0.999511694927491,-114.895833333333,34.8125
0.999792853959463,-114.854166666667,34.8125
0.999969150124266,-114.8125,34.8125
0.999996851092017,-114.770833333333,34.8125
0.999999569601903,-114.729166666667,34.8125
0.999999294749185,-114.6875,34.8125
0.999994783746473,-114.645833333333,34.8125
0.604729814366753,-114.604166666667,34.8125
0.529949650730899,-114.5625,34.8125
0.587539620420073,-114.520833333333,34.8125
0.708796393304238,-114.479166666667,34.8125
0.999999340955455,-114.4375,34.8125
0.999999451311141,-114.395833333333,34.8125
0.999997832288484,-114.354166666667,34.8125
0.700272031608525,-114.3125,34.8125
0.99995247746047,-114.270833333333,34.8125
0.644380747811573,-114.229166666667,34.8125
0.611622963017415,-114.1875,34.8125
0.571341604647732,-114.145833333333,34.8125
0.534598423878437,-114.104166666667,34.8125
0.981453436505315,-113.895833333333,34.8125
0.933063282597203,-113.854166666667,34.8125
0.565257055409573,-113.770833333333,34.8125
0.618051344307386,-113.729166666667,34.8125
0.573076060120239,-113.6875,34.8125
0.501921940670594,-113.645833333333,34.8125
0.533686799985997,-113.604166666667,34.8125
0.637708291736402,-113.5625,34.8125
0.999679344454891,-113.520833333333,34.8125
0.997336657377532,-113.479166666667,34.8125
0.990477226655594,-113.4375,34.8125
0.985086195113193,-113.395833333333,34.8125
0.988908516779761,-113.354166666667,34.8125
0.993918027650095,-113.3125,34.8125
0.99661720004289,-113.270833333333,34.8125
0.997480795523104,-113.229166666667,34.8125
0.998642656987127,-113.1875,34.8125
0.999790921121555,-113.145833333333,34.8125
0.999922434851654,-113.104166666667,34.8125
0.999647584313393,-113.0625,34.8125
0.996333800831424,-113.020833333333,34.8125
0.987934738423758,-112.979166666667,34.8125
0.993722218357665,-112.9375,34.8125
0.977929905835193,-112.895833333333,34.8125
0.875444827321601,-112.854166666667,34.8125
0.552720425394432,-112.229166666667,34.8125
0.74108189207826,-112.1875,34.8125
0.88142892855763,-112.145833333333,34.8125
0.882239802710333,-112.104166666667,34.8125
0.843322193969781,-112.0625,34.8125
0.905055124441662,-112.020833333333,34.8125
0.95945834657123,-111.979166666667,34.8125
0.980366473230073,-111.9375,34.8125
0.986174024311414,-111.895833333333,34.8125
0.990922699031358,-111.854166666667,34.8125
0.993515354567391,-111.8125,34.8125
0.994821473380735,-111.770833333333,34.8125
0.999051376513348,-111.729166666667,34.8125
0.619393804697669,-111.6875,34.8125
0.592221514263288,-111.645833333333,34.8125
0.748188933868568,-111.354166666667,34.8125
0.865127680881672,-116.229166666667,34.7708333333333
0.883912534451302,-116.1875,34.7708333333333
0.885215763651566,-116.145833333333,34.7708333333333
0.865501759450108,-116.104166666667,34.7708333333333
0.877862471674681,-116.0625,34.7708333333333
0.901846333765978,-116.020833333333,34.7708333333333
0.913065378800434,-115.979166666667,34.7708333333333
0.93671333122968,-115.9375,34.7708333333333
0.956329901920832,-115.895833333333,34.7708333333333
0.956713972336171,-115.854166666667,34.7708333333333
0.958867480791436,-115.8125,34.7708333333333
0.867090911400458,-115.604166666667,34.7708333333333
0.92038774025278,-115.5625,34.7708333333333
0.974984180526583,-115.520833333333,34.7708333333333
0.98539743444878,-115.479166666667,34.7708333333333
0.989620536818826,-115.4375,34.7708333333333
0.997355065939819,-115.395833333333,34.7708333333333
0.998699151427825,-115.354166666667,34.7708333333333
0.998966280995286,-115.3125,34.7708333333333
0.998819556519034,-115.270833333333,34.7708333333333
0.998657573967091,-115.229166666667,34.7708333333333
0.999129689138495,-115.1875,34.7708333333333
0.999369248738189,-115.145833333333,34.7708333333333
0.998675051388083,-115.104166666667,34.7708333333333
0.996647419028104,-115.0625,34.7708333333333
0.996971672772015,-115.020833333333,34.7708333333333
0.998806099593068,-114.979166666667,34.7708333333333
0.999398103387314,-114.9375,34.7708333333333
0.999358462863862,-114.895833333333,34.7708333333333
0.999637627484701,-114.854166666667,34.7708333333333
0.99995293771476,-114.8125,34.7708333333333
0.999995442214028,-114.770833333333,34.7708333333333
0.999999033487398,-114.729166666667,34.7708333333333
0.999998976965836,-114.6875,34.7708333333333
0.999997536056103,-114.645833333333,34.7708333333333
0.999968613588177,-114.604166666667,34.7708333333333
0.540572077454091,-114.5625,34.7708333333333
0.540055140687719,-114.520833333333,34.7708333333333
0.647507977939279,-114.479166666667,34.7708333333333
0.99999620635741,-114.4375,34.7708333333333
0.999998699752686,-114.395833333333,34.7708333333333
0.999998142424824,-114.354166666667,34.7708333333333
0.999992592667423,-114.3125,34.7708333333333
0.664229087399329,-114.270833333333,34.7708333333333
0.623694955235044,-114.229166666667,34.7708333333333
0.596027520539935,-114.1875,34.7708333333333
0.576697284479993,-114.145833333333,34.7708333333333
0.546607644274244,-114.104166666667,34.7708333333333
0.505842033545473,-114.0625,34.7708333333333
0.991425085668301,-113.9375,34.7708333333333
0.981134445117664,-113.895833333333,34.7708333333333
0.652051738066734,-113.770833333333,34.7708333333333
0.708420224854945,-113.729166666667,34.7708333333333
0.639703964582763,-113.6875,34.7708333333333
0.549974962813167,-113.645833333333,34.7708333333333
0.538133514666172,-113.604166666667,34.7708333333333
0.642592301607859,-113.5625,34.7708333333333
0.674425893707972,-113.520833333333,34.7708333333333
0.999380796219699,-113.479166666667,34.7708333333333
0.9985311982812,-113.4375,34.7708333333333
0.998349933373765,-113.395833333333,34.7708333333333
0.997883319716109,-113.354166666667,34.7708333333333
0.997933799707675,-113.3125,34.7708333333333
0.997859715259196,-113.270833333333,34.7708333333333
0.99798237486024,-113.229166666667,34.7708333333333
0.631347663266798,-113.1875,34.7708333333333
0.74213213966067,-113.145833333333,34.7708333333333
0.999994268312888,-113.104166666667,34.7708333333333
0.999962803480782,-113.0625,34.7708333333333
0.999078327863045,-113.020833333333,34.7708333333333
0.990724243216437,-112.979166666667,34.7708333333333
0.983838556126633,-112.9375,34.7708333333333
0.967278466092691,-112.895833333333,34.7708333333333
0.97329650251159,-112.854166666667,34.7708333333333
0.88846403519445,-112.8125,34.7708333333333
0.526606633242418,-112.770833333333,34.7708333333333
0.500599973448794,-112.229166666667,34.7708333333333
0.743264321955535,-112.1875,34.7708333333333
0.886982933931659,-112.145833333333,34.7708333333333
0.887424013979259,-112.104166666667,34.7708333333333
0.838962352219061,-112.0625,34.7708333333333
0.847552988902276,-112.020833333333,34.7708333333333
0.929747955514412,-111.979166666667,34.7708333333333
0.972092106421241,-111.9375,34.7708333333333
0.984802764656098,-111.895833333333,34.7708333333333
0.994081946460005,-111.854166666667,34.7708333333333
0.995740507669489,-111.8125,34.7708333333333
0.993559081419974,-111.770833333333,34.7708333333333
0.995657895561114,-111.729166666667,34.7708333333333
0.997266499217913,-111.6875,34.7708333333333
0.539224344505529,-111.645833333333,34.7708333333333
0.838553932832107,-111.354166666667,34.7708333333333
0.826273584164341,-116.229166666667,34.7291666666667
0.833846695974479,-116.1875,34.7291666666667
0.83591789039583,-116.145833333333,34.7291666666667
0.827343843984356,-116.104166666667,34.7291666666667
0.847505677687733,-116.0625,34.7291666666667
0.875951157987629,-116.020833333333,34.7291666666667
0.887352427244778,-115.979166666667,34.7291666666667
0.898141017775796,-115.9375,34.7291666666667
0.916863980453141,-115.895833333333,34.7291666666667
0.927489555688462,-115.854166666667,34.7291666666667
0.943605565421744,-115.8125,34.7291666666667
0.963349452803666,-115.770833333333,34.7291666666667
0.962128011212504,-115.729166666667,34.7291666666667
0.936175677298856,-115.6875,34.7291666666667
0.907048466846159,-115.645833333333,34.7291666666667
0.916010098308586,-115.604166666667,34.7291666666667
0.970763422786649,-115.5625,34.7291666666667
0.991565792270159,-115.520833333333,34.7291666666667
0.993127412029304,-115.479166666667,34.7291666666667
0.994456262989773,-115.4375,34.7291666666667
0.997359582157723,-115.395833333333,34.7291666666667
0.998109517129058,-115.354166666667,34.7291666666667
0.998705163357406,-115.3125,34.7291666666667
0.998964525504262,-115.270833333333,34.7291666666667
0.999257142721384,-115.229166666667,34.7291666666667
0.999716381212173,-115.1875,34.7291666666667
0.999836180282048,-115.145833333333,34.7291666666667
0.999548667502112,-115.104166666667,34.7291666666667
0.998363194627962,-115.0625,34.7291666666667
0.998257642811848,-115.020833333333,34.7291666666667
0.999218593264212,-114.979166666667,34.7291666666667
0.999559392152431,-114.9375,34.7291666666667
0.999502914818891,-114.895833333333,34.7291666666667
0.999602061254849,-114.854166666667,34.7291666666667
0.999917109147324,-114.8125,34.7291666666667
0.999980309527446,-114.770833333333,34.7291666666667
0.99999776548941,-114.729166666667,34.7291666666667
0.999998889533056,-114.6875,34.7291666666667
0.999997329668835,-114.645833333333,34.7291666666667
0.999992621043961,-114.604166666667,34.7291666666667
0.999965099593007,-114.5625,34.7291666666667
0.999906803275269,-114.520833333333,34.7291666666667
0.999945195491561,-114.479166666667,34.7291666666667
0.999996510193923,-114.4375,34.7291666666667
0.999999252862882,-114.395833333333,34.7291666666667
0.999998718907355,-114.354166666667,34.7291666666667
0.999995677774027,-114.3125,34.7291666666667
0.999978519994161,-114.270833333333,34.7291666666667
0.638855186298642,-114.229166666667,34.7291666666667
0.602405175474656,-114.1875,34.7291666666667
0.568319927144735,-114.145833333333,34.7291666666667
0.546719805492299,-114.104166666667,34.7291666666667
0.515040906813352,-114.0625,34.7291666666667
0.995218762044404,-113.979166666667,34.7291666666667
0.993069123548945,-113.9375,34.7291666666667
0.992260149899484,-113.895833333333,34.7291666666667
0.986536857437526,-113.854166666667,34.7291666666667
0.504301746241039,-113.8125,34.7291666666667
0.722841461953567,-113.770833333333,34.7291666666667
0.782763675276062,-113.729166666667,34.7291666666667
0.741118402505886,-113.6875,34.7291666666667
0.615105493981706,-113.645833333333,34.7291666666667
0.529164492475454,-113.604166666667,34.7291666666667
0.632782536457048,-113.5625,34.7291666666667
0.68628404114778,-113.520833333333,34.7291666666667
0.999662382956773,-113.479166666667,34.7291666666667
0.999392625893759,-113.4375,34.7291666666667
0.9995752877485,-113.395833333333,34.7291666666667
0.99959668333057,-113.354166666667,34.7291666666667
0.999438940577277,-113.3125,34.7291666666667
0.998483589214009,-113.270833333333,34.7291666666667
0.999302617041461,-113.229166666667,34.7291666666667
0.738952220284729,-113.1875,34.7291666666667
0.791555872665806,-113.145833333333,34.7291666666667
0.828473371577815,-113.104166666667,34.7291666666667
0.999988905656376,-113.0625,34.7291666666667
0.999635923036163,-113.020833333333,34.7291666666667
0.994767112577555,-112.979166666667,34.7291666666667
0.986311700113453,-112.9375,34.7291666666667
0.968391504303464,-112.895833333333,34.7291666666667
0.951311317223234,-112.854166666667,34.7291666666667
0.920531514081907,-112.8125,34.7291666666667
0.77170887128286,-112.770833333333,34.7291666666667
0.652919786161453,-112.1875,34.7291666666667
0.781186686732613,-112.145833333333,34.7291666666667
0.858770489111748,-112.104166666667,34.7291666666667
0.861181735957286,-112.0625,34.7291666666667
0.81558239391846,-112.020833333333,34.7291666666667
0.852196813910496,-111.979166666667,34.7291666666667
0.934504679292857,-111.9375,34.7291666666667
0.970043894732026,-111.895833333333,34.7291666666667
0.989546602414498,-111.854166666667,34.7291666666667
0.991382955407321,-111.8125,34.7291666666667
0.989882660583035,-111.770833333333,34.7291666666667
0.991486745780682,-111.729166666667,34.7291666666667
0.99323427986285,-111.6875,34.7291666666667
0.99540838742703,-111.645833333333,34.7291666666667
0.841027331528041,-111.354166666667,34.7291666666667
0.77496064932868,-116.270833333333,34.6875
0.756647345602562,-116.229166666667,34.6875
0.753417469932813,-116.1875,34.6875
0.785238186734581,-116.145833333333,34.6875
0.815941604019188,-116.104166666667,34.6875
0.856237016420486,-116.0625,34.6875
0.891236687101234,-116.020833333333,34.6875
0.906906530950871,-115.979166666667,34.6875
0.907428301627484,-115.9375,34.6875
0.906162425316991,-115.895833333333,34.6875
0.909879153273097,-115.854166666667,34.6875
0.949377388215227,-115.8125,34.6875
0.963689594347477,-115.770833333333,34.6875
0.964876264554087,-115.729166666667,34.6875
0.966243462975863,-115.6875,34.6875
0.962399286624672,-115.645833333333,34.6875
0.974381049835758,-115.604166666667,34.6875
0.99269280537182,-115.5625,34.6875
0.996950026867785,-115.520833333333,34.6875
0.996277009239685,-115.479166666667,34.6875
0.996601637520492,-115.4375,34.6875
0.997341361173957,-115.395833333333,34.6875
0.998153137944038,-115.354166666667,34.6875
0.998898992350386,-115.3125,34.6875
0.999393514720242,-115.270833333333,34.6875
0.999750685136391,-115.229166666667,34.6875
0.999935458299151,-115.1875,34.6875
0.999928586170113,-115.145833333333,34.6875
0.999349123984497,-115.104166666667,34.6875
0.998174157328507,-115.0625,34.6875
0.999007502995235,-115.020833333333,34.6875
0.999650137845249,-114.979166666667,34.6875
0.999754825614486,-114.9375,34.6875
0.999687733028667,-114.895833333333,34.6875
0.999787495901204,-114.854166666667,34.6875
0.999878529486815,-114.8125,34.6875
0.999915946676066,-114.770833333333,34.6875
0.999983456244249,-114.729166666667,34.6875
0.999997932843477,-114.6875,34.6875
0.999998724638143,-114.645833333333,34.6875
0.999999584836887,-114.604166666667,34.6875
0.999999947013655,-114.5625,34.6875
0.999999881407403,-114.520833333333,34.6875
0.999996688786969,-114.479166666667,34.6875
0.999999616874548,-114.4375,34.6875
0.999999995643825,-114.395833333333,34.6875
0.999999954146047,-114.354166666667,34.6875
0.999998529539314,-114.3125,34.6875
0.99998669683048,-114.270833333333,34.6875
0.999931602893828,-114.229166666667,34.6875
0.612358687494953,-114.1875,34.6875
0.577867315681394,-114.145833333333,34.6875
0.539469550514276,-114.104166666667,34.6875
0.514818906313934,-114.0625,34.6875
0.99687325039195,-113.9375,34.6875
0.99754873136175,-113.895833333333,34.6875
0.997394771629039,-113.854166666667,34.6875
0.559218782619961,-113.8125,34.6875
0.692610150011093,-113.770833333333,34.6875
0.780144376671045,-113.729166666667,34.6875
0.814048698065513,-113.6875,34.6875
0.723958027871594,-113.645833333333,34.6875
0.584051174290003,-113.604166666667,34.6875
0.601262799613711,-113.5625,34.6875
0.681868316960845,-113.520833333333,34.6875
0.999778674973818,-113.479166666667,34.6875
0.999517983515076,-113.4375,34.6875
0.999715757418426,-113.395833333333,34.6875
0.999744569218423,-113.354166666667,34.6875
0.999032373033078,-113.3125,34.6875
0.99674682743177,-113.270833333333,34.6875
0.999395990196812,-113.229166666667,34.6875
0.703538931653579,-113.1875,34.6875
0.760741100121294,-113.145833333333,34.6875
0.815970439485218,-113.104166666667,34.6875
0.999991660477626,-113.0625,34.6875
0.999827373799728,-113.020833333333,34.6875
0.998662087462996,-112.979166666667,34.6875
0.99532904866869,-112.9375,34.6875
0.986035139358698,-112.895833333333,34.6875
0.955178901225842,-112.854166666667,34.6875
0.87645640732062,-112.8125,34.6875
0.798684033467868,-112.770833333333,34.6875
0.660285506068368,-112.729166666667,34.6875
0.565080690337259,-112.1875,34.6875
0.659046808256071,-112.145833333333,34.6875
0.744334528852442,-112.104166666667,34.6875
0.835995666759464,-112.0625,34.6875
0.833872817531422,-112.020833333333,34.6875
0.813282209759829,-111.979166666667,34.6875
0.871305368201877,-111.9375,34.6875
0.959349527233382,-111.895833333333,34.6875
0.98830760803664,-111.854166666667,34.6875
0.989758507111571,-111.8125,34.6875
0.989350260821988,-111.770833333333,34.6875
0.985602726080799,-111.729166666667,34.6875
0.990928915774186,-111.6875,34.6875
0.99476874258145,-111.645833333333,34.6875
0.993379169674156,-111.604166666667,34.6875
0.884260369369956,-111.354166666667,34.6875
0.564024169006602,-111.3125,34.6875
0.746020940462227,-116.270833333333,34.6458333333333
0.715692673749945,-116.229166666667,34.6458333333333
0.699012535462162,-116.1875,34.6458333333333
0.787205794358394,-116.145833333333,34.6458333333333
0.879946635732549,-116.104166666667,34.6458333333333
0.922724086114531,-116.0625,34.6458333333333
0.944819056871721,-116.020833333333,34.6458333333333
0.953612651509563,-115.979166666667,34.6458333333333
0.952385607790908,-115.9375,34.6458333333333
0.953699819068493,-115.895833333333,34.6458333333333
0.955172834773996,-115.854166666667,34.6458333333333
0.967696248414585,-115.8125,34.6458333333333
0.975610193748181,-115.770833333333,34.6458333333333
0.9718220758181,-115.729166666667,34.6458333333333
0.979107897195636,-115.6875,34.6458333333333
0.984353313665565,-115.645833333333,34.6458333333333
0.992907431462637,-115.604166666667,34.6458333333333
0.996785383903411,-115.5625,34.6458333333333
0.997096519356216,-115.520833333333,34.6458333333333
0.99768436799166,-115.479166666667,34.6458333333333
0.998611830243832,-115.4375,34.6458333333333
0.998665807214864,-115.395833333333,34.6458333333333
0.998704353970276,-115.354166666667,34.6458333333333
0.999183113598105,-115.3125,34.6458333333333
0.999636852266486,-115.270833333333,34.6458333333333
0.999877321698988,-115.229166666667,34.6458333333333
0.999935593017478,-115.1875,34.6458333333333
0.999818032091988,-115.145833333333,34.6458333333333
0.998958670226741,-115.104166666667,34.6458333333333
0.998782472971477,-115.0625,34.6458333333333
0.999544348306814,-115.020833333333,34.6458333333333
0.999848027912409,-114.979166666667,34.6458333333333
0.999855367459902,-114.9375,34.6458333333333
0.999803382051237,-114.895833333333,34.6458333333333
0.999826324950535,-114.854166666667,34.6458333333333
0.999780493023801,-114.8125,34.6458333333333
0.999704947267412,-114.770833333333,34.6458333333333
0.999872884714217,-114.729166666667,34.6458333333333
0.999984541516265,-114.6875,34.6458333333333
0.999998832226966,-114.645833333333,34.6458333333333
0.999999989885847,-114.604166666667,34.6458333333333
0.999999999296489,-114.5625,34.6458333333333
0.999999943228036,-114.520833333333,34.6458333333333
0.999998394570655,-114.479166666667,34.6458333333333
0.999999101637608,-114.4375,34.6458333333333
0.999999993385656,-114.395833333333,34.6458333333333
0.999999981624754,-114.354166666667,34.6458333333333
0.999999870903108,-114.3125,34.6458333333333
0.999998904121878,-114.270833333333,34.6458333333333
0.999986122173184,-114.229166666667,34.6458333333333
0.655159780704502,-114.1875,34.6458333333333
0.597589226215127,-114.145833333333,34.6458333333333
0.546256732738728,-114.104166666667,34.6458333333333
0.516657406286711,-114.0625,34.6458333333333
0.501087757360991,-114.020833333333,34.6458333333333
0.504273950131887,-113.979166666667,34.6458333333333
0.998705685552388,-113.9375,34.6458333333333
0.999119857226296,-113.895833333333,34.6458333333333
0.998788138775505,-113.854166666667,34.6458333333333
0.550368615980107,-113.8125,34.6458333333333
0.636693618462649,-113.770833333333,34.6458333333333
0.697662476192498,-113.729166666667,34.6458333333333
0.738375416504772,-113.6875,34.6458333333333
0.759437358029512,-113.645833333333,34.6458333333333
0.665927952973656,-113.604166666667,34.6458333333333
0.584551114522085,-113.5625,34.6458333333333
0.657063827880983,-113.520833333333,34.6458333333333
0.999820516109763,-113.479166666667,34.6458333333333
0.999514684104004,-113.4375,34.6458333333333
0.999472453722804,-113.395833333333,34.6458333333333
0.998487795164423,-113.354166666667,34.6458333333333
0.980577897505995,-113.3125,34.6458333333333
0.979467500573864,-113.270833333333,34.6458333333333
0.997076018749916,-113.229166666667,34.6458333333333
0.99922477638488,-113.1875,34.6458333333333
0.714233803395496,-113.145833333333,34.6458333333333
0.766486309202585,-113.104166666667,34.6458333333333
0.769186443593311,-113.0625,34.6458333333333
0.999945807197919,-113.020833333333,34.6458333333333
0.999448244687214,-112.979166666667,34.6458333333333
0.997006980294931,-112.9375,34.6458333333333
0.991203463769119,-112.895833333333,34.6458333333333
0.969200401605352,-112.854166666667,34.6458333333333
0.898988848611199,-112.8125,34.6458333333333
0.80094704660879,-112.770833333333,34.6458333333333
0.711506035099746,-112.729166666667,34.6458333333333
0.588728662163207,-112.6875,34.6458333333333
0.504404306790615,-112.645833333333,34.6458333333333
0.543427789241593,-112.604166666667,34.6458333333333
0.523090151341249,-112.1875,34.6458333333333
0.599970588298192,-112.145833333333,34.6458333333333
0.63389492552245,-112.104166666667,34.6458333333333
0.710837743925897,-112.0625,34.6458333333333
0.798152077358253,-112.020833333333,34.6458333333333
0.814608603788294,-111.979166666667,34.6458333333333
0.79977270408904,-111.9375,34.6458333333333
0.902294800463534,-111.895833333333,34.6458333333333
0.976319005412733,-111.854166666667,34.6458333333333
0.987181085212561,-111.8125,34.6458333333333
0.992155046914295,-111.770833333333,34.6458333333333
0.990262993779665,-111.729166666667,34.6458333333333
0.994968716435429,-111.6875,34.6458333333333
0.997058135841207,-111.645833333333,34.6458333333333
0.992911780838816,-111.604166666667,34.6458333333333
0.74346725828439,-111.3125,34.6458333333333
0.718063444906494,-116.270833333333,34.6041666666667
0.731383079556102,-116.229166666667,34.6041666666667
0.708192418522405,-116.1875,34.6041666666667
0.781474292539231,-116.145833333333,34.6041666666667
0.911509826895977,-116.104166666667,34.6041666666667
0.959586375220576,-116.0625,34.6041666666667
0.976226356880469,-116.020833333333,34.6041666666667
0.980267256884972,-115.979166666667,34.6041666666667
0.981809706120578,-115.9375,34.6041666666667
0.984991169126415,-115.895833333333,34.6041666666667
0.987990854535355,-115.854166666667,34.6041666666667
0.990694769607485,-115.8125,34.6041666666667
0.990729186398931,-115.770833333333,34.6041666666667
0.986487613132416,-115.729166666667,34.6041666666667
0.988703260551638,-115.6875,34.6041666666667
0.992020960309034,-115.645833333333,34.6041666666667
0.996973777031472,-115.604166666667,34.6041666666667
0.998265697932196,-115.5625,34.6041666666667
0.998081333067914,-115.520833333333,34.6041666666667
0.998367895285888,-115.479166666667,34.6041666666667
0.998690241357374,-115.4375,34.6041666666667
0.9983032280518,-115.395833333333,34.6041666666667
0.998147749651667,-115.354166666667,34.6041666666667
0.998458793467504,-115.3125,34.6041666666667
0.998778851082231,-115.270833333333,34.6041666666667
0.999442265847549,-115.229166666667,34.6041666666667
0.999540402183525,-115.1875,34.6041666666667
0.998729057577841,-115.145833333333,34.6041666666667
0.998029834088559,-115.104166666667,34.6041666666667
0.999066344582665,-115.0625,34.6041666666667
0.999639470224994,-115.020833333333,34.6041666666667
0.999842882461914,-114.979166666667,34.6041666666667
0.999845774289123,-114.9375,34.6041666666667
0.999780822786488,-114.895833333333,34.6041666666667
0.999759005624218,-114.854166666667,34.6041666666667
0.999687185280824,-114.8125,34.6041666666667
0.999421474113339,-114.770833333333,34.6041666666667
0.999323109345637,-114.729166666667,34.6041666666667
0.99979206366812,-114.6875,34.6041666666667
0.999987954443314,-114.645833333333,34.6041666666667
0.999999909814741,-114.604166666667,34.6041666666667
0.999999980289164,-114.5625,34.6041666666667
0.999999634728939,-114.520833333333,34.6041666666667
0.999997339811454,-114.479166666667,34.6041666666667
0.99999447624944,-114.4375,34.6041666666667
0.999998401237206,-114.395833333333,34.6041666666667
0.999998445090987,-114.354166666667,34.6041666666667
0.999999834541294,-114.3125,34.6041666666667
0.999999974362186,-114.270833333333,34.6041666666667
0.999999222760052,-114.229166666667,34.6041666666667
0.999988568490553,-114.1875,34.6041666666667
0.999951358918776,-114.145833333333,34.6041666666667
0.999767531043497,-114.104166666667,34.6041666666667
0.541249349251978,-114.0625,34.6041666666667
0.998574605591044,-114.020833333333,34.6041666666667
0.99858377955174,-113.979166666667,34.6041666666667
0.99909347409833,-113.9375,34.6041666666667
0.999604858754838,-113.895833333333,34.6041666666667
0.99963090590282,-113.854166666667,34.6041666666667
0.591451663483662,-113.8125,34.6041666666667
0.646658140053234,-113.770833333333,34.6041666666667
0.690893513732253,-113.729166666667,34.6041666666667
0.683786961909114,-113.6875,34.6041666666667
0.708601837231257,-113.645833333333,34.6041666666667
0.65605791563337,-113.604166666667,34.6041666666667
0.614704920004576,-113.5625,34.6041666666667
0.670976508694138,-113.520833333333,34.6041666666667
0.999873199212253,-113.479166666667,34.6041666666667
0.999398864253888,-113.4375,34.6041666666667
0.997300916984782,-113.395833333333,34.6041666666667
0.975237012504343,-113.354166666667,34.6041666666667
0.92208320611754,-113.3125,34.6041666666667
0.963735025037248,-113.270833333333,34.6041666666667
0.990910630158331,-113.229166666667,34.6041666666667
0.999039944036851,-113.1875,34.6041666666667
0.683805549113132,-113.145833333333,34.6041666666667
0.698656106850374,-113.104166666667,34.6041666666667
0.99990696402896,-113.0625,34.6041666666667
0.999909480209495,-113.020833333333,34.6041666666667
0.999185863768777,-112.979166666667,34.6041666666667
0.996665310195569,-112.9375,34.6041666666667
0.992746764174674,-112.895833333333,34.6041666666667
0.973970728857789,-112.854166666667,34.6041666666667
0.926120154119103,-112.8125,34.6041666666667
0.830978481555387,-112.770833333333,34.6041666666667
0.716711655970097,-112.729166666667,34.6041666666667
0.6473327332941,-112.6875,34.6041666666667
0.626510665030445,-112.645833333333,34.6041666666667
0.625303844743653,-112.604166666667,34.6041666666667
0.549795730796026,-112.1875,34.6041666666667
0.588054306834664,-112.145833333333,34.6041666666667
0.58295863375515,-112.104166666667,34.6041666666667
0.60511228993547,-112.0625,34.6041666666667
0.70894084378293,-112.020833333333,34.6041666666667
0.781124795082261,-111.979166666667,34.6041666666667
0.771383460839182,-111.9375,34.6041666666667
0.765954914970415,-111.895833333333,34.6041666666667
0.879419688124795,-111.854166666667,34.6041666666667
0.983200076934716,-111.8125,34.6041666666667
0.996177687168873,-111.770833333333,34.6041666666667
0.996368700151313,-111.729166666667,34.6041666666667
0.99828342675868,-111.6875,34.6041666666667
0.998797600157298,-111.645833333333,34.6041666666667
0.996262217619388,-111.604166666667,34.6041666666667
0.977638428082012,-111.5625,34.6041666666667
0.652752203161558,-111.270833333333,34.6041666666667
0.709644473218013,-116.1875,34.5625
0.742460398969118,-116.145833333333,34.5625
0.86228500090418,-116.104166666667,34.5625
0.949251087564487,-116.0625,34.5625
0.980276484029988,-116.020833333333,34.5625
0.98577427001209,-115.979166666667,34.5625
0.988268979477239,-115.9375,34.5625
0.99103762025847,-115.895833333333,34.5625
0.992057730859613,-115.854166666667,34.5625
0.993670073070577,-115.8125,34.5625
0.993917435915395,-115.770833333333,34.5625
0.992590276358352,-115.729166666667,34.5625
0.992675171976182,-115.6875,34.5625
0.994630493964325,-115.645833333333,34.5625
0.997422655357376,-115.604166666667,34.5625
0.998670552351145,-115.5625,34.5625
0.999112056193884,-115.520833333333,34.5625
0.999182582150669,-115.479166666667,34.5625
0.999045332631055,-115.4375,34.5625
0.998221749733171,-115.395833333333,34.5625
0.997576644955282,-115.354166666667,34.5625
0.996544793181512,-115.3125,34.5625
0.994408511769779,-115.270833333333,34.5625
0.995415618891585,-115.229166666667,34.5625
0.997508647139063,-115.1875,34.5625
0.996879973632027,-115.145833333333,34.5625
0.997848471168756,-115.104166666667,34.5625
0.99949258970773,-115.020833333333,34.5625
0.999718588060398,-114.979166666667,34.5625
0.999781813214623,-114.9375,34.5625
0.999692596275807,-114.895833333333,34.5625
0.999708843020683,-114.854166666667,34.5625
0.999770034034862,-114.8125,34.5625
0.999644569088956,-114.770833333333,34.5625
0.999401952542346,-114.729166666667,34.5625
0.999414397591913,-114.6875,34.5625
0.999880119118543,-114.645833333333,34.5625
0.9999964004861,-114.604166666667,34.5625
0.999999910583732,-114.5625,34.5625
0.99999980414749,-114.520833333333,34.5625
0.999997845743863,-114.479166666667,34.5625
0.999993679369663,-114.4375,34.5625
0.999992856871454,-114.395833333333,34.5625
0.999987407912077,-114.354166666667,34.5625
0.73223040244622,-114.3125,34.5625
0.846356357314112,-114.270833333333,34.5625
0.863164990781921,-114.229166666667,34.5625
0.999998192726542,-114.1875,34.5625
0.999997877006733,-114.145833333333,34.5625
0.999989549305098,-114.104166666667,34.5625
0.999803607419369,-114.0625,34.5625
0.999141916473603,-114.020833333333,34.5625
0.998774899011299,-113.979166666667,34.5625
0.999114591791684,-113.9375,34.5625
0.999760100123891,-113.895833333333,34.5625
0.999924356657504,-113.854166666667,34.5625
0.69741952571606,-113.8125,34.5625
0.73971301881538,-113.770833333333,34.5625
0.760870373921571,-113.729166666667,34.5625
0.999962227901407,-113.6875,34.5625
0.999879282014286,-113.645833333333,34.5625
0.999413141060498,-113.604166666667,34.5625
0.999455286144016,-113.5625,34.5625
0.9999147095617,-113.520833333333,34.5625
0.999844152363059,-113.479166666667,34.5625
0.99921895382771,-113.4375,34.5625
0.996073351521078,-113.395833333333,34.5625
0.982701639891566,-113.354166666667,34.5625
0.978739291460504,-113.3125,34.5625
0.996944411408758,-113.270833333333,34.5625
0.998096236471849,-113.229166666667,34.5625
0.998962162773765,-113.1875,34.5625
0.999288662858339,-113.145833333333,34.5625
0.998723646825507,-113.104166666667,34.5625
0.996847038225033,-113.0625,34.5625
0.998783547435534,-113.020833333333,34.5625
0.999284938923018,-112.979166666667,34.5625
0.99857765194745,-112.9375,34.5625
0.995233163958803,-112.895833333333,34.5625
0.971779252841365,-112.854166666667,34.5625
0.92860007103994,-112.8125,34.5625
0.859594963137429,-112.770833333333,34.5625
0.780303543874632,-112.729166666667,34.5625
0.726664336741294,-112.6875,34.5625
0.721882553027671,-112.645833333333,34.5625
0.65273617913649,-112.604166666667,34.5625
0.513456415447312,-112.229166666667,34.5625
0.674910603172522,-112.1875,34.5625
0.692126379983887,-112.145833333333,34.5625
0.65474119933292,-112.104166666667,34.5625
0.673574952281172,-112.0625,34.5625
0.740107294901417,-112.020833333333,34.5625
0.788110293201059,-111.979166666667,34.5625
0.79289241426195,-111.9375,34.5625
0.733862420045537,-111.895833333333,34.5625
0.746588381336989,-111.854166666667,34.5625
0.944525176062842,-111.8125,34.5625
0.992252614256951,-111.770833333333,34.5625
0.99720147553307,-111.729166666667,34.5625
0.999240072526167,-111.6875,34.5625
0.999318192188973,-111.645833333333,34.5625
0.999220270159735,-111.604166666667,34.5625
0.99730295937067,-111.5625,34.5625
0.915695969003539,-111.270833333333,34.5625
0.706734527739813,-111.229166666667,34.5625
0.505957436105501,-111.1875,34.5625
0.71578105553348,-116.145833333333,34.5208333333333
0.800638558810553,-116.104166666667,34.5208333333333
0.912668604913882,-116.0625,34.5208333333333
0.964310458947829,-116.020833333333,34.5208333333333
0.97650500519089,-115.979166666667,34.5208333333333
0.9827599832763,-115.9375,34.5208333333333
0.987257551992151,-115.895833333333,34.5208333333333
0.986913003275512,-115.854166666667,34.5208333333333
0.988764601255704,-115.8125,34.5208333333333
0.988740194539076,-115.770833333333,34.5208333333333
0.990343479001533,-115.729166666667,34.5208333333333
0.990546953092684,-115.6875,34.5208333333333
0.989335549825421,-115.645833333333,34.5208333333333
0.991669171752844,-115.604166666667,34.5208333333333
0.996361086106289,-115.5625,34.5208333333333
0.998993958200636,-115.520833333333,34.5208333333333
0.999349236452673,-115.479166666667,34.5208333333333
0.999320283886551,-115.4375,34.5208333333333
0.998714864637912,-115.395833333333,34.5208333333333
0.998561710252494,-115.354166666667,34.5208333333333
0.997322847666933,-115.3125,34.5208333333333
0.992041988006579,-115.270833333333,34.5208333333333
0.990024795531928,-115.229166666667,34.5208333333333
0.995302175174306,-115.1875,34.5208333333333
0.997764006496357,-115.145833333333,34.5208333333333
0.998966127010069,-115.104166666667,34.5208333333333
0.515051813554822,-115.0625,34.5208333333333
0.999433922252159,-115.020833333333,34.5208333333333
0.999719604929134,-114.979166666667,34.5208333333333
0.999831907351906,-114.9375,34.5208333333333
0.999785460840894,-114.895833333333,34.5208333333333
0.999818114812452,-114.854166666667,34.5208333333333
0.999900116115051,-114.8125,34.5208333333333
0.999903536982945,-114.770833333333,34.5208333333333
0.999834011452173,-114.729166666667,34.5208333333333
0.999666465682344,-114.6875,34.5208333333333
0.999807031111569,-114.645833333333,34.5208333333333
0.999966507496691,-114.604166666667,34.5208333333333
0.999994868979602,-114.5625,34.5208333333333
0.999995177784408,-114.520833333333,34.5208333333333
0.999993421899364,-114.479166666667,34.5208333333333
0.999993964378428,-114.4375,34.5208333333333
0.999994474179158,-114.395833333333,34.5208333333333
0.999986554666651,-114.354166666667,34.5208333333333
0.66707439685806,-114.3125,34.5208333333333
0.777422688540187,-114.270833333333,34.5208333333333
0.860288341968685,-114.229166666667,34.5208333333333
0.842104771197216,-114.1875,34.5208333333333
0.855352374744097,-114.145833333333,34.5208333333333
0.844187313347039,-114.104166666667,34.5208333333333
0.999995740398312,-114.0625,34.5208333333333
0.99986156724391,-114.020833333333,34.5208333333333
0.99947826945873,-113.979166666667,34.5208333333333
0.999576690356721,-113.9375,34.5208333333333
0.999871773040343,-113.895833333333,34.5208333333333
0.999967736389826,-113.854166666667,34.5208333333333
0.999995148040361,-113.8125,34.5208333333333
0.999998721550568,-113.770833333333,34.5208333333333
0.999995796788709,-113.729166666667,34.5208333333333
0.999915703122973,-113.6875,34.5208333333333
0.998855459158636,-113.645833333333,34.5208333333333
0.996158183314326,-113.604166666667,34.5208333333333
0.999048101846939,-113.5625,34.5208333333333
0.999924637919225,-113.520833333333,34.5208333333333
0.999824712847397,-113.479166666667,34.5208333333333
0.999236337205509,-113.4375,34.5208333333333
0.999354872531352,-113.395833333333,34.5208333333333
0.999310520196611,-113.354166666667,34.5208333333333
0.999048850125279,-113.3125,34.5208333333333
0.999450274190636,-113.270833333333,34.5208333333333
0.998817432039524,-113.229166666667,34.5208333333333
0.998413692672618,-113.1875,34.5208333333333
0.997609338124655,-113.145833333333,34.5208333333333
0.995201216719933,-113.104166666667,34.5208333333333
0.993286156635815,-113.0625,34.5208333333333
0.998685249040423,-113.020833333333,34.5208333333333
0.999514256000349,-112.979166666667,34.5208333333333
0.999053554357377,-112.9375,34.5208333333333
0.996231041476213,-112.895833333333,34.5208333333333
0.975324857480014,-112.854166666667,34.5208333333333
0.931642680998713,-112.8125,34.5208333333333
0.897949357737653,-112.770833333333,34.5208333333333
0.872031213472872,-112.729166666667,34.5208333333333
0.827740978490838,-112.6875,34.5208333333333
0.800292038679393,-112.645833333333,34.5208333333333
0.715431918029564,-112.604166666667,34.5208333333333
0.526773375676724,-112.5625,34.5208333333333
0.583358724850704,-112.229166666667,34.5208333333333
0.835449179447295,-112.1875,34.5208333333333
0.863939848461342,-112.145833333333,34.5208333333333
0.827806837168536,-112.104166666667,34.5208333333333
0.84662897318604,-112.0625,34.5208333333333
0.898083037513841,-112.020833333333,34.5208333333333
0.896122653159561,-111.979166666667,34.5208333333333
0.849099265751658,-111.9375,34.5208333333333
0.779629458563111,-111.895833333333,34.5208333333333
0.739927240089469,-111.854166666667,34.5208333333333
0.859484359585746,-111.8125,34.5208333333333
0.973654339319781,-111.770833333333,34.5208333333333
0.997020136006235,-111.729166666667,34.5208333333333
0.999587620171133,-111.6875,34.5208333333333
0.999740608429017,-111.645833333333,34.5208333333333
0.999922353562614,-111.604166666667,34.5208333333333
0.999935559744318,-111.5625,34.5208333333333
0.673085181286731,-111.520833333333,34.5208333333333
0.691251211171058,-111.479166666667,34.5208333333333
0.708939326792106,-111.4375,34.5208333333333
0.758923308490381,-111.395833333333,34.5208333333333
0.766582253409197,-111.354166666667,34.5208333333333
0.713888414858074,-111.3125,34.5208333333333
0.573255870367996,-111.270833333333,34.5208333333333
0.989677265227651,-111.229166666667,34.5208333333333
0.928156109150192,-111.1875,34.5208333333333
0.712578852857474,-111.145833333333,34.5208333333333
0.535543361021557,-111.104166666667,34.5208333333333
0.588900289104015,-111.0625,34.5208333333333
0.520067514050968,-111.020833333333,34.5208333333333
0.500223114199441,-116.4375,34.4791666666667
0.534659638981586,-116.395833333333,34.4791666666667
0.740625038460542,-116.104166666667,34.4791666666667
0.819209749645119,-116.0625,34.4791666666667
0.894825179934007,-116.020833333333,34.4791666666667
0.939888518261203,-115.979166666667,34.4791666666667
0.965110181954197,-115.9375,34.4791666666667
0.982036831134688,-115.895833333333,34.4791666666667
0.98209710833394,-115.854166666667,34.4791666666667
0.980403698408439,-115.8125,34.4791666666667
0.990026468935385,-115.5625,34.4791666666667
0.997382409353968,-115.520833333333,34.4791666666667
0.998970674958159,-115.479166666667,34.4791666666667
0.999392395246181,-115.4375,34.4791666666667
0.999232724199579,-115.395833333333,34.4791666666667
0.999449768628452,-115.354166666667,34.4791666666667
0.99894401950157,-115.3125,34.4791666666667
0.996213685440456,-115.270833333333,34.4791666666667
0.995472072292105,-115.229166666667,34.4791666666667
0.998065617726995,-115.1875,34.4791666666667
0.998609969177603,-115.145833333333,34.4791666666667
0.533123691776665,-115.104166666667,34.4791666666667
0.53216077866782,-115.0625,34.4791666666667
0.999717372815979,-115.020833333333,34.4791666666667
0.999879572867673,-114.979166666667,34.4791666666667
0.999871475123965,-114.9375,34.4791666666667
0.999777802831835,-114.895833333333,34.4791666666667
0.999810159440305,-114.854166666667,34.4791666666667
0.999949476943757,-114.8125,34.4791666666667
0.999981886799674,-114.770833333333,34.4791666666667
0.999966706807912,-114.729166666667,34.4791666666667
0.99987285111764,-114.6875,34.4791666666667
0.999854501683933,-114.645833333333,34.4791666666667
0.999909527357738,-114.604166666667,34.4791666666667
0.99995477738961,-114.5625,34.4791666666667
0.999981866439355,-114.520833333333,34.4791666666667
0.999994564128523,-114.479166666667,34.4791666666667
0.999997494031654,-114.4375,34.4791666666667
0.999998722615992,-114.395833333333,34.4791666666667
0.999997768313863,-114.354166666667,34.4791666666667
0.701415959912664,-114.3125,34.4791666666667
0.729426058444797,-114.270833333333,34.4791666666667
0.811768859220244,-114.229166666667,34.4791666666667
0.848339967951938,-114.1875,34.4791666666667
0.872254336998768,-114.145833333333,34.4791666666667
0.876583592386661,-114.104166666667,34.4791666666667
0.827564557506904,-114.0625,34.4791666666667
0.999990080404293,-114.020833333333,34.4791666666667
0.999943150675389,-113.979166666667,34.4791666666667
0.999941709408006,-113.9375,34.4791666666667
0.999940712344072,-113.895833333333,34.4791666666667
0.999971855433556,-113.854166666667,34.4791666666667
0.999997019495873,-113.8125,34.4791666666667
0.999999747551974,-113.770833333333,34.4791666666667
0.999995085146659,-113.729166666667,34.4791666666667
0.999770616280639,-113.6875,34.4791666666667
0.997248296527181,-113.645833333333,34.4791666666667
0.997074992574345,-113.604166666667,34.4791666666667
0.999816128614771,-113.5625,34.4791666666667
0.999967835533598,-113.520833333333,34.4791666666667
0.999936434948443,-113.479166666667,34.4791666666667
0.99973822696024,-113.4375,34.4791666666667
0.999805123895073,-113.395833333333,34.4791666666667
0.999870347057532,-113.354166666667,34.4791666666667
0.999788386224441,-113.3125,34.4791666666667
0.999639047069141,-113.270833333333,34.4791666666667
0.998973414483032,-113.229166666667,34.4791666666667
0.998506354498311,-113.1875,34.4791666666667
0.998580232177043,-113.145833333333,34.4791666666667
0.997680969876934,-113.104166666667,34.4791666666667
0.997968930019359,-113.0625,34.4791666666667
0.99973586874547,-113.020833333333,34.4791666666667
0.999831409087903,-112.979166666667,34.4791666666667
0.99851033971574,-112.9375,34.4791666666667
0.994437158612096,-112.895833333333,34.4791666666667
0.971484369160081,-112.854166666667,34.4791666666667
0.890957662010961,-112.8125,34.4791666666667
0.84762989122128,-112.770833333333,34.4791666666667
0.885829333335282,-112.729166666667,34.4791666666667
0.863266911935905,-112.6875,34.4791666666667
0.861273662768602,-112.645833333333,34.4791666666667
0.815240509389973,-112.604166666667,34.4791666666667
0.659172750257947,-112.5625,34.4791666666667
0.565663526130981,-112.520833333333,34.4791666666667
0.539069189479272,-112.479166666667,34.4791666666667
0.583158981085531,-112.4375,34.4791666666667
0.65191796990886,-112.395833333333,34.4791666666667
0.565038631993876,-112.354166666667,34.4791666666667
0.575353548875875,-112.270833333333,34.4791666666667
0.783812353536503,-112.229166666667,34.4791666666667
0.935355249487657,-112.1875,34.4791666666667
0.936804981304674,-112.145833333333,34.4791666666667
0.923769202921394,-112.104166666667,34.4791666666667
0.940430149353968,-112.0625,34.4791666666667
0.970257904297009,-112.020833333333,34.4791666666667
0.977600322230971,-111.979166666667,34.4791666666667
0.956191812560919,-111.9375,34.4791666666667
0.899423290337321,-111.895833333333,34.4791666666667
0.870105636758881,-111.854166666667,34.4791666666667
0.916435659471646,-111.8125,34.4791666666667
0.981678763440246,-111.770833333333,34.4791666666667
0.998992643087085,-111.729166666667,34.4791666666667
0.999881198435123,-111.6875,34.4791666666667
0.999972876451583,-111.645833333333,34.4791666666667
0.999970119756634,-111.604166666667,34.4791666666667
0.99997678961431,-111.5625,34.4791666666667
0.999998472585733,-111.520833333333,34.4791666666667
0.916044469062089,-111.479166666667,34.4791666666667
0.971143121859978,-111.4375,34.4791666666667
0.98757439788956,-111.395833333333,34.4791666666667
0.986774783895381,-111.354166666667,34.4791666666667
0.973324524968613,-111.3125,34.4791666666667
0.954876067456831,-111.270833333333,34.4791666666667
0.917447835535143,-111.229166666667,34.4791666666667
0.887835504197332,-111.1875,34.4791666666667
0.998783701429539,-111.145833333333,34.4791666666667
0.943343525671925,-111.104166666667,34.4791666666667
0.981968105023262,-111.0625,34.4791666666667
0.938495545337257,-111.020833333333,34.4791666666667
0.809068223327583,-110.979166666667,34.4791666666667
0.591536273564923,-110.9375,34.4791666666667
0.511437239776531,-116.4375,34.4375
0.534470583636391,-116.395833333333,34.4375
0.561484234943296,-116.354166666667,34.4375
0.667669436916558,-116.229166666667,34.4375
0.693861043259601,-116.1875,34.4375
0.6947766544579,-116.145833333333,34.4375
0.676503967488999,-116.104166666667,34.4375
0.693949550986965,-116.0625,34.4375
0.775271552067796,-116.020833333333,34.4375
0.891247356146295,-115.979166666667,34.4375
0.938257042293269,-115.9375,34.4375
0.972071658725675,-115.895833333333,34.4375
0.978597051328362,-115.854166666667,34.4375
0.971973234872543,-115.8125,34.4375
0.982116204779876,-115.770833333333,34.4375
0.99506598640329,-115.520833333333,34.4375
0.997726421078628,-115.479166666667,34.4375
0.999054513471859,-115.4375,34.4375
0.999505644659508,-115.395833333333,34.4375
0.999839501455526,-115.354166666667,34.4375
0.999700600120423,-115.3125,34.4375
0.998554700399587,-115.270833333333,34.4375
0.997644029190345,-115.229166666667,34.4375
0.99868900720435,-115.1875,34.4375
0.529214384446708,-115.145833333333,34.4375
0.511101046474693,-115.104166666667,34.4375
0.536405609692993,-115.0625,34.4375
0.999907923094676,-115.020833333333,34.4375
0.999946912743861,-114.979166666667,34.4375
0.99741118370485,-114.9375,34.4375
0.999668091521195,-114.895833333333,34.4375
0.999690576336988,-114.854166666667,34.4375
0.999871086429498,-114.8125,34.4375
0.999976603139692,-114.770833333333,34.4375
0.999983626236447,-114.729166666667,34.4375
0.999938971007569,-114.6875,34.4375
0.999889040571021,-114.645833333333,34.4375
0.999889134184284,-114.604166666667,34.4375
0.999929182202811,-114.5625,34.4375
0.999973351097737,-114.520833333333,34.4375
0.999995160917499,-114.479166666667,34.4375
0.999998701603825,-114.4375,34.4375
0.776444399423787,-114.395833333333,34.4375
0.778273606922841,-114.354166666667,34.4375
0.763851165165725,-114.3125,34.4375
0.761196256269361,-114.270833333333,34.4375
0.780988050130726,-114.229166666667,34.4375
0.81777110422369,-114.1875,34.4375
0.868048924323745,-114.145833333333,34.4375
0.885803924634044,-114.104166666667,34.4375
0.817270139060456,-114.0625,34.4375
0.743751020245821,-114.020833333333,34.4375
0.999996292783162,-113.979166666667,34.4375
0.999995210035659,-113.9375,34.4375
0.999981685368436,-113.895833333333,34.4375
0.999990900487961,-113.854166666667,34.4375
0.999999104620774,-113.8125,34.4375
0.999999946597401,-113.770833333333,34.4375
0.999999343571939,-113.729166666667,34.4375
0.999981137408718,-113.6875,34.4375
0.999901042186387,-113.645833333333,34.4375
0.999396402888122,-113.604166666667,34.4375
0.999915348523714,-113.5625,34.4375
0.999978708486605,-113.520833333333,34.4375
0.999966691995242,-113.479166666667,34.4375
0.99991799352002,-113.4375,34.4375
0.999880956641664,-113.395833333333,34.4375
0.999819641958036,-113.354166666667,34.4375
0.999831503828366,-113.3125,34.4375
0.999839787543535,-113.270833333333,34.4375
0.999478417578328,-113.229166666667,34.4375
0.999017486769058,-113.1875,34.4375
0.998510147657045,-113.145833333333,34.4375
0.999339965823696,-113.104166666667,34.4375
0.999832031354504,-113.0625,34.4375
0.99979914356243,-113.020833333333,34.4375
0.999018497037365,-112.979166666667,34.4375
0.995484722929476,-112.9375,34.4375
0.991726466353894,-112.895833333333,34.4375
0.972049941762592,-112.854166666667,34.4375
0.878876558965526,-112.8125,34.4375
0.785733839558164,-112.770833333333,34.4375
0.832837379874496,-112.729166666667,34.4375
0.847450620123348,-112.6875,34.4375
0.886773836251526,-112.645833333333,34.4375
0.905944060192994,-112.604166666667,34.4375
0.815477542729231,-112.5625,34.4375
0.73335273050811,-112.520833333333,34.4375
0.674607840415358,-112.479166666667,34.4375
0.681970099711158,-112.4375,34.4375
0.818409012821868,-112.395833333333,34.4375
0.749715261780446,-112.354166666667,34.4375
0.622000923196264,-112.3125,34.4375
0.81962932462641,-112.270833333333,34.4375
0.942470832767819,-112.229166666667,34.4375
0.964612057862162,-112.1875,34.4375
0.959905779295429,-112.145833333333,34.4375
0.960771206546334,-112.104166666667,34.4375
0.973126729042383,-112.0625,34.4375
0.987691355709948,-112.020833333333,34.4375
0.993662270357451,-111.979166666667,34.4375
0.992193953919253,-111.9375,34.4375
0.973839827584075,-111.895833333333,34.4375
0.952922131556364,-111.854166666667,34.4375
0.97770741266372,-111.8125,34.4375
0.995952701760997,-111.770833333333,34.4375
0.999876158646195,-111.729166666667,34.4375
0.999964342066607,-111.6875,34.4375
0.999986109186829,-111.645833333333,34.4375
0.999952042315275,-111.604166666667,34.4375
0.999932336464746,-111.5625,34.4375
0.999999924947396,-111.520833333333,34.4375
0.970062560280477,-111.479166666667,34.4375
0.991280421741952,-111.4375,34.4375
0.998784864318858,-111.395833333333,34.4375
0.99919600964083,-111.354166666667,34.4375
0.999278292938357,-111.3125,34.4375
0.995846069827437,-111.270833333333,34.4375
0.998750439952829,-111.229166666667,34.4375
0.999662439108579,-111.1875,34.4375
0.999999999999998,-111.145833333333,34.4375
0.999999968756219,-111.104166666667,34.4375
0.999999999985922,-111.0625,34.4375
0.884058514104645,-111.020833333333,34.4375
0.846328109356909,-110.979166666667,34.4375
0.996860785636915,-110.9375,34.4375
0.803608744063072,-110.895833333333,34.4375
0.964348916237048,-118.020833333333,34.3958333333333
0.870413783102203,-117.979166666667,34.3958333333333
0.961831841664207,-117.9375,34.3958333333333
0.971861827297354,-117.895833333333,34.3958333333333
0.901163389097296,-117.854166666667,34.3958333333333
0.745498366244444,-117.8125,34.3958333333333
0.671829130742625,-117.770833333333,34.3958333333333
0.630789035680853,-117.729166666667,34.3958333333333
0.636621946042562,-117.6875,34.3958333333333
0.513591462541718,-117.520833333333,34.3958333333333
0.556259521905672,-116.395833333333,34.3958333333333
0.586888555392685,-116.354166666667,34.3958333333333
0.70059106073848,-116.229166666667,34.3958333333333
0.717189802121579,-116.1875,34.3958333333333
0.712267089427548,-116.145833333333,34.3958333333333
0.678193297054153,-116.104166666667,34.3958333333333
0.642494057806296,-116.0625,34.3958333333333
0.661769906245369,-116.020833333333,34.3958333333333
0.781941243308194,-115.979166666667,34.3958333333333
0.86095396481163,-115.9375,34.3958333333333
0.901855507310351,-115.895833333333,34.3958333333333
0.936804538862598,-115.854166666667,34.3958333333333
0.932396948157263,-115.8125,34.3958333333333
0.969242514185692,-115.770833333333,34.3958333333333
0.989721852149789,-115.729166666667,34.3958333333333
0.996685232311647,-115.479166666667,34.3958333333333
0.99791338775882,-115.4375,34.3958333333333
0.999282954912978,-115.395833333333,34.3958333333333
0.999855786232178,-115.354166666667,34.3958333333333
0.999906973310225,-115.3125,34.3958333333333
0.999650429492537,-115.270833333333,34.3958333333333
0.999120201280597,-115.229166666667,34.3958333333333
0.999444027850433,-115.1875,34.3958333333333
0.554222139008794,-115.145833333333,34.3958333333333
0.540253727324653,-115.104166666667,34.3958333333333
0.57444968475334,-115.0625,34.3958333333333
0.999958687514664,-115.020833333333,34.3958333333333
0.999932750896097,-114.979166666667,34.3958333333333
0.999839052940467,-114.9375,34.3958333333333
0.999685295439182,-114.895833333333,34.3958333333333
0.999620591118536,-114.854166666667,34.3958333333333
0.999681656843363,-114.8125,34.3958333333333
0.999864459914526,-114.770833333333,34.3958333333333
0.99995910909739,-114.729166666667,34.3958333333333
0.999941766414388,-114.6875,34.3958333333333
0.999897060255432,-114.645833333333,34.3958333333333
0.999844252684572,-114.604166666667,34.3958333333333
0.999867077818043,-114.5625,34.3958333333333
0.999940081385244,-114.520833333333,34.3958333333333
0.999982613287631,-114.479166666667,34.3958333333333
0.999991559480733,-114.4375,34.3958333333333
0.999996244296515,-114.395833333333,34.3958333333333
0.754306567181793,-114.354166666667,34.3958333333333
0.779918744074471,-114.3125,34.3958333333333
0.788101037580116,-114.270833333333,34.3958333333333
0.783110697059591,-114.229166666667,34.3958333333333
0.790463976703214,-114.1875,34.3958333333333
0.842661985788517,-114.145833333333,34.3958333333333
0.878724569965754,-114.104166666667,34.3958333333333
0.838565589336301,-114.0625,34.3958333333333
0.776448834239149,-114.020833333333,34.3958333333333
0.773476033918983,-113.979166666667,34.3958333333333
0.999998316810688,-113.9375,34.3958333333333
0.999995405367563,-113.895833333333,34.3958333333333
0.999997957335518,-113.854166666667,34.3958333333333
0.999999848717662,-113.8125,34.3958333333333
0.999999979349303,-113.770833333333,34.3958333333333
0.999999987429233,-113.729166666667,34.3958333333333
0.999999934041525,-113.6875,34.3958333333333
0.999999837972165,-113.645833333333,34.3958333333333
0.999970389848382,-113.604166666667,34.3958333333333
0.999633675141848,-113.5625,34.3958333333333
0.999909582317141,-113.520833333333,34.3958333333333
0.999968869591313,-113.479166666667,34.3958333333333
0.999923024591717,-113.4375,34.3958333333333
0.999808647158656,-113.395833333333,34.3958333333333
0.999730248242211,-113.354166666667,34.3958333333333
0.999765907510115,-113.3125,34.3958333333333
0.999803578473558,-113.270833333333,34.3958333333333
0.998843806146267,-113.229166666667,34.3958333333333
0.994095101768223,-113.1875,34.3958333333333
0.995312674797329,-113.145833333333,34.3958333333333
0.999488817100753,-113.104166666667,34.3958333333333
0.999933769749297,-113.0625,34.3958333333333
0.999779543376624,-113.020833333333,34.3958333333333
0.997734039385446,-112.979166666667,34.3958333333333
0.991983862053867,-112.9375,34.3958333333333
0.990857262199694,-112.895833333333,34.3958333333333
0.979516032826061,-112.854166666667,34.3958333333333
0.924571577190641,-112.8125,34.3958333333333
0.864879318064115,-112.770833333333,34.3958333333333
0.855876418399921,-112.729166666667,34.3958333333333
0.847666902254554,-112.6875,34.3958333333333
0.906421420729321,-112.645833333333,34.3958333333333
0.954013808102156,-112.604166666667,34.3958333333333
0.946516112708657,-112.5625,34.3958333333333
0.905743728187767,-112.520833333333,34.3958333333333
0.806930490483093,-112.479166666667,34.3958333333333
0.772419320475561,-112.4375,34.3958333333333
0.886290659830656,-112.395833333333,34.3958333333333
0.883906942442755,-112.354166666667,34.3958333333333
0.819025105967452,-112.3125,34.3958333333333
0.943452565128418,-112.270833333333,34.3958333333333
0.989343816047595,-112.229166666667,34.3958333333333
0.988200754580906,-112.1875,34.3958333333333
0.976619632484024,-112.145833333333,34.3958333333333
0.979496807860188,-112.104166666667,34.3958333333333
0.989366060313559,-112.0625,34.3958333333333
0.996571520106903,-112.020833333333,34.3958333333333
0.998233543492304,-111.979166666667,34.3958333333333
0.996892022011093,-111.9375,34.3958333333333
0.992608443650261,-111.895833333333,34.3958333333333
0.991845077824048,-111.854166666667,34.3958333333333
0.996205139361115,-111.8125,34.3958333333333
0.999572362368875,-111.770833333333,34.3958333333333
0.999992934525428,-111.729166666667,34.3958333333333
0.999997489525698,-111.6875,34.3958333333333
0.999991540002575,-111.645833333333,34.3958333333333
0.999950274314341,-111.604166666667,34.3958333333333
0.99998924970235,-111.5625,34.3958333333333
0.999999991895009,-111.520833333333,34.3958333333333
0.953607673851111,-111.479166666667,34.3958333333333
0.969958959852894,-111.4375,34.3958333333333
0.992416881737216,-111.395833333333,34.3958333333333
0.980127100082283,-111.354166666667,34.3958333333333
0.999999999999991,-111.3125,34.3958333333333
0.999999999999852,-111.270833333333,34.3958333333333
0.995781451488593,-111.229166666667,34.3958333333333
1,-111.1875,34.3958333333333
1,-111.145833333333,34.3958333333333
1,-111.104166666667,34.3958333333333
0.999999864008634,-111.0625,34.3958333333333
0.999999454029113,-111.020833333333,34.3958333333333
0.999999852518782,-110.979166666667,34.3958333333333
0.998101804278551,-110.9375,34.3958333333333
0.999879656526894,-110.895833333333,34.3958333333333
0.907774926104368,-110.854166666667,34.3958333333333
0.886189782719247,-110.8125,34.3958333333333
0.810098516012376,-110.770833333333,34.3958333333333
0.625970399805347,-110.729166666667,34.3958333333333
0.999997624247553,-118.020833333333,34.3541666666667
0.999999964243112,-117.979166666667,34.3541666666667
0.999999999999982,-117.9375,34.3541666666667
0.999999999994375,-117.895833333333,34.3541666666667
0.99999999633654,-117.854166666667,34.3541666666667
0.999999686653324,-117.8125,34.3541666666667
0.999986013455011,-117.770833333333,34.3541666666667
0.991118946601462,-117.729166666667,34.3541666666667
0.989863196508082,-117.6875,34.3541666666667
0.962435930841066,-117.645833333333,34.3541666666667
0.84348798647167,-117.604166666667,34.3541666666667
0.85659309290059,-117.5625,34.3541666666667
0.895525794541742,-117.520833333333,34.3541666666667
0.907447920651841,-117.479166666667,34.3541666666667
0.867076114729127,-117.4375,34.3541666666667
0.714493856845005,-117.395833333333,34.3541666666667
0.509334447656798,-117.354166666667,34.3541666666667
0.672717150864135,-116.270833333333,34.3541666666667
0.715093189106014,-116.229166666667,34.3541666666667
0.758731305996675,-116.1875,34.3541666666667
0.770447003394924,-116.145833333333,34.3541666666667
0.723125039829316,-116.104166666667,34.3541666666667
0.66265658156595,-116.0625,34.3541666666667
0.635243995658157,-116.020833333333,34.3541666666667
0.673781675232214,-115.979166666667,34.3541666666667
0.733798779933442,-115.9375,34.3541666666667
0.742084607120828,-115.895833333333,34.3541666666667
0.788549743483023,-115.854166666667,34.3541666666667
0.820063136128007,-115.8125,34.3541666666667
0.89671268723492,-115.770833333333,34.3541666666667
0.980058165712259,-115.729166666667,34.3541666666667
0.991559053916334,-115.6875,34.3541666666667
0.506525802296489,-115.5625,34.3541666666667
0.996705353915558,-115.4375,34.3541666666667
0.997762134273295,-115.395833333333,34.3541666666667
0.999603591524125,-115.354166666667,34.3541666666667
0.589549007822929,-115.3125,34.3541666666667
0.592973855421856,-115.270833333333,34.3541666666667
0.999867735749993,-115.229166666667,34.3541666666667
0.999881156981152,-115.1875,34.3541666666667
0.602611841038186,-115.145833333333,34.3541666666667
0.599033000232528,-115.104166666667,34.3541666666667
0.614098651713832,-115.0625,34.3541666666667
0.612963588770189,-115.020833333333,34.3541666666667
0.999908913331056,-114.979166666667,34.3541666666667
0.999868563999319,-114.9375,34.3541666666667
0.999843720560055,-114.895833333333,34.3541666666667
0.999491829140567,-114.854166666667,34.3541666666667
0.999293418254122,-114.8125,34.3541666666667
0.999574439926315,-114.770833333333,34.3541666666667
0.999837965454435,-114.729166666667,34.3541666666667
0.999848612797829,-114.6875,34.3541666666667
0.999798772697306,-114.645833333333,34.3541666666667
0.999617097700763,-114.604166666667,34.3541666666667
0.9994774129159,-114.5625,34.3541666666667
0.999517923807927,-114.520833333333,34.3541666666667
0.99951225919477,-114.479166666667,34.3541666666667
0.999382846661581,-114.4375,34.3541666666667
0.999258983783798,-114.395833333333,34.3541666666667
0.999880326054899,-114.354166666667,34.3541666666667
0.735112704079513,-114.3125,34.3541666666667
0.792749105674873,-114.270833333333,34.3541666666667
0.802143738263891,-114.229166666667,34.3541666666667
0.772069984176359,-114.1875,34.3541666666667
0.798135679828558,-114.145833333333,34.3541666666667
0.833185084851898,-114.104166666667,34.3541666666667
0.839767335977703,-114.0625,34.3541666666667
0.800032307452352,-114.020833333333,34.3541666666667
0.754556426134924,-113.979166666667,34.3541666666667
0.739713541762313,-113.9375,34.3541666666667
0.728002309996771,-113.895833333333,34.3541666666667
0.999994415491078,-113.854166666667,34.3541666666667
0.99999808542269,-113.8125,34.3541666666667
0.999999872506071,-113.770833333333,34.3541666666667
0.999999987856568,-113.729166666667,34.3541666666667
0.999999984276987,-113.6875,34.3541666666667
0.999999808100877,-113.645833333333,34.3541666666667
0.999980316928656,-113.604166666667,34.3541666666667
0.999384553907592,-113.5625,34.3541666666667
0.998658223705012,-113.520833333333,34.3541666666667
0.999676765182458,-113.479166666667,34.3541666666667
0.999812798799547,-113.4375,34.3541666666667
0.999586377876509,-113.395833333333,34.3541666666667
0.999052738479085,-113.354166666667,34.3541666666667
0.998832958414349,-113.3125,34.3541666666667
0.998599572643873,-113.270833333333,34.3541666666667
0.996396332142924,-113.229166666667,34.3541666666667
0.986711061442308,-113.1875,34.3541666666667
0.984529663889818,-113.145833333333,34.3541666666667
0.998329377146528,-113.104166666667,34.3541666666667
0.999840630369422,-113.0625,34.3541666666667
0.999756018882664,-113.020833333333,34.3541666666667
0.997792423299587,-112.979166666667,34.3541666666667
0.988489079890324,-112.9375,34.3541666666667
0.987305860795636,-112.895833333333,34.3541666666667
0.983209973183605,-112.854166666667,34.3541666666667
0.949275052366234,-112.8125,34.3541666666667
0.944455013369479,-112.770833333333,34.3541666666667
0.946867530341988,-112.729166666667,34.3541666666667
0.91346493338352,-112.6875,34.3541666666667
0.943979431687228,-112.645833333333,34.3541666666667
0.973356268632402,-112.604166666667,34.3541666666667
0.975718149977642,-112.5625,34.3541666666667
0.965892334146106,-112.520833333333,34.3541666666667
0.932716476268854,-112.479166666667,34.3541666666667
0.872830833336992,-112.4375,34.3541666666667
0.916510048589037,-112.395833333333,34.3541666666667
0.959201928109124,-112.354166666667,34.3541666666667
0.959261000460638,-112.3125,34.3541666666667
0.989491581151436,-112.270833333333,34.3541666666667
0.996871730719841,-112.229166666667,34.3541666666667
0.995887265071583,-112.1875,34.3541666666667
0.991738026864189,-112.145833333333,34.3541666666667
0.994239936245876,-112.104166666667,34.3541666666667
0.997788332203289,-112.0625,34.3541666666667
0.999241627321779,-112.020833333333,34.3541666666667
0.999418618550586,-111.979166666667,34.3541666666667
0.998156492460561,-111.9375,34.3541666666667
0.995313118305437,-111.895833333333,34.3541666666667
0.998345038559734,-111.854166666667,34.3541666666667
0.999764217597248,-111.8125,34.3541666666667
0.999959496962671,-111.770833333333,34.3541666666667
0.999999548333224,-111.729166666667,34.3541666666667
0.999999959082671,-111.6875,34.3541666666667
0.999998385927717,-111.645833333333,34.3541666666667
0.999965088476342,-111.604166666667,34.3541666666667
0.999994203871313,-111.5625,34.3541666666667
0.999999995559812,-111.520833333333,34.3541666666667
0.999999999988183,-111.479166666667,34.3541666666667
0.933972031842132,-111.4375,34.3541666666667
0.942361493806754,-111.395833333333,34.3541666666667
0.999999941046721,-111.354166666667,34.3541666666667
0.99999986354383,-111.3125,34.3541666666667
0.99999998346551,-111.270833333333,34.3541666666667
0.999999999999334,-111.229166666667,34.3541666666667
1,-111.1875,34.3541666666667
0.999868837360121,-111.145833333333,34.3541666666667
0.999891186510669,-111.104166666667,34.3541666666667
0.999998307742759,-111.0625,34.3541666666667
0.999999956768932,-111.020833333333,34.3541666666667
0.999999999999959,-110.979166666667,34.3541666666667
0.999999999951184,-110.9375,34.3541666666667
1,-110.895833333333,34.3541666666667
0.999999994307657,-110.854166666667,34.3541666666667
0.999999814628582,-110.8125,34.3541666666667
0.999983947021188,-110.770833333333,34.3541666666667
0.990961281569821,-110.729166666667,34.3541666666667
0.642864507820621,-110.6875,34.3541666666667
1,-118.020833333333,34.3125
1,-117.979166666667,34.3125
1,-117.9375,34.3125
1,-117.895833333333,34.3125
1,-117.854166666667,34.3125
1,-117.8125,34.3125
0.999999999999996,-117.770833333333,34.3125
0.999999994574572,-117.729166666667,34.3125
0.999999996115835,-117.6875,34.3125
0.999999999929829,-117.645833333333,34.3125
0.999996225936197,-117.604166666667,34.3125
0.999962922581532,-117.5625,34.3125
0.99995317014518,-117.520833333333,34.3125
0.999243112360448,-117.479166666667,34.3125
0.999480934482017,-117.4375,34.3125
0.995985659644113,-117.395833333333,34.3125
0.920526726760351,-117.354166666667,34.3125
0.758090790862711,-117.3125,34.3125
0.660320964534004,-117.270833333333,34.3125
0.701918334434607,-117.229166666667,34.3125
0.609241692172943,-117.1875,34.3125
0.730958398309122,-116.229166666667,34.3125
0.771014690832756,-116.1875,34.3125
0.798968575352118,-116.145833333333,34.3125
0.770846998523841,-116.104166666667,34.3125
0.709197262582969,-116.0625,34.3125
0.70130225441606,-116.020833333333,34.3125
0.724550414449402,-115.979166666667,34.3125
0.754008997812471,-115.9375,34.3125
0.747117760365874,-115.895833333333,34.3125
0.705660441657105,-115.854166666667,34.3125
0.715436193305441,-115.8125,34.3125
0.802943452302639,-115.770833333333,34.3125
0.943487188761258,-115.729166666667,34.3125
0.988744325912826,-115.6875,34.3125
0.99459370780322,-115.645833333333,34.3125
0.998675101866511,-115.5625,34.3125
0.59311925748994,-115.3125,34.3125
0.618794974180506,-115.270833333333,34.3125
0.616117446321132,-115.229166666667,34.3125
0.626874924477355,-115.1875,34.3125
0.617458828888303,-115.145833333333,34.3125
0.613189498660619,-115.104166666667,34.3125
0.617281476305752,-115.0625,34.3125
0.616474872114199,-115.020833333333,34.3125
0.999941567892499,-114.979166666667,34.3125
0.999933212677101,-114.9375,34.3125
0.999923368203724,-114.895833333333,34.3125
0.999355651727045,-114.854166666667,34.3125
0.998735515606211,-114.8125,34.3125
0.998915755255625,-114.770833333333,34.3125
0.999305332497936,-114.729166666667,34.3125
0.992862521454336,-114.6875,34.3125
0.999391269741375,-114.645833333333,34.3125
0.998956272855849,-114.604166666667,34.3125
0.997854536262408,-114.5625,34.3125
0.996724246822353,-114.520833333333,34.3125
0.995967438842222,-114.479166666667,34.3125
0.994547638439504,-114.4375,34.3125
0.991850512683141,-114.395833333333,34.3125
0.997400119807385,-114.354166666667,34.3125
0.999788482493396,-114.3125,34.3125
0.766714747343032,-114.270833333333,34.3125
0.82834781315302,-114.229166666667,34.3125
0.811950900166927,-114.1875,34.3125
0.78389858121538,-114.145833333333,34.3125
0.792509769014183,-114.104166666667,34.3125
0.791177700070937,-114.0625,34.3125
0.793879668413326,-114.020833333333,34.3125
0.734616563379735,-113.979166666667,34.3125
0.686189019963041,-113.9375,34.3125
0.670244868996234,-113.895833333333,34.3125
0.999967758888625,-113.854166666667,34.3125
0.999954413453101,-113.8125,34.3125
0.999992354619444,-113.770833333333,34.3125
0.999999832825145,-113.729166666667,34.3125
0.999999891827951,-113.6875,34.3125
0.999990669453267,-113.645833333333,34.3125
0.999754436430883,-113.604166666667,34.3125
0.998463464686609,-113.5625,34.3125
0.994835728380166,-113.520833333333,34.3125
0.993944784171175,-113.479166666667,34.3125
0.995161196196028,-113.4375,34.3125
0.994449789670205,-113.395833333333,34.3125
0.993982422638801,-113.354166666667,34.3125
0.996380861115195,-113.3125,34.3125
0.998453749822505,-113.270833333333,34.3125
0.999403232643353,-113.229166666667,34.3125
0.998775276232718,-113.1875,34.3125
0.993266213609558,-113.145833333333,34.3125
0.997239902256564,-113.104166666667,34.3125
0.999526554620616,-113.0625,34.3125
0.999608572912061,-113.020833333333,34.3125
0.997718331315209,-112.979166666667,34.3125
0.987458667242861,-112.9375,34.3125
0.987764867215919,-112.895833333333,34.3125
0.99053227473511,-112.854166666667,34.3125
0.977261214363262,-112.8125,34.3125
0.981701464955288,-112.770833333333,34.3125
0.987337506361288,-112.729166666667,34.3125
0.979685238476768,-112.6875,34.3125
0.98373805296394,-112.645833333333,34.3125
0.986408126325963,-112.604166666667,34.3125
0.980302757296905,-112.5625,34.3125
0.978699555582911,-112.520833333333,34.3125
0.980371375169763,-112.479166666667,34.3125
0.972444902309994,-112.4375,34.3125
0.972847962563232,-112.395833333333,34.3125
0.989840213839056,-112.354166666667,34.3125
0.990224741815469,-112.3125,34.3125
0.998483949313062,-112.270833333333,34.3125
0.999602564428006,-112.229166666667,34.3125
0.999389112377113,-112.1875,34.3125
0.999432419106614,-112.145833333333,34.3125
0.999726990258549,-112.104166666667,34.3125
0.999821729697583,-112.0625,34.3125
0.999860517721609,-112.020833333333,34.3125
0.999792122185113,-111.979166666667,34.3125
0.999004508118848,-111.9375,34.3125
0.995181961383779,-111.895833333333,34.3125
0.998865114221869,-111.854166666667,34.3125
0.999973836848848,-111.8125,34.3125
0.999995082571958,-111.770833333333,34.3125
0.999999788892832,-111.729166666667,34.3125
0.999999994826262,-111.6875,34.3125
0.999999636069771,-111.645833333333,34.3125
0.999982310531852,-111.604166666667,34.3125
0.999987331383256,-111.5625,34.3125
0.999999342186218,-111.520833333333,34.3125
0.999999986641988,-111.479166666667,34.3125
0.999999983742852,-111.4375,34.3125
0.99999942809459,-111.395833333333,34.3125
0.999910171036706,-111.354166666667,34.3125
0.999504934687351,-111.3125,34.3125
0.999975090264099,-111.270833333333,34.3125
0.999999999179435,-111.229166666667,34.3125
1,-111.1875,34.3125
1,-111.145833333333,34.3125
1,-111.104166666667,34.3125
1,-111.0625,34.3125
0.998337735024265,-111.020833333333,34.3125
0.999896479375898,-110.979166666667,34.3125
0.999999897175012,-110.9375,34.3125
1,-110.895833333333,34.3125
1,-110.854166666667,34.3125
0.995384431641814,-110.8125,34.3125
0.979113204175164,-110.770833333333,34.3125
0.896756776738769,-110.729166666667,34.3125
0.996488270526639,-110.6875,34.3125
0.850430851925748,-110.645833333333,34.3125
0.553244091399072,-110.604166666667,34.3125
0.553986142595058,-109.770833333333,34.3125
1,-118.0625,34.2708333333333
1,-118.020833333333,34.2708333333333
1,-117.979166666667,34.2708333333333
1,-117.9375,34.2708333333333
1,-117.895833333333,34.2708333333333
1,-117.854166666667,34.2708333333333
1,-117.8125,34.2708333333333
1,-117.770833333333,34.2708333333333
1,-117.729166666667,34.2708333333333
1,-117.6875,34.2708333333333
1,-117.645833333333,34.2708333333333
1,-117.604166666667,34.2708333333333
1,-117.5625,34.2708333333333
1,-117.520833333333,34.2708333333333
0.999999999992703,-117.479166666667,34.2708333333333
0.999999999999322,-117.4375,34.2708333333333
1,-117.395833333333,34.2708333333333
0.999999999782429,-117.354166666667,34.2708333333333
0.999974261327797,-117.3125,34.2708333333333
0.999636630096456,-117.270833333333,34.2708333333333
0.999913694902045,-117.229166666667,34.2708333333333
0.998892595083695,-117.1875,34.2708333333333
0.959753340874165,-117.145833333333,34.2708333333333
0.756400350311389,-117.104166666667,34.2708333333333
0.551763815409046,-117.0625,34.2708333333333
0.580009535774221,-117.020833333333,34.2708333333333
0.635602372304177,-116.979166666667,34.2708333333333
0.773624339152032,-116.1875,34.2708333333333
0.787603765289295,-116.145833333333,34.2708333333333
0.797042145863484,-116.104166666667,34.2708333333333
0.780724225316738,-116.0625,34.2708333333333
0.784037072500639,-116.020833333333,34.2708333333333
0.821516394394933,-115.979166666667,34.2708333333333
0.859826923235013,-115.9375,34.2708333333333
0.87079356102377,-115.895833333333,34.2708333333333
0.808097350256728,-115.854166666667,34.2708333333333
0.714462895377856,-115.8125,34.2708333333333
0.757214548821963,-115.770833333333,34.2708333333333
0.877005976841451,-115.729166666667,34.2708333333333
0.945101419281244,-115.6875,34.2708333333333
0.984169162335851,-115.645833333333,34.2708333333333
0.991961278210359,-115.604166666667,34.2708333333333
0.990368593409695,-115.5625,34.2708333333333
0.992370415487217,-115.520833333333,34.2708333333333
0.567857095560708,-115.3125,34.2708333333333
0.619357363922262,-115.270833333333,34.2708333333333
0.606746019222716,-115.229166666667,34.2708333333333
0.602990132166345,-115.1875,34.2708333333333
0.605000778660577,-115.145833333333,34.2708333333333
0.608261009712594,-115.104166666667,34.2708333333333
0.610487654266728,-115.0625,34.2708333333333
0.62591755290508,-115.020833333333,34.2708333333333
0.607433902847722,-114.979166666667,34.2708333333333
0.999932422988773,-114.9375,34.2708333333333
0.999865396607168,-114.895833333333,34.2708333333333
0.999430581888362,-114.854166666667,34.2708333333333
0.998022612253334,-114.8125,34.2708333333333
0.996425998944356,-114.770833333333,34.2708333333333
0.980089611332981,-114.729166666667,34.2708333333333
0.997531917753373,-114.6875,34.2708333333333
0.998439341537024,-114.645833333333,34.2708333333333
0.99834736111481,-114.604166666667,34.2708333333333
0.997573011971198,-114.5625,34.2708333333333
0.996689433195276,-114.520833333333,34.2708333333333
0.983255697079996,-114.479166666667,34.2708333333333
0.986201509076346,-114.4375,34.2708333333333
0.984847349969769,-114.395833333333,34.2708333333333
0.986422941093412,-114.354166666667,34.2708333333333
0.995177238773971,-114.3125,34.2708333333333
0.731422805551779,-114.270833333333,34.2708333333333
0.799923633092535,-114.229166666667,34.2708333333333
0.790955519232402,-114.1875,34.2708333333333
0.77508714642751,-114.145833333333,34.2708333333333
0.802936132221485,-114.104166666667,34.2708333333333
0.795592554276133,-114.0625,34.2708333333333
0.764762483290027,-114.020833333333,34.2708333333333
0.709151484324413,-113.979166666667,34.2708333333333
0.999932247545237,-113.9375,34.2708333333333
0.999873544306922,-113.895833333333,34.2708333333333
0.999838667101332,-113.854166666667,34.2708333333333
0.999495217068733,-113.8125,34.2708333333333
0.999550511783242,-113.770833333333,34.2708333333333
0.999913958848027,-113.729166666667,34.2708333333333
0.999989578574634,-113.6875,34.2708333333333
0.999897830117746,-113.645833333333,34.2708333333333
0.998562894960194,-113.604166666667,34.2708333333333
0.995645849563968,-113.5625,34.2708333333333
0.992584130082401,-113.520833333333,34.2708333333333
0.985410578187852,-113.479166666667,34.2708333333333
0.983249561111935,-113.4375,34.2708333333333
0.991977320186774,-113.395833333333,34.2708333333333
0.997259089989661,-113.354166666667,34.2708333333333
0.999159103765937,-113.3125,34.2708333333333
0.999556157128115,-113.270833333333,34.2708333333333
0.999590174288127,-113.229166666667,34.2708333333333
0.999448592675877,-113.1875,34.2708333333333
0.998232392679581,-113.145833333333,34.2708333333333
0.997380625170892,-113.104166666667,34.2708333333333
0.998408729756062,-113.0625,34.2708333333333
0.998622845208552,-113.020833333333,34.2708333333333
0.997373638297361,-112.979166666667,34.2708333333333
0.994098487816774,-112.9375,34.2708333333333
0.994974147314951,-112.895833333333,34.2708333333333
0.997555928306417,-112.854166666667,34.2708333333333
0.996637854716008,-112.8125,34.2708333333333
0.99719848803692,-112.770833333333,34.2708333333333
0.996687224934415,-112.729166666667,34.2708333333333
0.99131509583618,-112.6875,34.2708333333333
0.990805863415874,-112.645833333333,34.2708333333333
0.993017812326622,-112.604166666667,34.2708333333333
0.987837727844583,-112.5625,34.2708333333333
0.98242456007117,-112.520833333333,34.2708333333333
0.987930159194747,-112.479166666667,34.2708333333333
0.992585879450457,-112.4375,34.2708333333333
0.998306049679271,-112.395833333333,34.2708333333333
0.999846752437999,-112.354166666667,34.2708333333333
0.997749773274315,-112.3125,34.2708333333333
0.998819278001307,-112.270833333333,34.2708333333333
0.999989585859888,-112.229166666667,34.2708333333333
0.999994196126097,-112.1875,34.2708333333333
0.999998863227864,-112.145833333333,34.2708333333333
0.999999330483112,-112.104166666667,34.2708333333333
0.999993078366895,-112.0625,34.2708333333333
0.999942878611877,-112.020833333333,34.2708333333333
0.999807725419254,-111.979166666667,34.2708333333333
0.998391002716564,-111.9375,34.2708333333333
0.993113012489478,-111.895833333333,34.2708333333333
0.99908460224757,-111.854166666667,34.2708333333333
0.999968604793079,-111.8125,34.2708333333333
0.999985244443607,-111.770833333333,34.2708333333333
0.999999378681524,-111.729166666667,34.2708333333333
0.999999996006354,-111.6875,34.2708333333333
0.999999780537168,-111.645833333333,34.2708333333333
0.999973685558185,-111.604166666667,34.2708333333333
0.99995659447576,-111.5625,34.2708333333333
0.999982208014622,-111.520833333333,34.2708333333333
0.999989924269798,-111.479166666667,34.2708333333333
0.999993070124181,-111.4375,34.2708333333333
0.999915884706802,-111.395833333333,34.2708333333333
0.999371525362179,-111.354166666667,34.2708333333333
0.99922501357076,-111.3125,34.2708333333333
0.999652778588594,-111.270833333333,34.2708333333333
0.999977888279925,-111.229166666667,34.2708333333333
0.999999998143041,-111.1875,34.2708333333333
0.999999999997777,-111.145833333333,34.2708333333333
0.999999999997449,-111.104166666667,34.2708333333333
0.999999999999016,-111.0625,34.2708333333333
0.999999999999974,-111.020833333333,34.2708333333333
0.999999999999956,-110.979166666667,34.2708333333333
0.99999999999999,-110.9375,34.2708333333333
1,-110.895833333333,34.2708333333333
1,-110.854166666667,34.2708333333333
1,-110.8125,34.2708333333333
0.959825408985173,-110.770833333333,34.2708333333333
0.961495972947059,-110.729166666667,34.2708333333333
0.935193674210906,-110.6875,34.2708333333333
0.999974547767377,-110.645833333333,34.2708333333333
0.934672854649124,-110.604166666667,34.2708333333333
0.638025755469804,-110.5625,34.2708333333333
0.522588740964893,-110.520833333333,34.2708333333333
0.525754547145961,-110.4375,34.2708333333333
0.555328571392552,-110.395833333333,34.2708333333333
0.582634961055173,-109.8125,34.2708333333333
0.690550569032806,-109.770833333333,34.2708333333333
0.700582878875826,-109.729166666667,34.2708333333333
0.640529442648283,-109.6875,34.2708333333333
0.541487276727348,-109.645833333333,34.2708333333333
1,-118.0625,34.2291666666667
1,-118.020833333333,34.2291666666667
1,-117.979166666667,34.2291666666667
1,-117.9375,34.2291666666667
1,-117.895833333333,34.2291666666667
0.999999999695337,-117.854166666667,34.2291666666667
0.999999999790355,-117.8125,34.2291666666667
0.999999999981864,-117.770833333333,34.2291666666667
0.999999999999981,-117.729166666667,34.2291666666667
0.999999999999999,-117.6875,34.2291666666667
1,-117.645833333333,34.2291666666667
1,-117.604166666667,34.2291666666667
1,-117.5625,34.2291666666667
1,-117.520833333333,34.2291666666667
1,-117.479166666667,34.2291666666667
1,-117.4375,34.2291666666667
1,-117.395833333333,34.2291666666667
1,-117.354166666667,34.2291666666667
0.99999999999999,-117.3125,34.2291666666667
0.999999999783155,-117.270833333333,34.2291666666667
0.99999999872395,-117.229166666667,34.2291666666667
0.999999945456254,-117.1875,34.2291666666667
0.999994481338831,-117.145833333333,34.2291666666667
0.999315399364149,-117.104166666667,34.2291666666667
0.982918425859924,-117.0625,34.2291666666667
0.939105556634085,-117.020833333333,34.2291666666667
0.904266977222066,-116.979166666667,34.2291666666667
0.670965504567855,-116.9375,34.2291666666667
0.787332839579063,-116.145833333333,34.2291666666667
0.804651586619602,-116.104166666667,34.2291666666667
0.825977816236916,-116.0625,34.2291666666667
0.837816210018756,-116.020833333333,34.2291666666667
0.867529167706881,-115.979166666667,34.2291666666667
0.903784453863964,-115.9375,34.2291666666667
0.932124325818466,-115.895833333333,34.2291666666667
0.924000772196286,-115.854166666667,34.2291666666667
0.863169630739117,-115.8125,34.2291666666667
0.850198563400791,-115.770833333333,34.2291666666667
0.857454168419502,-115.729166666667,34.2291666666667
0.815126331441774,-115.6875,34.2291666666667
0.920252630748654,-115.645833333333,34.2291666666667
0.965755048150853,-115.604166666667,34.2291666666667
0.961082853777156,-115.5625,34.2291666666667
0.955691298974074,-115.520833333333,34.2291666666667
0.991683490662476,-115.479166666667,34.2291666666667
0.548992440528562,-115.3125,34.2291666666667
0.58750843384624,-115.270833333333,34.2291666666667
0.549928152602378,-115.229166666667,34.2291666666667
0.575490928122925,-115.1875,34.2291666666667
0.603997697101128,-115.145833333333,34.2291666666667
0.60179235618774,-115.104166666667,34.2291666666667
0.602762528549771,-115.0625,34.2291666666667
0.624288981300124,-115.020833333333,34.2291666666667
0.61847310498467,-114.979166666667,34.2291666666667
0.999891922909184,-114.9375,34.2291666666667
0.99963034696,-114.895833333333,34.2291666666667
0.998831572719095,-114.854166666667,34.2291666666667
0.994638085683414,-114.8125,34.2291666666667
0.98861219021858,-114.770833333333,34.2291666666667
0.99030672554532,-114.729166666667,34.2291666666667
0.994822955213013,-114.6875,34.2291666666667
0.997234163787912,-114.645833333333,34.2291666666667
0.998275446600135,-114.604166666667,34.2291666666667
0.998818440335593,-114.5625,34.2291666666667
0.999340873676225,-114.520833333333,34.2291666666667
0.996144728057355,-114.479166666667,34.2291666666667
0.997724644558396,-114.4375,34.2291666666667
0.998030642095853,-114.395833333333,34.2291666666667
0.997007940026661,-114.354166666667,34.2291666666667
0.998446072592331,-114.3125,34.2291666666667
0.707429868199304,-114.270833333333,34.2291666666667
0.726556130715949,-114.229166666667,34.2291666666667
0.749196336289116,-114.1875,34.2291666666667
0.78346460717198,-114.145833333333,34.2291666666667
0.81098926023504,-114.104166666667,34.2291666666667
0.827242398467353,-114.0625,34.2291666666667
0.79662384022595,-114.020833333333,34.2291666666667
0.999995476043192,-113.979166666667,34.2291666666667
0.999974966133985,-113.9375,34.2291666666667
0.999911945959016,-113.895833333333,34.2291666666667
0.999618286072557,-113.854166666667,34.2291666666667
0.997208416521242,-113.8125,34.2291666666667
0.993334004403638,-113.770833333333,34.2291666666667
0.993491955672442,-113.729166666667,34.2291666666667
0.998965065401495,-113.6875,34.2291666666667
0.999566719134465,-113.645833333333,34.2291666666667
0.998749032197093,-113.604166666667,34.2291666666667
0.998373510650323,-113.5625,34.2291666666667
0.995913587204777,-113.520833333333,34.2291666666667
0.98673287894617,-113.479166666667,34.2291666666667
0.982824078275484,-113.4375,34.2291666666667
0.993580126871217,-113.395833333333,34.2291666666667
0.998296583328534,-113.354166666667,34.2291666666667
0.998911744178998,-113.3125,34.2291666666667
0.998462632893943,-113.270833333333,34.2291666666667
0.997358667666698,-113.229166666667,34.2291666666667
0.996886215727862,-113.1875,34.2291666666667
0.995747139485977,-113.145833333333,34.2291666666667
0.994768277661384,-113.104166666667,34.2291666666667
0.994304535603389,-113.0625,34.2291666666667
0.99625076956132,-113.020833333333,34.2291666666667
0.998897841048555,-112.979166666667,34.2291666666667
0.999272215027506,-112.9375,34.2291666666667
0.999227587674486,-112.895833333333,34.2291666666667
0.999123958475823,-112.854166666667,34.2291666666667
0.999489694288213,-112.8125,34.2291666666667
0.999665017906285,-112.770833333333,34.2291666666667
0.999260942351994,-112.729166666667,34.2291666666667
0.994878024389594,-112.6875,34.2291666666667
0.993809784687783,-112.645833333333,34.2291666666667
0.997198341627369,-112.604166666667,34.2291666666667
0.994369897410668,-112.5625,34.2291666666667
0.991069423815778,-112.520833333333,34.2291666666667
0.993710906150209,-112.479166666667,34.2291666666667
0.996769274996819,-112.4375,34.2291666666667
0.999935793645323,-112.395833333333,34.2291666666667
0.941455205310801,-112.354166666667,34.2291666666667
0.99999754934492,-112.3125,34.2291666666667
0.999735780273512,-112.270833333333,34.2291666666667
0.999999228302518,-112.229166666667,34.2291666666667
0.999999995282363,-112.1875,34.2291666666667
0.999999999300145,-112.145833333333,34.2291666666667
0.999999992247525,-112.104166666667,34.2291666666667
0.999997839037425,-112.0625,34.2291666666667
0.999893701448207,-112.020833333333,34.2291666666667
0.999355227053461,-111.979166666667,34.2291666666667
0.995008265526252,-111.9375,34.2291666666667
0.992071981827514,-111.895833333333,34.2291666666667
0.99956395639521,-111.854166666667,34.2291666666667
0.9999838008853,-111.8125,34.2291666666667
0.999991070885739,-111.770833333333,34.2291666666667
0.999999673402194,-111.729166666667,34.2291666666667
0.999999999576418,-111.6875,34.2291666666667
0.999999737260937,-111.645833333333,34.2291666666667
0.999984768548164,-111.604166666667,34.2291666666667
0.999953279647065,-111.5625,34.2291666666667
0.999940035148355,-111.520833333333,34.2291666666667
0.999932472641662,-111.479166666667,34.2291666666667
0.999926374875733,-111.4375,34.2291666666667
0.999677240176863,-111.395833333333,34.2291666666667
0.998542891119936,-111.354166666667,34.2291666666667
0.998823105025066,-111.3125,34.2291666666667
0.999554953293784,-111.270833333333,34.2291666666667
0.999907316098208,-111.229166666667,34.2291666666667
0.999995664852784,-111.1875,34.2291666666667
0.999996483090734,-111.145833333333,34.2291666666667
0.999975982663922,-111.104166666667,34.2291666666667
0.999965350903092,-111.0625,34.2291666666667
0.9999959948094,-111.020833333333,34.2291666666667
0.999998175323204,-110.979166666667,34.2291666666667
0.999999963680152,-110.9375,34.2291666666667
0.999999999999338,-110.895833333333,34.2291666666667
1,-110.854166666667,34.2291666666667
1,-110.8125,34.2291666666667
0.936430413340309,-110.770833333333,34.2291666666667
0.921399579707595,-110.729166666667,34.2291666666667
0.979671213256884,-110.6875,34.2291666666667
0.999999999986679,-110.645833333333,34.2291666666667
0.995964797301522,-110.604166666667,34.2291666666667
0.751762778646738,-110.5625,34.2291666666667
0.556840412933548,-110.520833333333,34.2291666666667
0.519585199639977,-110.479166666667,34.2291666666667
0.576612283254126,-110.4375,34.2291666666667
0.631853773879147,-110.395833333333,34.2291666666667
0.660222907913286,-110.354166666667,34.2291666666667
0.619297848458029,-110.3125,34.2291666666667
0.513345254185277,-109.9375,34.2291666666667
0.610071677304052,-109.895833333333,34.2291666666667
0.754155907562364,-109.854166666667,34.2291666666667
0.854805512715665,-109.8125,34.2291666666667
0.914700075242358,-109.770833333333,34.2291666666667
0.912849153158032,-109.729166666667,34.2291666666667
0.857149246135459,-109.6875,34.2291666666667
0.68178853482737,-109.645833333333,34.2291666666667
0.999999999697943,-118.0625,34.1875
0.999999999987498,-118.020833333333,34.1875
0.999999999999052,-117.979166666667,34.1875
0.999999999992328,-117.9375,34.1875
0.99999998063363,-117.895833333333,34.1875
0.999999477566507,-117.854166666667,34.1875
0.999999936388804,-117.8125,34.1875
0.999999952239985,-117.770833333333,34.1875
0.999999999962919,-117.729166666667,34.1875
0.999999999984177,-117.6875,34.1875
0.999999999987239,-117.645833333333,34.1875
1,-117.604166666667,34.1875
1,-117.5625,34.1875
1,-117.520833333333,34.1875
1,-117.479166666667,34.1875
0.999999999999999,-117.4375,34.1875
0.999999998039318,-117.395833333333,34.1875
0.999999295898768,-117.354166666667,34.1875
0.999996008355484,-117.3125,34.1875
0.999990090818728,-117.270833333333,34.1875
0.999979874428985,-117.229166666667,34.1875
0.999953964591423,-117.1875,34.1875
0.999987460261593,-117.145833333333,34.1875
0.999987609083898,-117.104166666667,34.1875
0.999872106319208,-117.0625,34.1875
0.994751596528526,-117.020833333333,34.1875
0.944876393584219,-116.979166666667,34.1875
0.763907627064498,-116.9375,34.1875
0.554403650741283,-116.895833333333,34.1875
0.502270813994571,-116.854166666667,34.1875
0.604310238179949,-116.8125,34.1875
0.658311806994568,-116.770833333333,34.1875
0.571067175994753,-116.729166666667,34.1875
0.783106573205091,-116.145833333333,34.1875
0.798298237565547,-116.104166666667,34.1875
0.82412028165413,-116.0625,34.1875
0.846403441471408,-116.020833333333,34.1875
0.877317046774144,-115.979166666667,34.1875
0.9133057005917,-115.9375,34.1875
0.94594344315365,-115.895833333333,34.1875
0.963280317209925,-115.854166666667,34.1875
0.963042752476374,-115.8125,34.1875
0.958287805649624,-115.770833333333,34.1875
0.942707523982533,-115.729166666667,34.1875
0.88328187132183,-115.6875,34.1875
0.887433104488862,-115.645833333333,34.1875
0.917924128747491,-115.604166666667,34.1875
0.919509147217969,-115.5625,34.1875
0.903428993553521,-115.520833333333,34.1875
0.95833269327247,-115.479166666667,34.1875
0.992776492070143,-115.4375,34.1875
0.513088289269286,-115.354166666667,34.1875
0.552945737129687,-115.3125,34.1875
0.568473004980859,-115.270833333333,34.1875
0.501536965589529,-115.229166666667,34.1875
0.526849446610867,-115.1875,34.1875
0.6151360486483,-115.145833333333,34.1875
0.610701278869563,-115.104166666667,34.1875
0.589994750283931,-115.0625,34.1875
0.598791337835728,-115.020833333333,34.1875
0.607403501618683,-114.979166666667,34.1875
0.999895260722211,-114.9375,34.1875
0.999501251529877,-114.895833333333,34.1875
0.996651845915818,-114.854166666667,34.1875
0.981991136327901,-114.8125,34.1875
0.980017920770363,-114.770833333333,34.1875
0.989512782482186,-114.729166666667,34.1875
0.993411229855758,-114.6875,34.1875
0.995857918489676,-114.645833333333,34.1875
0.997797812558479,-114.604166666667,34.1875
0.999018687824549,-114.5625,34.1875
0.999639807622349,-114.520833333333,34.1875
0.999888274897235,-114.479166666667,34.1875
0.998655871314252,-114.4375,34.1875
0.665716385996833,-114.395833333333,34.1875
0.662235861429532,-114.354166666667,34.1875
0.654120026769836,-114.3125,34.1875
0.641166230054397,-114.270833333333,34.1875
0.645976862344088,-114.229166666667,34.1875
0.733632785744694,-114.1875,34.1875
0.786075696819333,-114.145833333333,34.1875
0.779715513245717,-114.104166666667,34.1875
0.764532430375179,-114.0625,34.1875
0.999996793029247,-114.020833333333,34.1875
0.999997456746929,-113.979166666667,34.1875
0.999996418221385,-113.9375,34.1875
0.999974073104686,-113.895833333333,34.1875
0.999777181534026,-113.854166666667,34.1875
0.998116421726229,-113.8125,34.1875
0.994342730949036,-113.770833333333,34.1875
0.993037400470824,-113.729166666667,34.1875
0.99566235692214,-113.6875,34.1875
0.999269341556002,-113.645833333333,34.1875
0.999498540089546,-113.604166666667,34.1875
0.999727029918299,-113.5625,34.1875
0.999122575417051,-113.520833333333,34.1875
0.992335690655256,-113.479166666667,34.1875
0.986753184717845,-113.4375,34.1875
0.991440621975699,-113.395833333333,34.1875
0.993467851199693,-113.354166666667,34.1875
0.99316911670842,-113.3125,34.1875
0.991521947307829,-113.270833333333,34.1875
0.986408968240423,-113.229166666667,34.1875
0.981943418085771,-113.1875,34.1875
0.984870147992457,-113.145833333333,34.1875
0.987708215185388,-113.104166666667,34.1875
0.988269465083231,-113.0625,34.1875
0.993935108044748,-113.020833333333,34.1875
0.998349631000814,-112.979166666667,34.1875
0.999228605129347,-112.9375,34.1875
0.999384159961294,-112.895833333333,34.1875
0.99941566660001,-112.854166666667,34.1875
0.999684146281475,-112.8125,34.1875
0.999918880330217,-112.770833333333,34.1875
0.999934842764508,-112.729166666667,34.1875
0.999445870671168,-112.6875,34.1875
0.999202610930897,-112.645833333333,34.1875
0.999685410374351,-112.604166666667,34.1875
0.999158722578277,-112.5625,34.1875
0.997721745811367,-112.520833333333,34.1875
0.997016073252669,-112.479166666667,34.1875
0.997712836341484,-112.4375,34.1875
0.999897128358362,-112.395833333333,34.1875
0.944951917709815,-112.354166666667,34.1875
0.966988561389321,-112.3125,34.1875
0.999999974359827,-112.270833333333,34.1875
0.999999990649427,-112.229166666667,34.1875
0.999999999989771,-112.1875,34.1875
0.999999999996136,-112.145833333333,34.1875
0.999999999103014,-112.104166666667,34.1875
0.999993588551177,-112.0625,34.1875
0.999606163526446,-112.020833333333,34.1875
0.997877492914995,-111.979166666667,34.1875
0.988066391025974,-111.9375,34.1875
0.99164860217653,-111.895833333333,34.1875
0.999981417258102,-111.854166666667,34.1875
0.99999998045164,-111.8125,34.1875
0.999999995305153,-111.770833333333,34.1875
0.999999999758473,-111.729166666667,34.1875
0.999999999981383,-111.6875,34.1875
0.999999962822742,-111.645833333333,34.1875
0.999995928032119,-111.604166666667,34.1875
0.999993697698349,-111.5625,34.1875
0.99999920368336,-111.520833333333,34.1875
0.999996146112639,-111.479166666667,34.1875
0.999964039502089,-111.4375,34.1875
0.999852367791192,-111.395833333333,34.1875
0.99944529981441,-111.354166666667,34.1875
0.99942538018915,-111.3125,34.1875
0.999845200649075,-111.270833333333,34.1875
0.999955809622385,-111.229166666667,34.1875
0.99992718427435,-111.1875,34.1875
0.999713349730496,-111.145833333333,34.1875
0.99960345211668,-111.104166666667,34.1875
0.998925707069538,-111.0625,34.1875
0.998249215244204,-111.020833333333,34.1875
0.998686227455845,-110.979166666667,34.1875
0.999878704355468,-110.9375,34.1875
0.99999994766697,-110.895833333333,34.1875
0.9999999999999,-110.854166666667,34.1875
1,-110.8125,34.1875
0.999999999897448,-110.770833333333,34.1875
0.999999201854562,-110.729166666667,34.1875
0.999999999589444,-110.6875,34.1875
0.98897678138944,-110.645833333333,34.1875
0.999995355989069,-110.604166666667,34.1875
0.974355258108605,-110.5625,34.1875
0.769584610250209,-110.520833333333,34.1875
0.655834543561263,-110.479166666667,34.1875
0.706141375231644,-110.4375,34.1875
0.723111476936791,-110.395833333333,34.1875
0.769453789581386,-110.354166666667,34.1875
0.827586258646674,-110.3125,34.1875
0.783057958729345,-110.270833333333,34.1875
0.561306437864802,-110.229166666667,34.1875
0.571930566405694,-109.979166666667,34.1875
0.697407552305784,-109.9375,34.1875
0.788588817686294,-109.895833333333,34.1875
0.905737655292302,-109.854166666667,34.1875
0.965536676671006,-109.8125,34.1875
0.988966272138705,-109.770833333333,34.1875
0.991330621044504,-109.729166666667,34.1875
0.978909692077392,-109.6875,34.1875
0.857485570310146,-109.645833333333,34.1875
0.980713129731508,-118.104166666667,34.1458333333333
0.98563748160832,-118.0625,34.1458333333333
0.981490830677532,-118.020833333333,34.1458333333333
0.981867801469489,-117.979166666667,34.1458333333333
0.991747119105329,-117.9375,34.1458333333333
0.99151738052714,-117.895833333333,34.1458333333333
0.991852545526049,-117.854166666667,34.1458333333333
0.996438227892259,-117.8125,34.1458333333333
0.996962815136219,-117.770833333333,34.1458333333333
0.998761075436412,-117.729166666667,34.1458333333333
0.998892583812292,-117.6875,34.1458333333333
0.998731883086598,-117.645833333333,34.1458333333333
0.999119428732215,-117.604166666667,34.1458333333333
0.999667961044239,-117.5625,34.1458333333333
0.999748107973776,-117.520833333333,34.1458333333333
0.999823531392971,-117.479166666667,34.1458333333333
0.99990290016267,-117.4375,34.1458333333333
0.99886333500247,-117.395833333333,34.1458333333333
0.983901590192236,-117.354166666667,34.1458333333333
0.94770535980529,-117.3125,34.1458333333333
0.933035277886431,-117.270833333333,34.1458333333333
0.961226817664399,-117.229166666667,34.1458333333333
0.98183860836567,-117.1875,34.1458333333333
0.994982436065647,-117.145833333333,34.1458333333333
0.99954542516693,-117.104166666667,34.1458333333333
0.999796751717514,-117.0625,34.1458333333333
0.998502270227944,-117.020833333333,34.1458333333333
0.983570053648765,-116.979166666667,34.1458333333333
0.926395116815949,-116.9375,34.1458333333333
0.864158733584999,-116.895833333333,34.1458333333333
0.823570048838345,-116.854166666667,34.1458333333333
0.801326932480489,-116.8125,34.1458333333333
0.733448225024494,-116.770833333333,34.1458333333333
0.586519848532487,-116.729166666667,34.1458333333333
0.781459614820701,-116.145833333333,34.1458333333333
0.754150107792528,-116.104166666667,34.1458333333333
0.761897276928359,-116.0625,34.1458333333333
0.79135012557407,-116.020833333333,34.1458333333333
0.826831034309376,-115.979166666667,34.1458333333333
0.888630211737149,-115.9375,34.1458333333333
0.933778742519166,-115.895833333333,34.1458333333333
0.964312383339481,-115.854166666667,34.1458333333333
0.975107666488003,-115.8125,34.1458333333333
0.976371789241413,-115.770833333333,34.1458333333333
0.972775134259899,-115.729166666667,34.1458333333333
0.963489833367035,-115.6875,34.1458333333333
0.940256961517909,-115.645833333333,34.1458333333333
0.906679515270171,-115.604166666667,34.1458333333333
0.886456740235986,-115.5625,34.1458333333333
0.866497616824972,-115.520833333333,34.1458333333333
0.904402502386122,-115.479166666667,34.1458333333333
0.963807459781274,-115.4375,34.1458333333333
0.994109503723296,-115.395833333333,34.1458333333333
0.515320608521868,-115.354166666667,34.1458333333333
0.566467628636889,-115.3125,34.1458333333333
0.588287205896806,-115.270833333333,34.1458333333333
0.51113230049102,-115.229166666667,34.1458333333333
0.601366588526573,-115.145833333333,34.1458333333333
0.622836689086229,-115.104166666667,34.1458333333333
0.591165054276877,-115.0625,34.1458333333333
0.579857355587951,-115.020833333333,34.1458333333333
0.574852109179569,-114.979166666667,34.1458333333333
0.999835778022156,-114.9375,34.1458333333333
0.999442260473757,-114.895833333333,34.1458333333333
0.996325059063655,-114.854166666667,34.1458333333333
0.981036896789983,-114.8125,34.1458333333333
0.985157947336006,-114.770833333333,34.1458333333333
0.992508805976371,-114.729166666667,34.1458333333333
0.994476927673258,-114.6875,34.1458333333333
0.995707858638814,-114.645833333333,34.1458333333333
0.997118404461907,-114.604166666667,34.1458333333333
0.998735852135345,-114.5625,34.1458333333333
0.999531935482529,-114.520833333333,34.1458333333333
0.996467127053097,-114.479166666667,34.1458333333333
0.618506643992152,-114.4375,34.1458333333333
0.612562173433053,-114.395833333333,34.1458333333333
0.609405207780589,-114.354166666667,34.1458333333333
0.599677677962789,-114.3125,34.1458333333333
0.596017900635669,-114.270833333333,34.1458333333333
0.615064926491745,-114.229166666667,34.1458333333333
0.67620155005604,-114.1875,34.1458333333333
0.715060759522404,-114.145833333333,34.1458333333333
0.711161695134431,-114.104166666667,34.1458333333333
0.999940124938977,-114.0625,34.1458333333333
0.999924458253604,-114.020833333333,34.1458333333333
0.999957102862685,-113.979166666667,34.1458333333333
0.999963220709622,-113.9375,34.1458333333333
0.999958417154588,-113.895833333333,34.1458333333333
0.999949564306126,-113.854166666667,34.1458333333333
0.999686416213693,-113.8125,34.1458333333333
0.998766748226798,-113.770833333333,34.1458333333333
0.998434628314709,-113.729166666667,34.1458333333333
0.998793757815164,-113.6875,34.1458333333333
0.99917135965127,-113.645833333333,34.1458333333333
0.998868062612657,-113.604166666667,34.1458333333333
0.999055033383031,-113.5625,34.1458333333333
0.99907041789134,-113.520833333333,34.1458333333333
0.996715362808703,-113.479166666667,34.1458333333333
0.995344059321092,-113.4375,34.1458333333333
0.996011569491287,-113.395833333333,34.1458333333333
0.995637225201435,-113.354166666667,34.1458333333333
0.993996444592371,-113.3125,34.1458333333333
0.989035075178588,-113.270833333333,34.1458333333333
0.977816248503767,-113.229166666667,34.1458333333333
0.96754121827343,-113.1875,34.1458333333333
0.972497827147944,-113.145833333333,34.1458333333333
0.98082025649387,-113.104166666667,34.1458333333333
0.985911810547344,-113.0625,34.1458333333333
0.991666173851942,-113.020833333333,34.1458333333333
0.996860188168562,-112.979166666667,34.1458333333333
0.998685858917748,-112.9375,34.1458333333333
0.998729283016639,-112.895833333333,34.1458333333333
0.998820659942909,-112.854166666667,34.1458333333333
0.999444060693584,-112.8125,34.1458333333333
0.999942171974419,-112.770833333333,34.1458333333333
0.999995330403373,-112.729166666667,34.1458333333333
0.999991972642654,-112.6875,34.1458333333333
0.999977421705831,-112.645833333333,34.1458333333333
0.999969379267516,-112.604166666667,34.1458333333333
0.999947028640571,-112.5625,34.1458333333333
0.999810105074008,-112.520833333333,34.1458333333333
0.999677058952457,-112.479166666667,34.1458333333333
0.999940677617169,-112.4375,34.1458333333333
0.999998776033082,-112.395833333333,34.1458333333333
0.999999999706069,-112.354166666667,34.1458333333333
0.993950288269473,-112.3125,34.1458333333333
0.999999999999999,-112.270833333333,34.1458333333333
0.999999999999002,-112.229166666667,34.1458333333333
0.999999999999646,-112.1875,34.1458333333333
0.999999999999955,-112.145833333333,34.1458333333333
0.999999999960511,-112.104166666667,34.1458333333333
0.999998376443595,-112.0625,34.1458333333333
0.999803262851447,-112.020833333333,34.1458333333333
0.99831500120255,-111.979166666667,34.1458333333333
0.993840902821836,-111.9375,34.1458333333333
0.996106367511882,-111.895833333333,34.1458333333333
0.999993773153683,-111.854166666667,34.1458333333333
0.999999996297137,-111.8125,34.1458333333333
0.99999999999764,-111.770833333333,34.1458333333333
0.961403428526909,-111.729166666667,34.1458333333333
0.9999999999998,-111.6875,34.1458333333333
0.999999999920691,-111.645833333333,34.1458333333333
0.999999989206629,-111.604166666667,34.1458333333333
0.99999997228268,-111.5625,34.1458333333333
0.961332307221582,-111.520833333333,34.1458333333333
0.97618006036776,-111.479166666667,34.1458333333333
0.999998470594376,-111.4375,34.1458333333333
0.999979985794513,-111.395833333333,34.1458333333333
0.999952222766322,-111.354166666667,34.1458333333333
0.999914070562072,-111.3125,34.1458333333333
0.999956664671434,-111.270833333333,34.1458333333333
0.999940821498655,-111.229166666667,34.1458333333333
0.999803982959221,-111.1875,34.1458333333333
0.999762015071115,-111.145833333333,34.1458333333333
0.999361254957367,-111.104166666667,34.1458333333333
0.997365004734994,-111.0625,34.1458333333333
0.99583452917219,-111.020833333333,34.1458333333333
0.993418657515526,-110.979166666667,34.1458333333333
0.99288693397683,-110.9375,34.1458333333333
0.99995379486651,-110.895833333333,34.1458333333333
0.999999999924067,-110.854166666667,34.1458333333333
0.999999999999996,-110.8125,34.1458333333333
0.999999999914558,-110.770833333333,34.1458333333333
0.999971936682563,-110.729166666667,34.1458333333333
0.999961107409193,-110.6875,34.1458333333333
0.999999999970397,-110.645833333333,34.1458333333333
0.999999128544431,-110.604166666667,34.1458333333333
0.974183434430703,-110.5625,34.1458333333333
0.861587551583799,-110.520833333333,34.1458333333333
0.823752474013533,-110.479166666667,34.1458333333333
0.8134007087244,-110.4375,34.1458333333333
0.779803903801595,-110.395833333333,34.1458333333333
0.786042983669018,-110.354166666667,34.1458333333333
0.838844850977863,-110.3125,34.1458333333333
0.842241811427537,-110.270833333333,34.1458333333333
0.671591430521336,-110.229166666667,34.1458333333333
0.501611211655882,-110.1875,34.1458333333333
0.551753183970814,-109.979166666667,34.1458333333333
0.664100679394781,-109.9375,34.1458333333333
0.830156150111378,-109.895833333333,34.1458333333333
0.942966470956127,-109.854166666667,34.1458333333333
0.983714781862543,-109.8125,34.1458333333333
0.994049219531522,-109.770833333333,34.1458333333333
0.997183795345793,-109.729166666667,34.1458333333333
0.996479646387355,-109.6875,34.1458333333333
0.971709014610828,-109.645833333333,34.1458333333333
0.708182051123988,-109.604166666667,34.1458333333333
0.908936233225858,-118.104166666667,34.1041666666667
0.872909215280966,-118.0625,34.1041666666667
0.845013558825399,-118.020833333333,34.1041666666667
0.847299154834776,-117.979166666667,34.1041666666667
0.882049602219853,-117.9375,34.1041666666667
0.907083665289124,-117.895833333333,34.1041666666667
0.891686281024451,-117.854166666667,34.1041666666667
0.869925410998926,-117.8125,34.1041666666667
0.869177532768247,-117.770833333333,34.1041666666667
0.884100480315429,-117.729166666667,34.1041666666667
0.899465627439458,-117.6875,34.1041666666667
0.904729082755489,-117.645833333333,34.1041666666667
0.885472537576529,-117.604166666667,34.1041666666667
0.85765133209296,-117.5625,34.1041666666667
0.849170768606544,-117.520833333333,34.1041666666667
0.886746094286566,-117.479166666667,34.1041666666667
0.932256775640817,-117.4375,34.1041666666667
0.918537037306125,-117.395833333333,34.1041666666667
0.833553125212262,-117.354166666667,34.1041666666667
0.720179612537344,-117.3125,34.1041666666667
0.689908544373229,-117.270833333333,34.1041666666667
0.714750791804048,-117.229166666667,34.1041666666667
0.74709142500184,-117.1875,34.1041666666667
0.849175514454332,-117.145833333333,34.1041666666667
0.982031470339608,-117.104166666667,34.1041666666667
0.99879786863453,-117.0625,34.1041666666667
0.998344604761806,-117.020833333333,34.1041666666667
0.994450613936127,-116.979166666667,34.1041666666667
0.985337951083247,-116.9375,34.1041666666667
0.970861974962489,-116.895833333333,34.1041666666667
0.98769862262037,-116.854166666667,34.1041666666667
0.980389766837473,-116.8125,34.1041666666667
0.890396831865149,-116.770833333333,34.1041666666667
0.613365145955698,-116.729166666667,34.1041666666667
0.668653422761996,-116.0625,34.1041666666667
0.66507995597889,-116.020833333333,34.1041666666667
0.672209198009941,-115.979166666667,34.1041666666667
0.786350553982351,-115.9375,34.1041666666667
0.866710716475156,-115.895833333333,34.1041666666667
0.914482509192546,-115.854166666667,34.1041666666667
0.946901552659023,-115.8125,34.1041666666667
0.947646829578283,-115.770833333333,34.1041666666667
0.922084585880299,-115.729166666667,34.1041666666667
0.918596192348116,-115.6875,34.1041666666667
0.91220805371607,-115.645833333333,34.1041666666667
0.879710602622667,-115.604166666667,34.1041666666667
0.863134087680455,-115.5625,34.1041666666667
0.861778534499129,-115.520833333333,34.1041666666667
0.871661580661777,-115.479166666667,34.1041666666667
0.911299079889454,-115.4375,34.1041666666667
0.972806499086511,-115.395833333333,34.1041666666667
0.997913381520095,-115.354166666667,34.1041666666667
0.561031258904708,-115.3125,34.1041666666667
0.592787504797151,-115.270833333333,34.1041666666667
0.530786147992744,-115.229166666667,34.1041666666667
0.585829733190285,-115.145833333333,34.1041666666667
0.613604555821221,-115.104166666667,34.1041666666667
0.603241504253041,-115.0625,34.1041666666667
0.585987091777193,-115.020833333333,34.1041666666667
0.556953051585876,-114.979166666667,34.1041666666667
0.99969859554419,-114.9375,34.1041666666667
0.999248892574936,-114.895833333333,34.1041666666667
0.997773991775909,-114.854166666667,34.1041666666667
0.993454857113645,-114.8125,34.1041666666667
0.994219864507713,-114.770833333333,34.1041666666667
0.995762802385547,-114.729166666667,34.1041666666667
0.995577714599131,-114.6875,34.1041666666667
0.995449321218336,-114.645833333333,34.1041666666667
0.99745372821506,-114.604166666667,34.1041666666667
0.998713736767553,-114.5625,34.1041666666667
0.999399637960751,-114.520833333333,34.1041666666667
0.571255271219133,-114.479166666667,34.1041666666667
0.575441118048487,-114.4375,34.1041666666667
0.58129126018114,-114.395833333333,34.1041666666667
0.590466969495304,-114.354166666667,34.1041666666667
0.586073702958857,-114.3125,34.1041666666667
0.580335295098227,-114.270833333333,34.1041666666667
0.603310936375673,-114.229166666667,34.1041666666667
0.658400631724739,-114.1875,34.1041666666667
0.998607924737909,-114.145833333333,34.1041666666667
0.999814849481913,-114.104166666667,34.1041666666667
0.999366191448025,-114.0625,34.1041666666667
0.998734968387739,-114.020833333333,34.1041666666667
0.998576973651839,-113.979166666667,34.1041666666667
0.999080535783898,-113.9375,34.1041666666667
0.999570709609934,-113.895833333333,34.1041666666667
0.999859048736866,-113.854166666667,34.1041666666667
0.999949315395119,-113.8125,34.1041666666667
0.999879527904609,-113.770833333333,34.1041666666667
0.999515439822281,-113.729166666667,34.1041666666667
0.998349049768024,-113.6875,34.1041666666667
0.994964018942149,-113.645833333333,34.1041666666667
0.992165978634228,-113.604166666667,34.1041666666667
0.992891231227569,-113.5625,34.1041666666667
0.996880962454082,-113.520833333333,34.1041666666667
0.998495731296357,-113.479166666667,34.1041666666667
0.999142881740775,-113.4375,34.1041666666667
0.998397365786055,-113.395833333333,34.1041666666667
0.997171831387192,-113.354166666667,34.1041666666667
0.998488134617051,-113.3125,34.1041666666667
0.996629600541528,-113.270833333333,34.1041666666667
0.98148417439711,-113.229166666667,34.1041666666667
0.961337470056777,-113.1875,34.1041666666667
0.958829763015127,-113.145833333333,34.1041666666667
0.96917292087961,-113.104166666667,34.1041666666667
0.979145554354587,-113.0625,34.1041666666667
0.99030645478376,-113.020833333333,34.1041666666667
0.996726549089045,-112.979166666667,34.1041666666667
0.998590778752541,-112.9375,34.1041666666667
0.998708640624086,-112.895833333333,34.1041666666667
0.998587748834977,-112.854166666667,34.1041666666667
0.998961480184794,-112.8125,34.1041666666667
0.999871765810045,-112.770833333333,34.1041666666667
0.999990146202252,-112.729166666667,34.1041666666667
0.999995154504878,-112.6875,34.1041666666667
0.999993599015773,-112.645833333333,34.1041666666667
0.999990229925298,-112.604166666667,34.1041666666667
0.999991405464772,-112.5625,34.1041666666667
0.999994610237999,-112.520833333333,34.1041666666667
0.999999666494522,-112.479166666667,34.1041666666667
0.999999999930683,-112.4375,34.1041666666667
0.999999999999997,-112.395833333333,34.1041666666667
1,-112.354166666667,34.1041666666667
1,-112.3125,34.1041666666667
1,-112.270833333333,34.1041666666667
1,-112.229166666667,34.1041666666667
0.999999999999999,-112.1875,34.1041666666667
1,-112.145833333333,34.1041666666667
0.99999999999866,-112.104166666667,34.1041666666667
0.999999980610031,-112.0625,34.1041666666667
0.999997201583834,-112.020833333333,34.1041666666667
0.999870997541187,-111.979166666667,34.1041666666667
0.999407067554525,-111.9375,34.1041666666667
0.999811483106243,-111.895833333333,34.1041666666667
0.999999703712773,-111.854166666667,34.1041666666667
0.99999999452468,-111.8125,34.1041666666667
0.999999999994991,-111.770833333333,34.1041666666667
0.971422824610622,-111.729166666667,34.1041666666667
0.973225472696788,-111.6875,34.1041666666667
0.965715623460466,-111.645833333333,34.1041666666667
0.951774180120262,-111.604166666667,34.1041666666667
0.959464484234996,-111.5625,34.1041666666667
0.989934558307201,-111.520833333333,34.1041666666667
0.999289703530413,-111.479166666667,34.1041666666667
0.999999999976451,-111.4375,34.1041666666667
0.999998533171521,-111.395833333333,34.1041666666667
0.999998538778697,-111.354166666667,34.1041666666667
0.999993866931922,-111.3125,34.1041666666667
0.999980601263632,-111.270833333333,34.1041666666667
0.999848002041015,-111.229166666667,34.1041666666667
0.999579250890943,-111.1875,34.1041666666667
0.999903096455533,-111.145833333333,34.1041666666667
0.999293125023621,-111.104166666667,34.1041666666667
0.991178309703551,-111.0625,34.1041666666667
0.991653018444808,-111.020833333333,34.1041666666667
0.98840516852654,-110.979166666667,34.1041666666667
0.974033960974063,-110.9375,34.1041666666667
0.998663242799905,-110.895833333333,34.1041666666667
0.999999810236003,-110.854166666667,34.1041666666667
0.999999999551261,-110.8125,34.1041666666667
0.999998880337001,-110.770833333333,34.1041666666667
0.998862014061892,-110.729166666667,34.1041666666667
0.999534978984825,-110.6875,34.1041666666667
0.999981887372197,-110.645833333333,34.1041666666667
0.999687414538329,-110.604166666667,34.1041666666667
0.952898453120852,-110.5625,34.1041666666667
0.770339842401752,-110.520833333333,34.1041666666667
0.796394053507292,-110.479166666667,34.1041666666667
0.852685417490457,-110.4375,34.1041666666667
0.808341800709232,-110.395833333333,34.1041666666667
0.760880681924236,-110.354166666667,34.1041666666667
0.762490248938053,-110.3125,34.1041666666667
0.775743846263745,-110.270833333333,34.1041666666667
0.649134781589931,-110.229166666667,34.1041666666667
0.600243184830399,-109.9375,34.1041666666667
0.80425072825199,-109.895833333333,34.1041666666667
0.9282435409594,-109.854166666667,34.1041666666667
0.971728680392277,-109.8125,34.1041666666667
0.981835887495136,-109.770833333333,34.1041666666667
0.989634550868945,-109.729166666667,34.1041666666667
0.993796849463867,-109.6875,34.1041666666667
0.988929074337384,-109.645833333333,34.1041666666667
0.888742409142512,-109.604166666667,34.1041666666667
0.820839032381561,-118.104166666667,34.0625
0.773911074086816,-118.0625,34.0625
0.770586982591102,-118.020833333333,34.0625
0.787730945535167,-117.979166666667,34.0625
0.815213724629939,-117.9375,34.0625
0.844775498663656,-117.895833333333,34.0625
0.81219878658211,-117.854166666667,34.0625
0.760737601129384,-117.8125,34.0625
0.757358073108569,-117.770833333333,34.0625
0.758831338237756,-117.729166666667,34.0625
0.765688996182297,-117.6875,34.0625
0.772109999992572,-117.645833333333,34.0625
0.750086726102348,-117.604166666667,34.0625
0.700261710633773,-117.5625,34.0625
0.656276155324483,-117.520833333333,34.0625
0.677890217452706,-117.479166666667,34.0625
0.729753508183314,-117.4375,34.0625
0.679643522664748,-117.395833333333,34.0625
0.587246819658809,-117.354166666667,34.0625
0.540493204303867,-117.3125,34.0625
0.582845626829711,-117.270833333333,34.0625
0.611144906115354,-117.229166666667,34.0625
0.63019182723753,-117.1875,34.0625
0.714181821608161,-117.145833333333,34.0625
0.90906528165676,-117.104166666667,34.0625
0.992508898694909,-117.0625,34.0625
0.998053318178271,-117.020833333333,34.0625
0.998758305651891,-116.979166666667,34.0625
0.997816599718861,-116.9375,34.0625
0.996893665038613,-116.895833333333,34.0625
0.99562082990084,-116.854166666667,34.0625
0.97974455590588,-116.8125,34.0625
0.870088043039902,-116.770833333333,34.0625
0.6570552577518,-116.729166666667,34.0625
0.560893744047571,-116.6875,34.0625
0.550087736614189,-116.645833333333,34.0625
0.577510388748933,-116.604166666667,34.0625
0.601621859705095,-116.5625,34.0625
0.591450093802639,-116.520833333333,34.0625
0.502581796975575,-116.479166666667,34.0625
0.589882046343987,-116.020833333333,34.0625
0.516046752123768,-115.979166666667,34.0625
0.555983199885331,-115.9375,34.0625
0.689392888075259,-115.895833333333,34.0625
0.722184878921218,-115.854166666667,34.0625
0.826180318030442,-115.8125,34.0625
0.856823352457209,-115.770833333333,34.0625
0.798497537465226,-115.729166666667,34.0625
0.7727468759324,-115.6875,34.0625
0.81991447273728,-115.645833333333,34.0625
0.791789852095816,-115.604166666667,34.0625
0.824219455679799,-115.5625,34.0625
0.877678696140164,-115.520833333333,34.0625
0.878479478401478,-115.479166666667,34.0625
0.859944716148924,-115.4375,34.0625
0.902151746671121,-115.395833333333,34.0625
0.982988908757209,-115.354166666667,34.0625
0.50322737098061,-115.3125,34.0625
0.58014709414526,-115.270833333333,34.0625
0.51699206592672,-115.229166666667,34.0625
0.525561308323962,-115.145833333333,34.0625
0.570778746887358,-115.104166666667,34.0625
0.597517659449428,-115.0625,34.0625
0.591203981634352,-115.020833333333,34.0625
0.995915164384086,-114.979166666667,34.0625
0.999319499775429,-114.9375,34.0625
0.998987747642553,-114.895833333333,34.0625
0.998049378078195,-114.854166666667,34.0625
0.997050318889394,-114.8125,34.0625
0.99657633054018,-114.770833333333,34.0625
0.996808629484753,-114.729166666667,34.0625
0.99678680067196,-114.6875,34.0625
0.99570592277358,-114.645833333333,34.0625
0.998020906136898,-114.604166666667,34.0625
0.999145920726657,-114.5625,34.0625
0.999491727358119,-114.520833333333,34.0625
0.562266542433739,-114.479166666667,34.0625
0.561404312938723,-114.4375,34.0625
0.591119592938053,-114.395833333333,34.0625
0.605036235919834,-114.354166666667,34.0625
0.599419594497726,-114.3125,34.0625
0.589180962488719,-114.270833333333,34.0625
0.99686302681405,-114.229166666667,34.0625
0.999930273040022,-114.1875,34.0625
0.999834810486272,-114.145833333333,34.0625
0.999233876617292,-114.104166666667,34.0625
0.998196733198977,-114.0625,34.0625
0.99614691481172,-114.020833333333,34.0625
0.9934321542631,-113.979166666667,34.0625
0.993680450710109,-113.9375,34.0625
0.995598017963357,-113.895833333333,34.0625
0.998877000753675,-113.854166666667,34.0625
0.999843030965521,-113.8125,34.0625
0.999486693564523,-113.770833333333,34.0625
0.996574948288145,-113.729166666667,34.0625
0.98692573402956,-113.6875,34.0625
0.978044699291348,-113.645833333333,34.0625
0.97589593859123,-113.604166666667,34.0625
0.979861386931208,-113.5625,34.0625
0.992054091566017,-113.520833333333,34.0625
0.997532174064116,-113.479166666667,34.0625
0.998809476788381,-113.4375,34.0625
0.998242738993975,-113.395833333333,34.0625
0.996115128170272,-113.354166666667,34.0625
0.997251959723027,-113.3125,34.0625
0.994149313277135,-113.270833333333,34.0625
0.973098754491937,-113.229166666667,34.0625
0.954772920959919,-113.1875,34.0625
0.960920763166661,-113.145833333333,34.0625
0.96225650390197,-113.104166666667,34.0625
0.965425324390984,-113.0625,34.0625
0.982656573444799,-113.020833333333,34.0625
0.993535797109514,-112.979166666667,34.0625
0.997354548190765,-112.9375,34.0625
0.997926415925265,-112.895833333333,34.0625
0.997859597400321,-112.854166666667,34.0625
0.997969228788315,-112.8125,34.0625
0.999433670506278,-112.770833333333,34.0625
0.999866414975751,-112.729166666667,34.0625
0.999952254195438,-112.6875,34.0625
0.999990261131709,-112.645833333333,34.0625
0.999997016253925,-112.604166666667,34.0625
0.999999179472656,-112.5625,34.0625
0.999999977066029,-112.520833333333,34.0625
0.999999999999481,-112.479166666667,34.0625
1,-112.4375,34.0625
1,-112.395833333333,34.0625
1,-112.354166666667,34.0625
1,-112.3125,34.0625
1,-112.270833333333,34.0625
1,-112.229166666667,34.0625
0.993636866692343,-112.1875,34.0625
0.988326884523857,-112.145833333333,34.0625
0.981012433431564,-112.104166666667,34.0625
0.999999999997272,-112.0625,34.0625
0.999999999751666,-112.020833333333,34.0625
0.999999937677908,-111.979166666667,34.0625
0.806556510033116,-111.9375,34.0625
0.82825736006636,-111.895833333333,34.0625
0.929287482232828,-111.854166666667,34.0625
0.999999999998159,-111.8125,34.0625
0.999999999999468,-111.770833333333,34.0625
0.977328544112078,-111.729166666667,34.0625
0.985258091411914,-111.6875,34.0625
0.985520284394589,-111.645833333333,34.0625
0.985526212070688,-111.604166666667,34.0625
0.987876419440505,-111.5625,34.0625
0.999358777590312,-111.520833333333,34.0625
0.999988768082313,-111.479166666667,34.0625
0.995713716527693,-111.4375,34.0625
0.999999962009943,-111.395833333333,34.0625
0.999999982737105,-111.354166666667,34.0625
0.999999957670203,-111.3125,34.0625
0.999996193084322,-111.270833333333,34.0625
0.999926623784113,-111.229166666667,34.0625
0.999902788421775,-111.1875,34.0625
0.999979363298401,-111.145833333333,34.0625
0.999739397366017,-111.104166666667,34.0625
0.985697587375648,-111.0625,34.0625
0.98878349862565,-111.020833333333,34.0625
0.998662032852623,-110.979166666667,34.0625
0.993204035923042,-110.9375,34.0625
0.956840910906897,-110.895833333333,34.0625
0.99941978664023,-110.854166666667,34.0625
0.999958726031292,-110.8125,34.0625
0.998705657049986,-110.770833333333,34.0625
0.973516673182206,-110.729166666667,34.0625
0.990351423209534,-110.6875,34.0625
0.99844405316302,-110.645833333333,34.0625
0.981086709689551,-110.604166666667,34.0625
0.891424037127625,-110.5625,34.0625
0.725306371142582,-110.520833333333,34.0625
0.689057645298167,-110.479166666667,34.0625
0.793192736495869,-110.4375,34.0625
0.845009976384714,-110.395833333333,34.0625
0.790486363870619,-110.354166666667,34.0625
0.67880199691922,-110.3125,34.0625
0.701352431909132,-110.270833333333,34.0625
0.609711380415857,-110.229166666667,34.0625
0.547972745604274,-110.145833333333,34.0625
0.610445002051627,-110.104166666667,34.0625
0.556093553789355,-110.0625,34.0625
0.526248911820359,-110.020833333333,34.0625
0.537682582797405,-109.979166666667,34.0625
0.641633738856605,-109.9375,34.0625
0.775369157758304,-109.895833333333,34.0625
0.842319571594005,-109.854166666667,34.0625
0.884955462619772,-109.8125,34.0625
0.923689058285751,-109.770833333333,34.0625
0.95744653035093,-109.729166666667,34.0625
0.978645544712555,-109.6875,34.0625
0.978578600725721,-109.645833333333,34.0625
0.888130529935861,-109.604166666667,34.0625
0.526731195396108,-109.5625,34.0625
0.732145598116352,-118.145833333333,34.0208333333333
0.726027483961217,-118.104166666667,34.0208333333333
0.707214778271219,-118.0625,34.0208333333333
0.768400696393897,-118.020833333333,34.0208333333333
0.776025833600378,-117.979166666667,34.0208333333333
0.775575583410217,-117.9375,34.0208333333333
0.785521358293248,-117.895833333333,34.0208333333333
0.753441845001955,-117.854166666667,34.0208333333333
0.740648078740695,-117.8125,34.0208333333333
0.758736815831395,-117.770833333333,34.0208333333333
0.724465366638939,-117.729166666667,34.0208333333333
0.705367589657912,-117.6875,34.0208333333333
0.698294117866445,-117.645833333333,34.0208333333333
0.68241252271604,-117.604166666667,34.0208333333333
0.635048457611608,-117.5625,34.0208333333333
0.55766383087952,-117.520833333333,34.0208333333333
0.531314835669064,-117.479166666667,34.0208333333333
0.560340275744968,-117.4375,34.0208333333333
0.613088561744609,-117.270833333333,34.0208333333333
0.691440175319407,-117.229166666667,34.0208333333333
0.687689159614534,-117.1875,34.0208333333333
0.724637239571698,-117.145833333333,34.0208333333333
0.819834070868434,-117.104166666667,34.0208333333333
0.958920266437958,-117.0625,34.0208333333333
0.996170441623033,-117.020833333333,34.0208333333333
0.999079225157976,-116.979166666667,34.0208333333333
0.999280004046189,-116.9375,34.0208333333333
0.999198883321461,-116.895833333333,34.0208333333333
0.998072816132036,-116.854166666667,34.0208333333333
0.992350578491684,-116.8125,34.0208333333333
0.915600254108633,-116.770833333333,34.0208333333333
0.740135131482945,-116.729166666667,34.0208333333333
0.680860811820594,-116.6875,34.0208333333333
0.683232221563652,-116.645833333333,34.0208333333333
0.694663518261844,-116.604166666667,34.0208333333333
0.67488917587897,-116.5625,34.0208333333333
0.662134915341922,-116.520833333333,34.0208333333333
0.578040540516827,-116.479166666667,34.0208333333333
0.546426614820706,-115.979166666667,34.0208333333333
0.528082839241646,-115.895833333333,34.0208333333333
0.541105011007872,-115.854166666667,34.0208333333333
0.632344070992928,-115.8125,34.0208333333333
0.731800327003601,-115.770833333333,34.0208333333333
0.787806778232813,-115.729166666667,34.0208333333333
0.794257215713567,-115.6875,34.0208333333333
0.853089022273206,-115.645833333333,34.0208333333333
0.84325556137867,-115.604166666667,34.0208333333333
0.882008726009412,-115.5625,34.0208333333333
0.935481609304042,-115.520833333333,34.0208333333333
0.938152579655285,-115.479166666667,34.0208333333333
0.900946774856809,-115.4375,34.0208333333333
0.873002588915873,-115.395833333333,34.0208333333333
0.933750322632474,-115.354166666667,34.0208333333333
0.992370353200609,-115.3125,34.0208333333333
0.999691237385779,-115.270833333333,34.0208333333333
0.99930166955572,-115.229166666667,34.0208333333333
0.994061235304268,-115.1875,34.0208333333333
0.992666335076336,-115.145833333333,34.0208333333333
0.99710308137284,-115.104166666667,34.0208333333333
0.999417883379214,-115.0625,34.0208333333333
0.99982144629065,-115.020833333333,34.0208333333333
0.993177535987657,-114.979166666667,34.0208333333333
0.998681600761107,-114.9375,34.0208333333333
0.998598574396639,-114.895833333333,34.0208333333333
0.997950504063255,-114.854166666667,34.0208333333333
0.997026357288273,-114.8125,34.0208333333333
0.996509301159173,-114.770833333333,34.0208333333333
0.997059606801914,-114.729166666667,34.0208333333333
0.997903541290854,-114.6875,34.0208333333333
0.998025392069059,-114.645833333333,34.0208333333333
0.998914561920436,-114.604166666667,34.0208333333333
0.999453821352726,-114.5625,34.0208333333333
0.99961661067184,-114.520833333333,34.0208333333333
0.993406777674108,-114.479166666667,34.0208333333333
0.574031648269394,-114.4375,34.0208333333333
0.996477961424268,-114.395833333333,34.0208333333333
0.997051236338556,-114.354166666667,34.0208333333333
0.997570579185915,-114.3125,34.0208333333333
0.997096178536678,-114.270833333333,34.0208333333333
0.996252823450987,-114.229166666667,34.0208333333333
0.99978759327342,-114.1875,34.0208333333333
0.999387184688121,-114.145833333333,34.0208333333333
0.998331452476816,-114.104166666667,34.0208333333333
0.996475551918783,-114.0625,34.0208333333333
0.993896454073336,-114.020833333333,34.0208333333333
0.991143538039384,-113.979166666667,34.0208333333333
0.990028237927684,-113.9375,34.0208333333333
0.989926462650132,-113.895833333333,34.0208333333333
0.993796902464635,-113.854166666667,34.0208333333333
0.996235688539712,-113.8125,34.0208333333333
0.992044671374696,-113.770833333333,34.0208333333333
0.985013801150789,-113.729166666667,34.0208333333333
0.980182449950907,-113.6875,34.0208333333333
0.97382711756276,-113.645833333333,34.0208333333333
0.973424196071558,-113.604166666667,34.0208333333333
0.98183541699001,-113.5625,34.0208333333333
0.993373287587507,-113.520833333333,34.0208333333333
0.997372276914682,-113.479166666667,34.0208333333333
0.996035501391743,-113.4375,34.0208333333333
0.990444085104501,-113.395833333333,34.0208333333333
0.984746709132947,-113.354166666667,34.0208333333333
0.983779871385049,-113.3125,34.0208333333333
0.969186688729936,-113.270833333333,34.0208333333333
0.933638183011211,-113.229166666667,34.0208333333333
0.915005487029261,-113.1875,34.0208333333333
0.937065328746946,-113.145833333333,34.0208333333333
0.945674921654019,-113.104166666667,34.0208333333333
0.9486432005557,-113.0625,34.0208333333333
0.966608082393749,-113.020833333333,34.0208333333333
0.980822460459758,-112.979166666667,34.0208333333333
0.992747021245629,-112.9375,34.0208333333333
0.997235045338986,-112.895833333333,34.0208333333333
0.997871645935912,-112.854166666667,34.0208333333333
0.997434831148174,-112.8125,34.0208333333333
0.997419276907051,-112.770833333333,34.0208333333333
0.998831373679258,-112.729166666667,34.0208333333333
0.999946633116075,-112.6875,34.0208333333333
0.999998827073698,-112.645833333333,34.0208333333333
0.999999702911178,-112.604166666667,34.0208333333333
0.999999823607907,-112.5625,34.0208333333333
0.999999999891293,-112.520833333333,34.0208333333333
1,-112.479166666667,34.0208333333333
0.999399081195269,-112.4375,34.0208333333333
0.999565161574062,-112.395833333333,34.0208333333333
0.999251163776922,-112.354166666667,34.0208333333333
0.998546679807096,-112.3125,34.0208333333333
0.99871289241039,-112.270833333333,34.0208333333333
0.998291202392211,-112.229166666667,34.0208333333333
0.991026341424813,-112.1875,34.0208333333333
0.987971443478506,-112.145833333333,34.0208333333333
0.992850110727163,-112.104166666667,34.0208333333333
0.988625447596826,-112.0625,34.0208333333333
0.985226168721738,-112.020833333333,34.0208333333333
0.959020071956237,-111.979166666667,34.0208333333333
0.911437231939023,-111.9375,34.0208333333333
0.905443528182589,-111.895833333333,34.0208333333333
0.950915459918496,-111.854166666667,34.0208333333333
0.980919715023355,-111.8125,34.0208333333333
0.982282769717932,-111.770833333333,34.0208333333333
0.98659229831778,-111.729166666667,34.0208333333333
0.991402286218785,-111.6875,34.0208333333333
0.992961602950546,-111.645833333333,34.0208333333333
0.996951189392519,-111.604166666667,34.0208333333333
0.997990812791762,-111.5625,34.0208333333333
0.999988902425971,-111.520833333333,34.0208333333333
0.999999816471368,-111.479166666667,34.0208333333333
0.999603608959108,-111.4375,34.0208333333333
0.999999999999396,-111.395833333333,34.0208333333333
0.999999999645712,-111.354166666667,34.0208333333333
0.930181792159423,-111.3125,34.0208333333333
0.999999968971437,-111.270833333333,34.0208333333333
0.999999898593248,-111.229166666667,34.0208333333333
0.999999999339793,-111.1875,34.0208333333333
0.999999879319743,-111.145833333333,34.0208333333333
0.999918963237635,-111.104166666667,34.0208333333333
0.991989341594098,-111.0625,34.0208333333333
0.991758668448303,-111.020833333333,34.0208333333333
0.999935194936621,-110.979166666667,34.0208333333333
0.999805429649764,-110.9375,34.0208333333333
0.960261203385275,-110.895833333333,34.0208333333333
0.99145107682742,-110.854166666667,34.0208333333333
0.998530413598975,-110.8125,34.0208333333333
0.994786794342729,-110.770833333333,34.0208333333333
0.948863813163505,-110.729166666667,34.0208333333333
0.946887178140219,-110.6875,34.0208333333333
0.984385833532203,-110.645833333333,34.0208333333333
0.948623429313666,-110.604166666667,34.0208333333333
0.752812218222535,-110.5625,34.0208333333333
0.629424927982748,-110.520833333333,34.0208333333333
0.601302607614881,-110.479166666667,34.0208333333333
0.665330387854587,-110.4375,34.0208333333333
0.757951645937696,-110.395833333333,34.0208333333333
0.797075476091076,-110.354166666667,34.0208333333333
0.666278990407262,-110.3125,34.0208333333333
0.623135481861698,-110.270833333333,34.0208333333333
0.586763134036497,-110.229166666667,34.0208333333333
0.53443810062101,-110.1875,34.0208333333333
0.568437392164474,-110.145833333333,34.0208333333333
0.664035935861605,-110.104166666667,34.0208333333333
0.599229337405355,-110.0625,34.0208333333333
0.576228623115233,-110.020833333333,34.0208333333333
0.61386762210232,-109.979166666667,34.0208333333333
0.599250638519937,-109.9375,34.0208333333333
0.626060734998244,-109.895833333333,34.0208333333333
0.716866084040533,-109.854166666667,34.0208333333333
0.826334944961886,-109.8125,34.0208333333333
0.879138297122562,-109.770833333333,34.0208333333333
0.920750949767292,-109.729166666667,34.0208333333333
0.954075655132512,-109.6875,34.0208333333333
0.954182706209533,-109.645833333333,34.0208333333333
0.839143287540455,-109.604166666667,34.0208333333333
0.551039734617096,-109.5625,34.0208333333333
0.702774609709461,-118.145833333333,33.9791666666667
0.672195399647444,-118.104166666667,33.9791666666667
0.655018111103127,-118.0625,33.9791666666667
0.716390877924892,-118.020833333333,33.9791666666667
0.756153903574019,-117.979166666667,33.9791666666667
0.753818212912563,-117.9375,33.9791666666667
0.743166629837862,-117.895833333333,33.9791666666667
0.750008138792652,-117.854166666667,33.9791666666667
0.786344409641482,-117.8125,33.9791666666667
0.809691845744286,-117.770833333333,33.9791666666667
0.748930826512139,-117.729166666667,33.9791666666667
0.668156083095384,-117.6875,33.9791666666667
0.62957403951312,-117.645833333333,33.9791666666667
0.607906556547964,-117.604166666667,33.9791666666667
0.545960186137987,-117.5625,33.9791666666667
0.603669066752521,-117.270833333333,33.9791666666667
0.701675377060791,-117.229166666667,33.9791666666667
0.748323310859375,-117.1875,33.9791666666667
0.698690778372275,-117.145833333333,33.9791666666667
0.75315278253841,-117.104166666667,33.9791666666667
0.886755156643011,-117.0625,33.9791666666667
0.979986700514938,-117.020833333333,33.9791666666667
0.995230618923089,-116.979166666667,33.9791666666667
0.998028321162439,-116.9375,33.9791666666667
0.998618232190058,-116.895833333333,33.9791666666667
0.997478135727747,-116.854166666667,33.9791666666667
0.995054941962834,-116.8125,33.9791666666667
0.964887413874926,-116.770833333333,33.9791666666667
0.8167976772642,-116.729166666667,33.9791666666667
0.726958301756792,-116.6875,33.9791666666667
0.692774931376571,-116.645833333333,33.9791666666667
0.661986032674014,-116.604166666667,33.9791666666667
0.631999654192125,-116.5625,33.9791666666667
0.647888976877234,-116.520833333333,33.9791666666667
0.637326075272217,-116.479166666667,33.9791666666667
0.555239291542634,-116.4375,33.9791666666667
0.571841107438741,-115.9375,33.9791666666667
0.600102718328801,-115.895833333333,33.9791666666667
0.598432810358369,-115.854166666667,33.9791666666667
0.581919109568169,-115.8125,33.9791666666667
0.690916857154971,-115.770833333333,33.9791666666667
0.859071290003773,-115.729166666667,33.9791666666667
0.922350210087629,-115.6875,33.9791666666667
0.945765162285759,-115.645833333333,33.9791666666667
0.948388538407552,-115.604166666667,33.9791666666667
0.961795685530624,-115.5625,33.9791666666667
0.975499306777774,-115.520833333333,33.9791666666667
0.975946175355818,-115.479166666667,33.9791666666667
0.962883525924911,-115.4375,33.9791666666667
0.938948874785031,-115.395833333333,33.9791666666667
0.920077825520223,-115.354166666667,33.9791666666667
0.982618633815042,-115.3125,33.9791666666667
0.999192381181873,-115.270833333333,33.9791666666667
0.999626553532637,-115.229166666667,33.9791666666667
0.997932162204141,-115.1875,33.9791666666667
0.992821782065061,-115.145833333333,33.9791666666667
0.986535206330603,-115.104166666667,33.9791666666667
0.992812419700414,-115.0625,33.9791666666667
0.999482381402537,-115.020833333333,33.9791666666667
0.999308558761135,-114.979166666667,33.9791666666667
0.99862092186637,-114.9375,33.9791666666667
0.998472183488506,-114.895833333333,33.9791666666667
0.998296823180271,-114.854166666667,33.9791666666667
0.997493827685462,-114.8125,33.9791666666667
0.977965670767707,-114.770833333333,33.9791666666667
0.997215249924517,-114.729166666667,33.9791666666667
0.998328255636595,-114.6875,33.9791666666667
0.999076228858198,-114.645833333333,33.9791666666667
0.999361280291098,-114.604166666667,33.9791666666667
0.999407069832913,-114.5625,33.9791666666667
0.999397813285734,-114.520833333333,33.9791666666667
0.999499039096083,-114.479166666667,33.9791666666667
0.995302111922193,-114.4375,33.9791666666667
0.996767861310411,-114.395833333333,33.9791666666667
0.99765946463089,-114.354166666667,33.9791666666667
0.998854647393584,-114.3125,33.9791666666667
0.998021927116043,-114.270833333333,33.9791666666667
0.99425649864027,-114.229166666667,33.9791666666667
0.990481716077599,-114.1875,33.9791666666667
0.998248836003078,-114.145833333333,33.9791666666667
0.997554205898912,-114.104166666667,33.9791666666667
0.995969120079444,-114.0625,33.9791666666667
0.993685724316085,-114.020833333333,33.9791666666667
0.991838900534929,-113.979166666667,33.9791666666667
0.991508438763086,-113.9375,33.9791666666667
0.991984021947821,-113.895833333333,33.9791666666667
0.991476464208969,-113.854166666667,33.9791666666667
0.986994881626657,-113.8125,33.9791666666667
0.982201639494513,-113.770833333333,33.9791666666667
0.981508907753874,-113.729166666667,33.9791666666667
0.983128351638208,-113.6875,33.9791666666667
0.983539649443641,-113.645833333333,33.9791666666667
0.989777373039748,-113.604166666667,33.9791666666667
0.996412630441951,-113.5625,33.9791666666667
0.997504065682044,-113.520833333333,33.9791666666667
0.992205432103635,-113.479166666667,33.9791666666667
0.98352013875313,-113.4375,33.9791666666667
0.969896356716495,-113.395833333333,33.9791666666667
0.95083915527156,-113.354166666667,33.9791666666667
0.937245288407159,-113.3125,33.9791666666667
0.922697075412636,-113.270833333333,33.9791666666667
0.899099292156635,-113.229166666667,33.9791666666667
0.882895811834204,-113.1875,33.9791666666667
0.889697564161101,-113.145833333333,33.9791666666667
0.903441470059568,-113.104166666667,33.9791666666667
0.926701256361713,-113.0625,33.9791666666667
0.947597384065802,-113.020833333333,33.9791666666667
0.971889714511991,-112.979166666667,33.9791666666667
0.991487856978756,-112.9375,33.9791666666667
0.998470189660843,-112.895833333333,33.9791666666667
0.999275673711674,-112.854166666667,33.9791666666667
0.998744354535111,-112.8125,33.9791666666667
0.996947363875617,-112.770833333333,33.9791666666667
0.996421659029625,-112.729166666667,33.9791666666667
0.999639293785889,-112.6875,33.9791666666667
0.999996256013971,-112.645833333333,33.9791666666667
0.999999836653193,-112.604166666667,33.9791666666667
0.99999997872212,-112.5625,33.9791666666667
0.999999999981276,-112.520833333333,33.9791666666667
1,-112.479166666667,33.9791666666667
0.999104498713137,-112.4375,33.9791666666667
0.997513156241228,-112.395833333333,33.9791666666667
0.993579902915093,-112.354166666667,33.9791666666667
0.983670968432775,-112.3125,33.9791666666667
0.983330809669238,-112.270833333333,33.9791666666667
0.991705424040482,-112.229166666667,33.9791666666667
0.989472237722766,-112.1875,33.9791666666667
0.986859398203346,-112.145833333333,33.9791666666667
0.995760571326473,-112.104166666667,33.9791666666667
0.994848596709323,-112.0625,33.9791666666667
0.988925918275458,-112.020833333333,33.9791666666667
0.981132743920222,-111.979166666667,33.9791666666667
0.973201952671337,-111.9375,33.9791666666667
0.950815124845461,-111.895833333333,33.9791666666667
0.965103533198039,-111.854166666667,33.9791666666667
0.988640173935761,-111.8125,33.9791666666667
0.994945281173421,-111.770833333333,33.9791666666667
0.990515299716837,-111.729166666667,33.9791666666667
0.992687423940381,-111.6875,33.9791666666667
0.995440230133164,-111.645833333333,33.9791666666667
0.998641397154426,-111.604166666667,33.9791666666667
0.999933505389929,-111.5625,33.9791666666667
0.999999902203169,-111.520833333333,33.9791666666667
0.999998871009753,-111.479166666667,33.9791666666667
0.999954040352401,-111.4375,33.9791666666667
0.992534548307296,-111.395833333333,33.9791666666667
0.953498939404168,-111.354166666667,33.9791666666667
0.973138289323381,-111.3125,33.9791666666667
0.946948905524439,-111.270833333333,33.9791666666667
0.999999999966916,-111.229166666667,33.9791666666667
1,-111.1875,33.9791666666667
0.981884134324137,-111.145833333333,33.9791666666667
0.999999793132946,-111.104166666667,33.9791666666667
0.999803899599843,-111.0625,33.9791666666667
0.999964770394421,-111.020833333333,33.9791666666667
0.999999944294297,-110.979166666667,33.9791666666667
0.999913025611397,-110.9375,33.9791666666667
0.98365162200636,-110.895833333333,33.9791666666667
0.993151037663222,-110.854166666667,33.9791666666667
0.99580416194672,-110.8125,33.9791666666667
0.983545036376169,-110.770833333333,33.9791666666667
0.953391284331004,-110.729166666667,33.9791666666667
0.930485483256818,-110.6875,33.9791666666667
0.951091661064093,-110.645833333333,33.9791666666667
0.911051421939656,-110.604166666667,33.9791666666667
0.778244625709644,-110.5625,33.9791666666667
0.637413739475267,-110.520833333333,33.9791666666667
0.604237490072156,-110.479166666667,33.9791666666667
0.630642520999575,-110.4375,33.9791666666667
0.675207064274383,-110.395833333333,33.9791666666667
0.719123194139686,-110.354166666667,33.9791666666667
0.652239636248293,-110.3125,33.9791666666667
0.607957983364539,-110.270833333333,33.9791666666667
0.604814125858284,-110.229166666667,33.9791666666667
0.582004103551816,-110.1875,33.9791666666667
0.549554741540083,-110.145833333333,33.9791666666667
0.581720665367931,-110.104166666667,33.9791666666667
0.558726160203684,-110.0625,33.9791666666667
0.564179545286317,-110.020833333333,33.9791666666667
0.60597668280715,-109.979166666667,33.9791666666667
0.535991924975702,-109.9375,33.9791666666667
0.545708498637942,-109.895833333333,33.9791666666667
0.701597720232825,-109.854166666667,33.9791666666667
0.848026782613421,-109.8125,33.9791666666667
0.862569363603896,-109.770833333333,33.9791666666667
0.88545421904507,-109.729166666667,33.9791666666667
0.947596791021567,-109.6875,33.9791666666667
0.963752801413422,-109.645833333333,33.9791666666667
0.921120852979273,-109.604166666667,33.9791666666667
0.77589505674689,-109.5625,33.9791666666667
0.540520325193711,-109.520833333333,33.9791666666667
0.698784946866007,-118.145833333333,33.9375
0.64600476638534,-118.104166666667,33.9375
0.587705352877155,-118.0625,33.9375
0.575682833430499,-118.020833333333,33.9375
0.604440956828397,-117.979166666667,33.9375
0.620573862394773,-117.9375,33.9375
0.63484227695732,-117.895833333333,33.9375
0.662060270043012,-117.854166666667,33.9375
0.744589984949031,-117.8125,33.9375
0.832381688213704,-117.770833333333,33.9375
0.830055894092332,-117.729166666667,33.9375
0.694632020529331,-117.6875,33.9375
0.579999413534448,-117.645833333333,33.9375
0.538953782302957,-117.604166666667,33.9375
0.50385669348657,-117.1875,33.9375
0.54825871300745,-117.145833333333,33.9375
0.613915861653541,-117.104166666667,33.9375
0.781111077779425,-117.0625,33.9375
0.934819361804941,-117.020833333333,33.9375
0.980588190231069,-116.979166666667,33.9375
0.984896560354678,-116.9375,33.9375
0.9838409169406,-116.895833333333,33.9375
0.975219753711822,-116.854166666667,33.9375
0.971329540608476,-116.8125,33.9375
0.926127371161853,-116.770833333333,33.9375
0.769762423659869,-116.729166666667,33.9375
0.631175262430688,-116.6875,33.9375
0.589880830097319,-116.645833333333,33.9375
0.598328951294981,-116.604166666667,33.9375
0.616694684233935,-116.5625,33.9375
0.642685839952472,-116.520833333333,33.9375
0.650481882044973,-116.479166666667,33.9375
0.577980806508137,-116.4375,33.9375
0.629947863428577,-115.9375,33.9375
0.729400909356615,-115.895833333333,33.9375
0.775535371807996,-115.854166666667,33.9375
0.737819770225635,-115.8125,33.9375
0.799058110799837,-115.770833333333,33.9375
0.917624537861074,-115.729166666667,33.9375
0.955279503364341,-115.6875,33.9375
0.953552621723111,-115.645833333333,33.9375
0.950986256517327,-115.604166666667,33.9375
0.946704163553764,-115.5625,33.9375
0.94705638397269,-115.520833333333,33.9375
0.97055769545347,-115.479166666667,33.9375
0.987290148022053,-115.4375,33.9375
0.985638345433787,-115.395833333333,33.9375
0.955770194796032,-115.354166666667,33.9375
0.986958182095055,-115.3125,33.9375
0.99895871614481,-115.270833333333,33.9375
0.99504982014598,-115.229166666667,33.9375
0.999643189867664,-115.1875,33.9375
0.999323148313814,-115.145833333333,33.9375
0.997480727756898,-115.104166666667,33.9375
0.994102787991772,-115.0625,33.9375
0.998947535810833,-115.020833333333,33.9375
0.999394340201654,-114.979166666667,33.9375
0.998276318293094,-114.9375,33.9375
0.998006930167459,-114.895833333333,33.9375
0.99873146957023,-114.854166666667,33.9375
0.998155471794116,-114.8125,33.9375
0.997804843817281,-114.770833333333,33.9375
0.998383482088093,-114.729166666667,33.9375
0.998880248896173,-114.6875,33.9375
0.999220192789261,-114.645833333333,33.9375
0.999537206680909,-114.604166666667,33.9375
0.99313707353719,-114.5625,33.9375
0.999240614156137,-114.520833333333,33.9375
0.999547497604144,-114.479166666667,33.9375
0.996002488698791,-114.4375,33.9375
0.996508873547253,-114.395833333333,33.9375
0.997779262541567,-114.354166666667,33.9375
0.998429992821895,-114.3125,33.9375
0.997072439138819,-114.270833333333,33.9375
0.993532928164541,-114.229166666667,33.9375
0.987344929109792,-114.1875,33.9375
0.997722493870601,-114.145833333333,33.9375
0.998415195856845,-114.104166666667,33.9375
0.997383755746439,-114.0625,33.9375
0.993906778831413,-114.020833333333,33.9375
0.992550252044151,-113.979166666667,33.9375
0.992111441023325,-113.9375,33.9375
0.992398451455134,-113.895833333333,33.9375
0.990885766481367,-113.854166666667,33.9375
0.986972026132103,-113.8125,33.9375
0.987729322195369,-113.770833333333,33.9375
0.989787020552365,-113.729166666667,33.9375
0.992745641887257,-113.6875,33.9375
0.995404604231241,-113.645833333333,33.9375
0.998295778598165,-113.604166666667,33.9375
0.997857161688999,-113.5625,33.9375
0.992396951790576,-113.520833333333,33.9375
0.977606222950879,-113.479166666667,33.9375
0.96047742720346,-113.4375,33.9375
0.939015914440326,-113.395833333333,33.9375
0.920719042733712,-113.354166666667,33.9375
0.912118325238328,-113.3125,33.9375
0.913180481424076,-113.270833333333,33.9375
0.902490184804517,-113.229166666667,33.9375
0.87662223444592,-113.1875,33.9375
0.870760312692111,-113.145833333333,33.9375
0.884574732335079,-113.104166666667,33.9375
0.916753837390684,-113.0625,33.9375
0.953196428522029,-113.020833333333,33.9375
0.98242214650124,-112.979166666667,33.9375
0.9967126586761,-112.9375,33.9375
0.999655686928251,-112.895833333333,33.9375
0.999907886713528,-112.854166666667,33.9375
0.99987033689506,-112.8125,33.9375
0.99958625815925,-112.770833333333,33.9375
0.99921778463651,-112.729166666667,33.9375
0.99930547096357,-112.6875,33.9375
0.999960000469142,-112.645833333333,33.9375
0.999998986823731,-112.604166666667,33.9375
0.999999939258444,-112.5625,33.9375
0.999999999656056,-112.520833333333,33.9375
0.986594302776418,-112.479166666667,33.9375
0.996770433940658,-112.4375,33.9375
0.996647870997524,-112.395833333333,33.9375
0.986397563940672,-112.354166666667,33.9375
0.969813670500214,-112.3125,33.9375
0.972942148850276,-112.270833333333,33.9375
0.986917032510196,-112.229166666667,33.9375
0.993873649028653,-112.1875,33.9375
0.995026689756481,-112.145833333333,33.9375
0.993547855759348,-112.104166666667,33.9375
0.997346852301791,-112.0625,33.9375
0.995779719805749,-112.020833333333,33.9375
0.993010676540237,-111.979166666667,33.9375
0.992748381205685,-111.9375,33.9375
0.989645179994165,-111.895833333333,33.9375
0.991778166598596,-111.854166666667,33.9375
0.997377488656863,-111.8125,33.9375
0.997868376553254,-111.770833333333,33.9375
0.99330555881052,-111.729166666667,33.9375
0.993563083585758,-111.6875,33.9375
0.995819396105505,-111.645833333333,33.9375
0.998948437214673,-111.604166666667,33.9375
0.999930799635573,-111.5625,33.9375
0.999998492980965,-111.520833333333,33.9375
0.999811491013953,-111.479166666667,33.9375
0.999659594075423,-111.4375,33.9375
0.999626905450505,-111.395833333333,33.9375
0.991565839266894,-111.354166666667,33.9375
0.991210497601208,-111.3125,33.9375
0.975651057391748,-111.270833333333,33.9375
0.999999999996137,-111.229166666667,33.9375
0.999999999999977,-111.1875,33.9375
0.993525616227002,-111.145833333333,33.9375
0.98027075065603,-111.104166666667,33.9375
0.901408686754466,-111.0625,33.9375
0.913135828484181,-111.020833333333,33.9375
0.989977046793638,-110.979166666667,33.9375
0.897585460242701,-110.9375,33.9375
0.996338959260773,-110.895833333333,33.9375
0.999861339554257,-110.854166666667,33.9375
0.99961737682506,-110.8125,33.9375
0.995191807038345,-110.770833333333,33.9375
0.983765276503558,-110.729166666667,33.9375
0.962322070728009,-110.6875,33.9375
0.966025529450267,-110.645833333333,33.9375
0.909999388917537,-110.604166666667,33.9375
0.796431337943598,-110.5625,33.9375
0.740046056610177,-110.520833333333,33.9375
0.687315198680248,-110.479166666667,33.9375
0.66789693700152,-110.4375,33.9375
0.655216877762787,-110.395833333333,33.9375
0.672751109839168,-110.354166666667,33.9375
0.659825855881102,-110.3125,33.9375
0.644836667670862,-110.270833333333,33.9375
0.632360518773518,-110.229166666667,33.9375
0.60601369156465,-110.1875,33.9375
0.572884920676558,-110.145833333333,33.9375
0.550369196806751,-110.104166666667,33.9375
0.550991885569633,-110.0625,33.9375
0.591866402687676,-110.020833333333,33.9375
0.596856715067018,-109.979166666667,33.9375
0.546878508672974,-109.9375,33.9375
0.565428409480754,-109.895833333333,33.9375
0.661715889241862,-109.854166666667,33.9375
0.767188127896673,-109.8125,33.9375
0.800203580169641,-109.770833333333,33.9375
0.85604046300249,-109.729166666667,33.9375
0.946912372016271,-109.6875,33.9375
0.987222896357103,-109.645833333333,33.9375
0.993304413361407,-109.604166666667,33.9375
0.984125642414274,-109.5625,33.9375
0.814218774007002,-109.520833333333,33.9375
0.549881305237068,-109.479166666667,33.9375
0.610235816452765,-118.145833333333,33.8958333333333
0.563736601383529,-118.104166666667,33.8958333333333
0.538868821857195,-117.8125,33.8958333333333
0.651575991428282,-117.770833333333,33.8958333333333
0.750130258272948,-117.729166666667,33.8958333333333
0.727530052153468,-117.6875,33.8958333333333
0.674596760513633,-117.645833333333,33.8958333333333
0.558479974806676,-117.604166666667,33.8958333333333
0.507083303254307,-117.0625,33.8958333333333
0.773167158427325,-117.020833333333,33.8958333333333
0.935260307817227,-116.979166666667,33.8958333333333
0.96563027291537,-116.9375,33.8958333333333
0.977367110361778,-116.895833333333,33.8958333333333
0.982578327422547,-116.854166666667,33.8958333333333
0.958675444175532,-116.8125,33.8958333333333
0.862725982533025,-116.770833333333,33.8958333333333
0.729879134591565,-116.729166666667,33.8958333333333
0.606098102774294,-116.6875,33.8958333333333
0.561181235280231,-116.645833333333,33.8958333333333
0.579833436071238,-116.604166666667,33.8958333333333
0.648729540855816,-116.5625,33.8958333333333
0.670532314012269,-116.520833333333,33.8958333333333
0.623164208128804,-116.479166666667,33.8958333333333
0.606979362133919,-116.4375,33.8958333333333
0.53323775229088,-116.395833333333,33.8958333333333
0.614341693509709,-115.9375,33.8958333333333
0.661035320146659,-115.895833333333,33.8958333333333
0.739672490754183,-115.854166666667,33.8958333333333
0.781972599891163,-115.8125,33.8958333333333
0.833919008282379,-115.770833333333,33.8958333333333
0.891861195787121,-115.729166666667,33.8958333333333
0.914113754079682,-115.6875,33.8958333333333
0.900198212228972,-115.645833333333,33.8958333333333
0.862357960765855,-115.604166666667,33.8958333333333
0.806145130548901,-115.5625,33.8958333333333
0.822360617959823,-115.520833333333,33.8958333333333
0.938112149424941,-115.479166666667,33.8958333333333
0.991080936593801,-115.4375,33.8958333333333
0.99668804470846,-115.395833333333,33.8958333333333
0.985212807849205,-115.354166666667,33.8958333333333
0.989159267769732,-115.3125,33.8958333333333
0.998942604897836,-115.270833333333,33.8958333333333
0.999320528858206,-115.229166666667,33.8958333333333
0.995149362775501,-115.1875,33.8958333333333
0.997181002347709,-115.145833333333,33.8958333333333
0.999802359705258,-115.104166666667,33.8958333333333
0.999033868239796,-115.0625,33.8958333333333
0.999194178804933,-115.020833333333,33.8958333333333
0.999745384887788,-114.979166666667,33.8958333333333
0.999319625031469,-114.9375,33.8958333333333
0.999165499557107,-114.895833333333,33.8958333333333
0.999565623359065,-114.854166666667,33.8958333333333
0.999295309796365,-114.8125,33.8958333333333
0.999417285972651,-114.770833333333,33.8958333333333
0.999632342512616,-114.729166666667,33.8958333333333
0.999355710971612,-114.6875,33.8958333333333
0.999337818223906,-114.645833333333,33.8958333333333
0.999693992050547,-114.604166666667,33.8958333333333
0.999674048088723,-114.5625,33.8958333333333
0.999224170546813,-114.520833333333,33.8958333333333
0.994594407640414,-114.479166666667,33.8958333333333
0.996504734474485,-114.4375,33.8958333333333
0.997226695399374,-114.395833333333,33.8958333333333
0.997948384928831,-114.354166666667,33.8958333333333
0.997226335171251,-114.3125,33.8958333333333
0.994445199340734,-114.270833333333,33.8958333333333
0.989833768433317,-114.229166666667,33.8958333333333
0.983349811030714,-114.1875,33.8958333333333
0.997152890495959,-114.145833333333,33.8958333333333
0.998771302900691,-114.104166666667,33.8958333333333
0.997695889489463,-114.0625,33.8958333333333
0.9931117164902,-114.020833333333,33.8958333333333
0.991636992370838,-113.979166666667,33.8958333333333
0.991537711286133,-113.9375,33.8958333333333
0.990727954710681,-113.895833333333,33.8958333333333
0.987969714846394,-113.854166666667,33.8958333333333
0.987760723870201,-113.8125,33.8958333333333
0.993864747514897,-113.770833333333,33.8958333333333
0.996716205611471,-113.729166666667,33.8958333333333
0.998504556329949,-113.6875,33.8958333333333
0.998971443552332,-113.645833333333,33.8958333333333
0.996263851250261,-113.604166666667,33.8958333333333
0.988551877889453,-113.5625,33.8958333333333
0.972800437772139,-113.520833333333,33.8958333333333
0.956827461349498,-113.479166666667,33.8958333333333
0.947585042811017,-113.4375,33.8958333333333
0.939542838349178,-113.395833333333,33.8958333333333
0.938420229040872,-113.354166666667,33.8958333333333
0.942644326292749,-113.3125,33.8958333333333
0.962858488863988,-113.270833333333,33.8958333333333
0.966734619780384,-113.229166666667,33.8958333333333
0.914557235401943,-113.1875,33.8958333333333
0.878824881153725,-113.145833333333,33.8958333333333
0.894611776178134,-113.104166666667,33.8958333333333
0.936755017552642,-113.0625,33.8958333333333
0.981267372705277,-113.020833333333,33.8958333333333
0.997176702098907,-112.979166666667,33.8958333333333
0.999751957980751,-112.9375,33.8958333333333
0.999972936027306,-112.895833333333,33.8958333333333
0.999992849447045,-112.854166666667,33.8958333333333
0.999996408919657,-112.8125,33.8958333333333
0.999993709512161,-112.770833333333,33.8958333333333
0.999987120360605,-112.729166666667,33.8958333333333
0.99995915278475,-112.6875,33.8958333333333
0.999955907432018,-112.645833333333,33.8958333333333
0.999989136275701,-112.604166666667,33.8958333333333
0.99999863384168,-112.5625,33.8958333333333
0.999999985231198,-112.520833333333,33.8958333333333
0.958594329392617,-112.479166666667,33.8958333333333
0.984786539306853,-112.4375,33.8958333333333
0.992265447150726,-112.395833333333,33.8958333333333
0.988059324429215,-112.354166666667,33.8958333333333
0.977785661680016,-112.3125,33.8958333333333
0.97910991867377,-112.270833333333,33.8958333333333
0.988438678858557,-112.229166666667,33.8958333333333
0.990110664928184,-112.1875,33.8958333333333
0.986216945029102,-112.145833333333,33.8958333333333
0.991046308170621,-112.104166666667,33.8958333333333
0.993475063510334,-112.0625,33.8958333333333
0.995109653829551,-112.020833333333,33.8958333333333
0.995171402642948,-111.979166666667,33.8958333333333
0.995837511090866,-111.9375,33.8958333333333
0.997123950995537,-111.895833333333,33.8958333333333
0.999072772366766,-111.854166666667,33.8958333333333
0.999356867042414,-111.8125,33.8958333333333
0.999364911687138,-111.770833333333,33.8958333333333
0.99830310896027,-111.729166666667,33.8958333333333
0.996182803384119,-111.6875,33.8958333333333
0.996973142677196,-111.645833333333,33.8958333333333
0.998203158615605,-111.604166666667,33.8958333333333
0.999790894064515,-111.5625,33.8958333333333
0.999858154949398,-111.520833333333,33.8958333333333
0.997995223335182,-111.479166666667,33.8958333333333
0.999615839897903,-111.4375,33.8958333333333
0.999983942819957,-111.395833333333,33.8958333333333
0.997502381160133,-111.354166666667,33.8958333333333
0.994818646426203,-111.3125,33.8958333333333
0.987291108299649,-111.270833333333,33.8958333333333
0.947061273136568,-111.229166666667,33.8958333333333
0.999999997259777,-111.1875,33.8958333333333
0.999999998538634,-111.145833333333,33.8958333333333
0.948168202131076,-111.104166666667,33.8958333333333
0.932644773342163,-111.0625,33.8958333333333
0.94432649676543,-111.020833333333,33.8958333333333
0.996583060385568,-110.979166666667,33.8958333333333
0.995879681402585,-110.9375,33.8958333333333
0.999978613332155,-110.895833333333,33.8958333333333
0.999987150687955,-110.854166666667,33.8958333333333
0.999999908968555,-110.8125,33.8958333333333
0.999992264443386,-110.770833333333,33.8958333333333
0.997770807365742,-110.729166666667,33.8958333333333
0.985042277926401,-110.6875,33.8958333333333
0.991763869267143,-110.645833333333,33.8958333333333
0.971159519990816,-110.604166666667,33.8958333333333
0.885369990303465,-110.5625,33.8958333333333
0.839993747858873,-110.520833333333,33.8958333333333
0.788661197797971,-110.479166666667,33.8958333333333
0.760852675419608,-110.4375,33.8958333333333
0.70947892458451,-110.395833333333,33.8958333333333
0.684917586241125,-110.354166666667,33.8958333333333
0.696008072157606,-110.3125,33.8958333333333
0.690746364036243,-110.270833333333,33.8958333333333
0.669196564306219,-110.229166666667,33.8958333333333
0.635665482785744,-110.1875,33.8958333333333
0.605814391232444,-110.145833333333,33.8958333333333
0.582636377260219,-110.104166666667,33.8958333333333
0.590078193749045,-110.0625,33.8958333333333
0.601224728630414,-110.020833333333,33.8958333333333
0.595736820041421,-109.979166666667,33.8958333333333
0.586844104342638,-109.9375,33.8958333333333
0.613574551800502,-109.895833333333,33.8958333333333
0.67791263300472,-109.854166666667,33.8958333333333
0.75551676886733,-109.8125,33.8958333333333
0.776576507818266,-109.770833333333,33.8958333333333
0.826196542581966,-109.729166666667,33.8958333333333
0.924612493208377,-109.6875,33.8958333333333
0.977303219114542,-109.645833333333,33.8958333333333
0.974677816521181,-109.604166666667,33.8958333333333
0.972929755794244,-109.5625,33.8958333333333
0.781080575662918,-109.520833333333,33.8958333333333
0.527321804184841,-117.770833333333,33.8541666666667
0.688298823298833,-117.729166666667,33.8541666666667
0.88567705145813,-117.6875,33.8541666666667
0.978894708023496,-117.645833333333,33.8541666666667
0.81165021070188,-117.604166666667,33.8541666666667
0.580689309835776,-117.5625,33.8541666666667
0.513955157762961,-117.020833333333,33.8541666666667
0.77756360444438,-116.979166666667,33.8541666666667
0.953645960730871,-116.9375,33.8541666666667
0.992373260055302,-116.895833333333,33.8541666666667
0.997496853228201,-116.854166666667,33.8541666666667
0.992386591633694,-116.8125,33.8541666666667
0.961265164894479,-116.770833333333,33.8541666666667
0.905251465890573,-116.729166666667,33.8541666666667
0.759931729342347,-116.6875,33.8541666666667
0.72642064293649,-116.645833333333,33.8541666666667
0.674996395278529,-116.604166666667,33.8541666666667
0.678628126957356,-116.5625,33.8541666666667
0.642901919477344,-116.520833333333,33.8541666666667
0.6364111849502,-116.479166666667,33.8541666666667
0.6175964191804,-116.4375,33.8541666666667
0.525494893909903,-116.395833333333,33.8541666666667
0.54543304518242,-115.895833333333,33.8541666666667
0.526860573947936,-115.854166666667,33.8541666666667
0.587962120607924,-115.8125,33.8541666666667
0.692546429183212,-115.770833333333,33.8541666666667
0.776970286431205,-115.729166666667,33.8541666666667
0.801961754612457,-115.6875,33.8541666666667
0.782181957776207,-115.645833333333,33.8541666666667
0.716854950309949,-115.604166666667,33.8541666666667
0.648274553520534,-115.5625,33.8541666666667
0.777904541075049,-115.520833333333,33.8541666666667
0.955500985744128,-115.479166666667,33.8541666666667
0.972685005793737,-115.4375,33.8541666666667
0.987251088204457,-115.395833333333,33.8541666666667
0.996907133991188,-115.354166666667,33.8541666666667
0.993794825951004,-115.3125,33.8541666666667
0.998649096153516,-115.270833333333,33.8541666666667
0.989288290219792,-115.229166666667,33.8541666666667
0.991117811010986,-115.1875,33.8541666666667
0.99518112424273,-115.145833333333,33.8541666666667
0.995459186698176,-115.104166666667,33.8541666666667
0.997985217714014,-115.0625,33.8541666666667
0.99836053149333,-115.020833333333,33.8541666666667
0.999914781668992,-114.979166666667,33.8541666666667
0.999913994082226,-114.9375,33.8541666666667
0.99990345174876,-114.895833333333,33.8541666666667
0.998736393960857,-114.854166666667,33.8541666666667
0.999857569205576,-114.8125,33.8541666666667
0.999684599032868,-114.770833333333,33.8541666666667
0.999869595814889,-114.729166666667,33.8541666666667
0.999709901876676,-114.6875,33.8541666666667
0.998925112626148,-114.645833333333,33.8541666666667
0.999682856520753,-114.604166666667,33.8541666666667
0.999670273847218,-114.5625,33.8541666666667
0.99924775333254,-114.520833333333,33.8541666666667
0.995043472915034,-114.479166666667,33.8541666666667
0.996946593715163,-114.4375,33.8541666666667
0.998289018413081,-114.395833333333,33.8541666666667
0.998626255371162,-114.354166666667,33.8541666666667
0.997153359400046,-114.3125,33.8541666666667
0.993042462567507,-114.270833333333,33.8541666666667
0.987350775887915,-114.229166666667,33.8541666666667
0.98147464434511,-114.1875,33.8541666666667
0.977842215292219,-114.145833333333,33.8541666666667
0.988038286185317,-114.104166666667,33.8541666666667
0.99762029064674,-114.0625,33.8541666666667
0.993310855824728,-114.020833333333,33.8541666666667
0.990896126158055,-113.979166666667,33.8541666666667
0.991169486815851,-113.9375,33.8541666666667
0.990709902560547,-113.895833333333,33.8541666666667
0.988495800659794,-113.854166666667,33.8541666666667
0.98929907882129,-113.8125,33.8541666666667
0.996721344582095,-113.770833333333,33.8541666666667
0.999281111373871,-113.729166666667,33.8541666666667
0.99934682717309,-113.6875,33.8541666666667
0.998311987921011,-113.645833333333,33.8541666666667
0.990735501221483,-113.604166666667,33.8541666666667
0.97570562762622,-113.5625,33.8541666666667
0.958590466922433,-113.520833333333,33.8541666666667
0.950245862275378,-113.479166666667,33.8541666666667
0.960448893545469,-113.4375,33.8541666666667
0.962059957422792,-113.395833333333,33.8541666666667
0.947606120734569,-113.354166666667,33.8541666666667
0.974551793646401,-113.3125,33.8541666666667
0.994893979920295,-113.270833333333,33.8541666666667
0.994851169903288,-113.229166666667,33.8541666666667
0.955893903620913,-113.1875,33.8541666666667
0.919832807528563,-113.145833333333,33.8541666666667
0.935884098120328,-113.104166666667,33.8541666666667
0.970302602923873,-113.0625,33.8541666666667
0.995800885176516,-113.020833333333,33.8541666666667
0.999062518595239,-112.979166666667,33.8541666666667
0.999903160830028,-112.9375,33.8541666666667
0.999984536433116,-112.895833333333,33.8541666666667
0.99999309319356,-112.854166666667,33.8541666666667
0.999997158667488,-112.8125,33.8541666666667
0.999998430561041,-112.770833333333,33.8541666666667
0.999998255351759,-112.729166666667,33.8541666666667
0.999997080469056,-112.6875,33.8541666666667
0.999990510090207,-112.645833333333,33.8541666666667
0.999989293047785,-112.604166666667,33.8541666666667
0.999997538374793,-112.5625,33.8541666666667
0.999999803343364,-112.520833333333,33.8541666666667
0.897598982169753,-112.479166666667,33.8541666666667
0.942664844820615,-112.4375,33.8541666666667
0.976749354409125,-112.395833333333,33.8541666666667
0.98384421007765,-112.354166666667,33.8541666666667
0.97513991540956,-112.3125,33.8541666666667
0.959780451524108,-112.270833333333,33.8541666666667
0.971514098496164,-112.229166666667,33.8541666666667
0.969866083787376,-112.1875,33.8541666666667
0.97033101440714,-112.145833333333,33.8541666666667
0.973122978523545,-112.104166666667,33.8541666666667
0.98055698243704,-112.0625,33.8541666666667
0.991546053387943,-112.020833333333,33.8541666666667
0.996064133558143,-111.979166666667,33.8541666666667
0.996763165752027,-111.9375,33.8541666666667
0.996653453012884,-111.895833333333,33.8541666666667
0.999063813810157,-111.854166666667,33.8541666666667
0.999546202386591,-111.8125,33.8541666666667
0.999616917381893,-111.770833333333,33.8541666666667
0.999449268579381,-111.729166666667,33.8541666666667
0.998344395238417,-111.6875,33.8541666666667
0.998659070002828,-111.645833333333,33.8541666666667
0.998954937098313,-111.604166666667,33.8541666666667
0.999661999722852,-111.5625,33.8541666666667
0.999834089545538,-111.520833333333,33.8541666666667
0.998665796291073,-111.479166666667,33.8541666666667
0.998955611989278,-111.4375,33.8541666666667
0.999963839416554,-111.395833333333,33.8541666666667
0.999074911371646,-111.354166666667,33.8541666666667
0.996521212226846,-111.3125,33.8541666666667
0.993999491176468,-111.270833333333,33.8541666666667
0.98059428850632,-111.229166666667,33.8541666666667
0.954251034710198,-111.1875,33.8541666666667
0.999999997807549,-111.145833333333,33.8541666666667
0.99999997649355,-111.104166666667,33.8541666666667
0.872561858135837,-111.0625,33.8541666666667
0.981471077350576,-111.020833333333,33.8541666666667
0.995027254384358,-110.979166666667,33.8541666666667
0.999829897189587,-110.9375,33.8541666666667
0.972940054481459,-110.895833333333,33.8541666666667
0.99996421165742,-110.854166666667,33.8541666666667
0.999999984573795,-110.8125,33.8541666666667
0.999999999631545,-110.770833333333,33.8541666666667
0.999979582797343,-110.729166666667,33.8541666666667
0.997582647043273,-110.6875,33.8541666666667
0.996067137070844,-110.645833333333,33.8541666666667
0.985999078218156,-110.604166666667,33.8541666666667
0.939425047978454,-110.5625,33.8541666666667
0.907225560290532,-110.520833333333,33.8541666666667
0.881148980055588,-110.479166666667,33.8541666666667
0.858775020798457,-110.4375,33.8541666666667
0.819952675486208,-110.395833333333,33.8541666666667
0.778813470649287,-110.354166666667,33.8541666666667
0.776831326909415,-110.3125,33.8541666666667
0.769766404689678,-110.270833333333,33.8541666666667
0.710103724433778,-110.229166666667,33.8541666666667
0.65390292368729,-110.1875,33.8541666666667
0.620804306643688,-110.145833333333,33.8541666666667
0.580967646281957,-110.104166666667,33.8541666666667
0.579539912099544,-110.0625,33.8541666666667
0.596315600466629,-110.020833333333,33.8541666666667
0.605305189121447,-109.979166666667,33.8541666666667
0.608797834686793,-109.9375,33.8541666666667
0.613753085622957,-109.895833333333,33.8541666666667
0.623743974428554,-109.854166666667,33.8541666666667
0.664400686068897,-109.8125,33.8541666666667
0.696361003527409,-109.770833333333,33.8541666666667
0.754411305174625,-109.729166666667,33.8541666666667
0.827420928270262,-109.6875,33.8541666666667
0.853275115168698,-109.645833333333,33.8541666666667
0.76042347111443,-109.604166666667,33.8541666666667
0.630205759468646,-109.5625,33.8541666666667
0.509549413961889,-109.520833333333,33.8541666666667
0.523343854696993,-117.770833333333,33.8125
0.739869005667468,-117.729166666667,33.8125
0.936635169423406,-117.6875,33.8125
0.999076758647673,-117.645833333333,33.8125
0.998035455073966,-117.604166666667,33.8125
0.901782558073514,-117.5625,33.8125
0.6136341090366,-117.520833333333,33.8125
0.517039764867812,-117.4375,33.8125
0.553227416014787,-117.395833333333,33.8125
0.516493395700869,-117.354166666667,33.8125
0.533685411195342,-117.0625,33.8125
0.556814088842351,-116.979166666667,33.8125
0.8097191580849,-116.9375,33.8125
0.931385640296133,-116.895833333333,33.8125
0.986842525466716,-116.854166666667,33.8125
0.993523408082214,-116.8125,33.8125
0.990571389487426,-116.770833333333,33.8125
0.977499343584573,-116.729166666667,33.8125
0.959876855139306,-116.6875,33.8125
0.85951720439206,-116.645833333333,33.8125
0.752992083147805,-116.604166666667,33.8125
0.693588262603805,-116.5625,33.8125
0.606776175163562,-116.520833333333,33.8125
0.597510335229836,-116.479166666667,33.8125
0.586726302187965,-116.4375,33.8125
0.51313410200813,-116.395833333333,33.8125
0.542965381191542,-115.770833333333,33.8125
0.614507582954687,-115.729166666667,33.8125
0.639913486208744,-115.6875,33.8125
0.618519767276824,-115.645833333333,33.8125
0.617532003714031,-115.5625,33.8125
0.821863801637014,-115.520833333333,33.8125
0.979032976796327,-115.479166666667,33.8125
0.979500554010331,-115.4375,33.8125
0.997968649848542,-115.395833333333,33.8125
0.997918459159392,-115.354166666667,33.8125
0.99729130745382,-115.3125,33.8125
0.998274523384677,-115.270833333333,33.8125
0.984992337121398,-115.229166666667,33.8125
0.987945153679324,-115.1875,33.8125
0.989180482470676,-115.145833333333,33.8125
0.994751530375891,-115.104166666667,33.8125
0.990346177935568,-115.0625,33.8125
0.997122662995852,-115.020833333333,33.8125
0.999905420630164,-114.979166666667,33.8125
0.999955486828077,-114.9375,33.8125
0.999969110978555,-114.895833333333,33.8125
0.998720552838886,-114.854166666667,33.8125
0.99986377329725,-114.8125,33.8125
0.999649046591812,-114.770833333333,33.8125
0.999794777197295,-114.729166666667,33.8125
0.997520499300778,-114.6875,33.8125
0.999635297248056,-114.645833333333,33.8125
0.999699902004595,-114.604166666667,33.8125
0.999740360940663,-114.5625,33.8125
0.999588331758549,-114.520833333333,33.8125
0.996880199863408,-114.479166666667,33.8125
0.997958215054675,-114.4375,33.8125
0.998797577487852,-114.395833333333,33.8125
0.998784058946065,-114.354166666667,33.8125
0.996900810427009,-114.3125,33.8125
0.992724480366242,-114.270833333333,33.8125
0.98776522581538,-114.229166666667,33.8125
0.982476962520288,-114.1875,33.8125
0.977114655154787,-114.145833333333,33.8125
0.98988128475892,-114.104166666667,33.8125
0.991913545270567,-114.0625,33.8125
0.997074228217874,-114.020833333333,33.8125
0.991873095011267,-113.979166666667,33.8125
0.989532876554262,-113.9375,33.8125
0.99105970326645,-113.895833333333,33.8125
0.989718012625133,-113.854166666667,33.8125
0.989211953119275,-113.8125,33.8125
0.996368036128612,-113.770833333333,33.8125
0.999318524245263,-113.729166666667,33.8125
0.999233325432996,-113.6875,33.8125
0.996969141954481,-113.645833333333,33.8125
0.986045126581766,-113.604166666667,33.8125
0.969051134257626,-113.5625,33.8125
0.966615800237121,-113.520833333333,33.8125
0.974148141522077,-113.479166666667,33.8125
0.983968716458952,-113.4375,33.8125
0.990024419758081,-113.395833333333,33.8125
0.986847477495968,-113.354166666667,33.8125
0.989401878444521,-113.3125,33.8125
0.995279666608446,-113.270833333333,33.8125
0.985830840083755,-113.229166666667,33.8125
0.962029921137631,-113.1875,33.8125
0.965740737238353,-113.145833333333,33.8125
0.978550159556039,-113.104166666667,33.8125
0.989036203339103,-113.0625,33.8125
0.996601761892388,-113.020833333333,33.8125
0.998678449007735,-112.979166666667,33.8125
0.999689416535697,-112.9375,33.8125
0.999909753950179,-112.895833333333,33.8125
0.999958494080221,-112.854166666667,33.8125
0.999981571478137,-112.8125,33.8125
0.999992947045627,-112.770833333333,33.8125
0.999996864005305,-112.729166666667,33.8125
0.999996952028312,-112.6875,33.8125
0.760863439431745,-112.645833333333,33.8125
0.764505996344395,-112.604166666667,33.8125
0.790361177103887,-112.5625,33.8125
0.816157258092934,-112.520833333333,33.8125
0.841598651232475,-112.479166666667,33.8125
0.880692327096304,-112.4375,33.8125
0.934907600256763,-112.395833333333,33.8125
0.957638302514223,-112.354166666667,33.8125
0.946632056231454,-112.3125,33.8125
0.906610679471139,-112.270833333333,33.8125
0.932716618039783,-112.229166666667,33.8125
0.933143919026522,-112.1875,33.8125
0.938892149907235,-112.145833333333,33.8125
0.945246326877596,-112.104166666667,33.8125
0.945772315320285,-112.0625,33.8125
0.966769649077774,-112.020833333333,33.8125
0.988161556464458,-111.979166666667,33.8125
0.99459841450774,-111.9375,33.8125
0.995952835123492,-111.895833333333,33.8125
0.998031251759119,-111.854166666667,33.8125
0.999336472891933,-111.8125,33.8125
0.999645349915708,-111.770833333333,33.8125
0.999341188744312,-111.729166666667,33.8125
0.99811722129334,-111.6875,33.8125
0.999244536954216,-111.645833333333,33.8125
0.999915735816691,-111.604166666667,33.8125
0.999973339705199,-111.5625,33.8125
0.999774451120156,-111.520833333333,33.8125
0.999054864951884,-111.479166666667,33.8125
0.999952069701771,-111.4375,33.8125
0.999996923510173,-111.395833333333,33.8125
0.999635864598729,-111.354166666667,33.8125
0.997599221558431,-111.3125,33.8125
0.996895810694898,-111.270833333333,33.8125
0.99379276634588,-111.229166666667,33.8125
0.988246636398986,-111.1875,33.8125
0.987416203105412,-111.145833333333,33.8125
0.961297128679216,-111.104166666667,33.8125
0.937152988077433,-111.0625,33.8125
0.993773957071048,-111.020833333333,33.8125
0.998814893335508,-110.979166666667,33.8125
0.999976275068348,-110.9375,33.8125
0.999506229694556,-110.895833333333,33.8125
0.999999940251419,-110.854166666667,33.8125
0.999997271043243,-110.8125,33.8125
0.999997069109816,-110.770833333333,33.8125
0.999910957506588,-110.729166666667,33.8125
0.999427383819472,-110.6875,33.8125
0.995874145455999,-110.645833333333,33.8125
0.984540883323887,-110.604166666667,33.8125
0.959335066798551,-110.5625,33.8125
0.906714145622699,-110.520833333333,33.8125
0.893293441249941,-110.479166666667,33.8125
0.900726609681434,-110.4375,33.8125
0.88727686286649,-110.395833333333,33.8125
0.862662187476388,-110.354166666667,33.8125
0.866598508122638,-110.3125,33.8125
0.849178509181485,-110.270833333333,33.8125
0.750216870495166,-110.229166666667,33.8125
0.663466001058312,-110.1875,33.8125
0.625074245633178,-110.145833333333,33.8125
0.576334235590763,-110.104166666667,33.8125
0.582639500302886,-110.0625,33.8125
0.617138672947643,-110.020833333333,33.8125
0.61182622168031,-109.979166666667,33.8125
0.592393133707794,-109.9375,33.8125
0.557080654314413,-109.895833333333,33.8125
0.576851263133844,-109.854166666667,33.8125
0.607289574005395,-109.8125,33.8125
0.657995731592621,-109.770833333333,33.8125
0.692468008706704,-109.729166666667,33.8125
0.678076927494613,-109.6875,33.8125
0.617570723891068,-109.645833333333,33.8125
0.527898475546416,-109.604166666667,33.8125
0.63834795402834,-117.729166666667,33.7708333333333
0.795348873501093,-117.6875,33.7708333333333
0.981556216391706,-117.645833333333,33.7708333333333
0.999951241147826,-117.604166666667,33.7708333333333
0.999886268946319,-117.5625,33.7708333333333
0.9497513577138,-117.520833333333,33.7708333333333
0.583120307772262,-117.479166666667,33.7708333333333
0.597889462381317,-117.4375,33.7708333333333
0.685022769791893,-117.395833333333,33.7708333333333
0.616592206554598,-117.354166666667,33.7708333333333
0.512341772850121,-117.104166666667,33.7708333333333
0.501005114793118,-117.0625,33.7708333333333
0.577505388919378,-116.895833333333,33.7708333333333
0.821714014171747,-116.854166666667,33.7708333333333
0.982705098282256,-116.8125,33.7708333333333
0.993778760927038,-116.770833333333,33.7708333333333
0.996938237272098,-116.729166666667,33.7708333333333
0.994541408769633,-116.6875,33.7708333333333
0.971345753102726,-116.645833333333,33.7708333333333
0.857861847564638,-116.604166666667,33.7708333333333
0.677834915742577,-116.5625,33.7708333333333
0.566534036439577,-116.520833333333,33.7708333333333
0.503946386048971,-116.4375,33.7708333333333
0.549487524176957,-115.854166666667,33.7708333333333
0.516072402801519,-115.8125,33.7708333333333
0.502981673057223,-115.770833333333,33.7708333333333
0.517715217950636,-115.729166666667,33.7708333333333
0.564709504839608,-115.6875,33.7708333333333
0.554816889740342,-115.645833333333,33.7708333333333
0.631877855391528,-115.604166666667,33.7708333333333
0.577235703164856,-115.5625,33.7708333333333
0.748189682394014,-115.520833333333,33.7708333333333
0.984965518783374,-115.479166666667,33.7708333333333
0.996881771693417,-115.4375,33.7708333333333
0.997961140816273,-115.395833333333,33.7708333333333
0.997456095293999,-115.354166666667,33.7708333333333
0.98278432790651,-115.3125,33.7708333333333
0.984704817505555,-115.270833333333,33.7708333333333
0.982292689419511,-115.229166666667,33.7708333333333
0.988941971028356,-115.1875,33.7708333333333
0.987896140322193,-115.145833333333,33.7708333333333
0.984018854936161,-115.104166666667,33.7708333333333
0.985752096378977,-115.0625,33.7708333333333
0.998365668608551,-115.020833333333,33.7708333333333
0.997177473582758,-114.979166666667,33.7708333333333
0.998181153491957,-114.9375,33.7708333333333
0.999965927740186,-114.895833333333,33.7708333333333
0.999899405080559,-114.854166666667,33.7708333333333
0.999703826577492,-114.8125,33.7708333333333
0.999454175432831,-114.770833333333,33.7708333333333
0.999575921392283,-114.729166666667,33.7708333333333
0.999772550779284,-114.6875,33.7708333333333
0.997408668257224,-114.645833333333,33.7708333333333
0.998056425179975,-114.604166666667,33.7708333333333
0.997996577013816,-114.5625,33.7708333333333
0.997313930232808,-114.520833333333,33.7708333333333
0.997968073762578,-114.479166666667,33.7708333333333
0.998589732528142,-114.4375,33.7708333333333
0.998628095512155,-114.395833333333,33.7708333333333
0.998322077645956,-114.354166666667,33.7708333333333
0.996430204828253,-114.3125,33.7708333333333
0.992615525099969,-114.270833333333,33.7708333333333
0.989173908178271,-114.229166666667,33.7708333333333
0.984953226658522,-114.1875,33.7708333333333
0.9759575045199,-114.145833333333,33.7708333333333
0.983401696318269,-114.104166666667,33.7708333333333
0.99643240822152,-114.0625,33.7708333333333
0.995327919486332,-114.020833333333,33.7708333333333
0.99376936639635,-113.979166666667,33.7708333333333
0.987522633913984,-113.9375,33.7708333333333
0.990909337600274,-113.895833333333,33.7708333333333
0.990773283945412,-113.854166666667,33.7708333333333
0.988599105147095,-113.8125,33.7708333333333
0.991368128720439,-113.770833333333,33.7708333333333
0.997471480059595,-113.729166666667,33.7708333333333
0.999070276746456,-113.6875,33.7708333333333
0.997336313322421,-113.645833333333,33.7708333333333
0.988993519029636,-113.604166666667,33.7708333333333
0.975470816381413,-113.5625,33.7708333333333
0.983311562511803,-113.520833333333,33.7708333333333
0.992482777581162,-113.479166666667,33.7708333333333
0.995195632971128,-113.4375,33.7708333333333
0.994876327015649,-113.395833333333,33.7708333333333
0.993447697234375,-113.354166666667,33.7708333333333
0.992347780670444,-113.3125,33.7708333333333
0.989634592554246,-113.270833333333,33.7708333333333
0.982464580871311,-113.229166666667,33.7708333333333
0.983346455319279,-113.1875,33.7708333333333
0.990637133118533,-113.145833333333,33.7708333333333
0.996328249496597,-113.104166666667,33.7708333333333
0.998025945731379,-113.0625,33.7708333333333
0.998759118001902,-113.020833333333,33.7708333333333
0.99886342276273,-112.979166666667,33.7708333333333
0.999157759324713,-112.9375,33.7708333333333
0.999638764673775,-112.895833333333,33.7708333333333
0.999856315287053,-112.854166666667,33.7708333333333
0.999937772451097,-112.8125,33.7708333333333
0.708796521932541,-112.770833333333,33.7708333333333
0.735561265768472,-112.729166666667,33.7708333333333
0.740769409718885,-112.6875,33.7708333333333
0.744455009182135,-112.645833333333,33.7708333333333
0.754648161249654,-112.604166666667,33.7708333333333
0.77643508008221,-112.5625,33.7708333333333
0.795959288828271,-112.520833333333,33.7708333333333
0.798664256214908,-112.479166666667,33.7708333333333
0.808921917733127,-112.4375,33.7708333333333
0.846333860015838,-112.395833333333,33.7708333333333
0.872771804951308,-112.354166666667,33.7708333333333
0.839586368838448,-112.3125,33.7708333333333
0.833057803368234,-112.270833333333,33.7708333333333
0.870711216072014,-112.229166666667,33.7708333333333
0.881622576181968,-112.1875,33.7708333333333
0.886045099092557,-112.145833333333,33.7708333333333
0.898830739509687,-112.104166666667,33.7708333333333
0.912297903473124,-112.0625,33.7708333333333
0.925474012152516,-112.020833333333,33.7708333333333
0.961703542136756,-111.979166666667,33.7708333333333
0.985081745171513,-111.9375,33.7708333333333
0.994876137632104,-111.895833333333,33.7708333333333
0.998837923276031,-111.854166666667,33.7708333333333
0.999755758383751,-111.8125,33.7708333333333
0.999841903282719,-111.770833333333,33.7708333333333
0.999196488657846,-111.729166666667,33.7708333333333
0.995576151817561,-111.6875,33.7708333333333
0.998756255196794,-111.645833333333,33.7708333333333
0.999989844091304,-111.604166666667,33.7708333333333
0.999999349643632,-111.5625,33.7708333333333
0.999937836197706,-111.520833333333,33.7708333333333
0.999755693269758,-111.479166666667,33.7708333333333
0.999995557863497,-111.4375,33.7708333333333
0.999999888497582,-111.395833333333,33.7708333333333
0.999939754421259,-111.354166666667,33.7708333333333
0.998933597180699,-111.3125,33.7708333333333
0.998115780564107,-111.270833333333,33.7708333333333
0.996490256626771,-111.229166666667,33.7708333333333
0.996075116060059,-111.1875,33.7708333333333
0.996118336790982,-111.145833333333,33.7708333333333
0.991492293543468,-111.104166666667,33.7708333333333
0.975992894492281,-111.0625,33.7708333333333
0.962588491133667,-111.020833333333,33.7708333333333
0.990039945935052,-110.979166666667,33.7708333333333
0.999566304760221,-110.9375,33.7708333333333
0.997169845193663,-110.895833333333,33.7708333333333
0.976450434723408,-110.854166666667,33.7708333333333
0.999999969201885,-110.8125,33.7708333333333
0.999997806410666,-110.770833333333,33.7708333333333
0.999936923350021,-110.729166666667,33.7708333333333
0.999661485950526,-110.6875,33.7708333333333
0.995424160445825,-110.645833333333,33.7708333333333
0.983966872880106,-110.604166666667,33.7708333333333
0.96651693243766,-110.5625,33.7708333333333
0.899314198050711,-110.520833333333,33.7708333333333
0.876772649738197,-110.479166666667,33.7708333333333
0.896754592806492,-110.4375,33.7708333333333
0.89212287527119,-110.395833333333,33.7708333333333
0.868382817831315,-110.354166666667,33.7708333333333
0.886667488073993,-110.3125,33.7708333333333
0.883344404024278,-110.270833333333,33.7708333333333
0.798456114529867,-110.229166666667,33.7708333333333
0.715984877805506,-110.1875,33.7708333333333
0.644525395427137,-110.145833333333,33.7708333333333
0.562625132989166,-110.104166666667,33.7708333333333
0.567413178344737,-110.0625,33.7708333333333
0.586089812089502,-110.020833333333,33.7708333333333
0.558665429608072,-109.979166666667,33.7708333333333
0.536226198873093,-109.9375,33.7708333333333
0.55717777593671,-109.8125,33.7708333333333
0.589109115499991,-109.770833333333,33.7708333333333
0.563316774203547,-109.729166666667,33.7708333333333
0.56012894463976,-109.6875,33.7708333333333
0.507690839984828,-109.645833333333,33.7708333333333
0.515055532057879,-117.729166666667,33.7291666666667
0.746312799988404,-117.6875,33.7291666666667
0.912067041885709,-117.645833333333,33.7291666666667
0.999670368471985,-117.604166666667,33.7291666666667
0.999999999982326,-117.5625,33.7291666666667
0.999999668804996,-117.520833333333,33.7291666666667
0.976160326813926,-117.479166666667,33.7291666666667
0.713532948017655,-117.4375,33.7291666666667
0.562746445749914,-117.395833333333,33.7291666666667
0.50368208725617,-117.354166666667,33.7291666666667
0.502852378290809,-116.9375,33.7291666666667
0.581101372807992,-116.895833333333,33.7291666666667
0.73927543368076,-116.854166666667,33.7291666666667
0.940218144669779,-116.8125,33.7291666666667
0.993690120727039,-116.770833333333,33.7291666666667
0.999921740555321,-116.729166666667,33.7291666666667
0.999932943271005,-116.6875,33.7291666666667
0.993966669490354,-116.645833333333,33.7291666666667
0.936534424382745,-116.604166666667,33.7291666666667
0.740856434956698,-116.5625,33.7291666666667
0.554168728743513,-116.520833333333,33.7291666666667
0.500855144668755,-116.479166666667,33.7291666666667
0.508277135035806,-115.854166666667,33.7291666666667
0.553602209279909,-115.6875,33.7291666666667
0.588733270402529,-115.645833333333,33.7291666666667
0.67627012268221,-115.604166666667,33.7291666666667
0.741559104900691,-115.5625,33.7291666666667
0.829525151768339,-115.520833333333,33.7291666666667
0.953632188014803,-115.479166666667,33.7291666666667
0.977992455622895,-115.4375,33.7291666666667
0.997631511276489,-115.395833333333,33.7291666666667
0.99754803084357,-115.354166666667,33.7291666666667
0.984523063383786,-115.3125,33.7291666666667
0.986066556854695,-115.270833333333,33.7291666666667
0.984001212826735,-115.229166666667,33.7291666666667
0.989397862822217,-115.1875,33.7291666666667
0.992918250709644,-115.145833333333,33.7291666666667
0.98069812579428,-115.104166666667,33.7291666666667
0.985006910052198,-115.0625,33.7291666666667
0.999174917423813,-115.020833333333,33.7291666666667
0.999671681391587,-114.979166666667,33.7291666666667
0.999785822797701,-114.9375,33.7291666666667
0.999935134971648,-114.895833333333,33.7291666666667
0.999935858620194,-114.854166666667,33.7291666666667
0.999825806969437,-114.8125,33.7291666666667
0.99953680782856,-114.770833333333,33.7291666666667
0.999450324953137,-114.729166666667,33.7291666666667
0.999524827694675,-114.6875,33.7291666666667
0.999703807472398,-114.645833333333,33.7291666666667
0.997023975555776,-114.604166666667,33.7291666666667
0.997471622073934,-114.5625,33.7291666666667
0.997905693039439,-114.520833333333,33.7291666666667
0.998371814571264,-114.479166666667,33.7291666666667
0.998944533991495,-114.4375,33.7291666666667
0.999012065619032,-114.395833333333,33.7291666666667
0.998840003009689,-114.354166666667,33.7291666666667
0.997568250635475,-114.3125,33.7291666666667
0.992920639720603,-114.270833333333,33.7291666666667
0.988539653016545,-114.229166666667,33.7291666666667
0.984996830910919,-114.1875,33.7291666666667
0.976352317481387,-114.145833333333,33.7291666666667
0.985911696383469,-114.104166666667,33.7291666666667
0.997358990797607,-114.0625,33.7291666666667
0.994994099984452,-114.020833333333,33.7291666666667
0.993741376689275,-113.979166666667,33.7291666666667
0.987739801648741,-113.9375,33.7291666666667
0.989810327737543,-113.895833333333,33.7291666666667
0.990403209350059,-113.854166666667,33.7291666666667
0.989163422137695,-113.8125,33.7291666666667
0.987031686195491,-113.770833333333,33.7291666666667
0.988643292782195,-113.729166666667,33.7291666666667
0.995478526806559,-113.6875,33.7291666666667
0.998587573003278,-113.645833333333,33.7291666666667
0.996436600889007,-113.604166666667,33.7291666666667
0.987395268564443,-113.5625,33.7291666666667
0.985867952761661,-113.520833333333,33.7291666666667
0.988589553494598,-113.479166666667,33.7291666666667
0.988274203542626,-113.4375,33.7291666666667
0.989241603338195,-113.395833333333,33.7291666666667
0.991638715799096,-113.354166666667,33.7291666666667
0.987459498849069,-113.3125,33.7291666666667
0.983860138551823,-113.270833333333,33.7291666666667
0.988793308495041,-113.229166666667,33.7291666666667
0.993759501138928,-113.1875,33.7291666666667
0.997635782544394,-113.145833333333,33.7291666666667
0.999741420090908,-113.104166666667,33.7291666666667
0.999941951888019,-113.0625,33.7291666666667
0.999949637804772,-113.020833333333,33.7291666666667
0.999680880083241,-112.979166666667,33.7291666666667
0.999063912367456,-112.9375,33.7291666666667
0.999271987602622,-112.895833333333,33.7291666666667
0.999673917018676,-112.854166666667,33.7291666666667
0.644299738104444,-112.8125,33.7291666666667
0.665945808819629,-112.770833333333,33.7291666666667
0.691483405448811,-112.729166666667,33.7291666666667
0.71178472370338,-112.6875,33.7291666666667
0.737134717570142,-112.645833333333,33.7291666666667
0.75093214556488,-112.604166666667,33.7291666666667
0.761880898379552,-112.5625,33.7291666666667
0.76168697162412,-112.520833333333,33.7291666666667
0.745269623179126,-112.479166666667,33.7291666666667
0.731435316440347,-112.4375,33.7291666666667
0.742209838844259,-112.395833333333,33.7291666666667
0.712139843170706,-112.354166666667,33.7291666666667
0.727144152345992,-112.3125,33.7291666666667
0.760211956666387,-112.270833333333,33.7291666666667
0.805970204233643,-112.229166666667,33.7291666666667
0.828731242996783,-112.1875,33.7291666666667
0.833183725705561,-112.145833333333,33.7291666666667
0.842240076478527,-112.104166666667,33.7291666666667
0.870903331012435,-112.0625,33.7291666666667
0.883585559439376,-112.020833333333,33.7291666666667
0.925966483107395,-111.979166666667,33.7291666666667
0.965393083554018,-111.9375,33.7291666666667
0.989302097545146,-111.895833333333,33.7291666666667
0.998752365452455,-111.854166666667,33.7291666666667
0.999883500646713,-111.8125,33.7291666666667
0.999918448942579,-111.770833333333,33.7291666666667
0.998909617027286,-111.729166666667,33.7291666666667
0.989004786883316,-111.6875,33.7291666666667
0.993064908174248,-111.645833333333,33.7291666666667
0.999933988830104,-111.604166666667,33.7291666666667
0.999996030783572,-111.5625,33.7291666666667
0.999941853229522,-111.520833333333,33.7291666666667
0.999940227740013,-111.479166666667,33.7291666666667
0.999999711583793,-111.4375,33.7291666666667
0.999999976414763,-111.395833333333,33.7291666666667
0.999990232469698,-111.354166666667,33.7291666666667
0.999691832938192,-111.3125,33.7291666666667
0.999128056213968,-111.270833333333,33.7291666666667
0.9987103671364,-111.229166666667,33.7291666666667
0.997474845859865,-111.1875,33.7291666666667
0.997231756329044,-111.145833333333,33.7291666666667
0.996063327587797,-111.104166666667,33.7291666666667
0.989776320032795,-111.0625,33.7291666666667
0.978172229900338,-111.020833333333,33.7291666666667
0.977443012510031,-110.979166666667,33.7291666666667
0.991048469425946,-110.9375,33.7291666666667
0.982417499535047,-110.895833333333,33.7291666666667
0.999999999984225,-110.854166666667,33.7291666666667
0.999999999321147,-110.8125,33.7291666666667
0.999999852400487,-110.770833333333,33.7291666666667
0.999977182729544,-110.729166666667,33.7291666666667
0.999397174777475,-110.6875,33.7291666666667
0.991983039453546,-110.645833333333,33.7291666666667
0.988547038817876,-110.604166666667,33.7291666666667
0.978011756490073,-110.5625,33.7291666666667
0.915613990767455,-110.520833333333,33.7291666666667
0.885401569475628,-110.479166666667,33.7291666666667
0.90016414779218,-110.4375,33.7291666666667
0.896421029800948,-110.395833333333,33.7291666666667
0.873162863552555,-110.354166666667,33.7291666666667
0.880653590261145,-110.3125,33.7291666666667
0.871376722413463,-110.270833333333,33.7291666666667
0.841612600055185,-110.229166666667,33.7291666666667
0.775946788054581,-110.1875,33.7291666666667
0.625639382271657,-110.145833333333,33.7291666666667
0.504514484786998,-110.104166666667,33.7291666666667
0.50860418026923,-110.0625,33.7291666666667
0.514855334818524,-109.6875,33.7291666666667
0.587276906806796,-117.6875,33.6875
0.786217102588757,-117.645833333333,33.6875
0.959701048209051,-117.604166666667,33.6875
0.999936937802825,-117.5625,33.6875
0.999999071499355,-117.520833333333,33.6875
0.999994539854221,-117.479166666667,33.6875
0.986980970539172,-117.4375,33.6875
0.623717802531773,-117.395833333333,33.6875
0.612220999673684,-116.9375,33.6875
0.803243532305932,-116.895833333333,33.6875
0.859561834374316,-116.854166666667,33.6875
0.940459839319447,-116.8125,33.6875
0.995767566492503,-116.770833333333,33.6875
0.999836413271356,-116.729166666667,33.6875
0.99945276069902,-116.6875,33.6875
0.989688364056689,-116.645833333333,33.6875
0.984245282419663,-116.604166666667,33.6875
0.918265166262411,-116.5625,33.6875
0.663853214275549,-116.520833333333,33.6875
0.650830401585802,-116.479166666667,33.6875
0.542220545026358,-116.4375,33.6875
0.624442190953939,-115.854166666667,33.6875
0.594673577408069,-115.8125,33.6875
0.580170010844754,-115.770833333333,33.6875
0.602578276336253,-115.729166666667,33.6875
0.709121022026423,-115.6875,33.6875
0.78488657185499,-115.645833333333,33.6875
0.836666066549844,-115.604166666667,33.6875
0.866302621655522,-115.5625,33.6875
0.903388851258792,-115.520833333333,33.6875
0.923256333746111,-115.479166666667,33.6875
0.932095906282971,-115.4375,33.6875
0.988131338380278,-115.395833333333,33.6875
0.964712068396339,-115.354166666667,33.6875
0.983529977314433,-115.3125,33.6875
0.991962000202696,-115.270833333333,33.6875
0.992200678078815,-115.229166666667,33.6875
0.99125509765682,-115.1875,33.6875
0.990844877715274,-115.145833333333,33.6875
0.990438003614391,-115.104166666667,33.6875
0.991298118520543,-115.0625,33.6875
0.99233119213613,-115.020833333333,33.6875
0.99946276435632,-114.979166666667,33.6875
0.999674028021226,-114.9375,33.6875
0.999902161229204,-114.895833333333,33.6875
0.999982473228158,-114.854166666667,33.6875
0.999955493119719,-114.8125,33.6875
0.999750917188593,-114.770833333333,33.6875
0.999425640466506,-114.729166666667,33.6875
0.999292557211305,-114.6875,33.6875
0.993174696778912,-114.645833333333,33.6875
0.993918290599757,-114.604166666667,33.6875
0.99557376901501,-114.5625,33.6875
0.997477687248538,-114.520833333333,33.6875
0.998361173535002,-114.479166666667,33.6875
0.999267029385718,-114.4375,33.6875
0.999550743932872,-114.395833333333,33.6875
0.999321832946478,-114.354166666667,33.6875
0.998181548158506,-114.3125,33.6875
0.993104026816668,-114.270833333333,33.6875
0.986925204926017,-114.229166666667,33.6875
0.983036633998285,-114.1875,33.6875
0.976580405801592,-114.145833333333,33.6875
0.986706842244808,-114.104166666667,33.6875
0.996227849271296,-114.0625,33.6875
0.992922408513773,-114.020833333333,33.6875
0.994516887918776,-113.979166666667,33.6875
0.992674365371334,-113.9375,33.6875
0.992259035212656,-113.895833333333,33.6875
0.989212139534311,-113.854166666667,33.6875
0.989635012221237,-113.8125,33.6875
0.988178990169504,-113.770833333333,33.6875
0.985360989348708,-113.729166666667,33.6875
0.9864757445351,-113.6875,33.6875
0.994288507520995,-113.645833333333,33.6875
0.997024190586411,-113.604166666667,33.6875
0.993723490595384,-113.5625,33.6875
0.987746930240756,-113.520833333333,33.6875
0.98385657416073,-113.479166666667,33.6875
0.982308123003559,-113.4375,33.6875
0.983631278473339,-113.395833333333,33.6875
0.981947998822948,-113.354166666667,33.6875
0.979518056423932,-113.3125,33.6875
0.980785969265319,-113.270833333333,33.6875
0.988250477793023,-113.229166666667,33.6875
0.994013233783213,-113.1875,33.6875
0.998225216210381,-113.145833333333,33.6875
0.999867097165988,-113.104166666667,33.6875
0.999993499234225,-113.0625,33.6875
0.999996023835565,-113.020833333333,33.6875
0.99990748965242,-112.979166666667,33.6875
0.999417715289921,-112.9375,33.6875
0.999214013137314,-112.895833333333,33.6875
0.575648052622353,-112.854166666667,33.6875
0.593642953807897,-112.8125,33.6875
0.627229271101483,-112.770833333333,33.6875
0.653939382650941,-112.729166666667,33.6875
0.680341245230748,-112.6875,33.6875
0.712802946013434,-112.645833333333,33.6875
0.744717859771376,-112.604166666667,33.6875
0.764603998577597,-112.5625,33.6875
0.743471768637304,-112.520833333333,33.6875
0.70847779230692,-112.479166666667,33.6875
0.69063204636772,-112.4375,33.6875
0.634503404748201,-112.395833333333,33.6875
0.639584606266891,-112.354166666667,33.6875
0.654532684314055,-112.3125,33.6875
0.695081351529663,-112.270833333333,33.6875
0.724569215361307,-112.229166666667,33.6875
0.761661434700159,-112.1875,33.6875
0.774366545953715,-112.145833333333,33.6875
0.786762488352123,-112.104166666667,33.6875
0.812253058982082,-112.0625,33.6875
0.851532818814103,-112.020833333333,33.6875
0.896475045278655,-111.979166666667,33.6875
0.932905796738374,-111.9375,33.6875
0.965889781927802,-111.895833333333,33.6875
0.994627814336329,-111.854166666667,33.6875
0.999915839879956,-111.8125,33.6875
0.999887080738595,-111.770833333333,33.6875
0.998021891985945,-111.729166666667,33.6875
0.97572794963471,-111.6875,33.6875
0.970676144423376,-111.645833333333,33.6875
0.997634657168617,-111.604166666667,33.6875
0.999786256758842,-111.5625,33.6875
0.999973933095795,-111.520833333333,33.6875
0.999994151200665,-111.479166666667,33.6875
0.999999232369634,-111.4375,33.6875
0.999999868997765,-111.395833333333,33.6875
0.999998842672609,-111.354166666667,33.6875
0.999983201483939,-111.3125,33.6875
0.999858652167776,-111.270833333333,33.6875
0.999710598305137,-111.229166666667,33.6875
0.999317030520057,-111.1875,33.6875
0.997449718845482,-111.145833333333,33.6875
0.995209710473254,-111.104166666667,33.6875
0.990577966117482,-111.0625,33.6875
0.981509805109979,-111.020833333333,33.6875
0.968213201567342,-110.979166666667,33.6875
0.999999999999936,-110.9375,33.6875
0.999999999974616,-110.895833333333,33.6875
0.999999997694226,-110.854166666667,33.6875
0.999999998750271,-110.8125,33.6875
0.999999699228583,-110.770833333333,33.6875
0.999956662101281,-110.729166666667,33.6875
0.998444672646122,-110.6875,33.6875
0.993831023571257,-110.645833333333,33.6875
0.99847078741583,-110.604166666667,33.6875
0.997588584102708,-110.5625,33.6875
0.974260563424935,-110.520833333333,33.6875
0.919105007831356,-110.3125,33.6875
0.880649319088669,-110.270833333333,33.6875
0.823595377691286,-110.229166666667,33.6875
0.74748181317281,-110.1875,33.6875
0.583142860403063,-110.145833333333,33.6875
0.59419274484081,-117.645833333333,33.6458333333333
0.739475056962555,-117.604166666667,33.6458333333333
0.896319581766652,-117.5625,33.6458333333333
0.995046902961919,-117.520833333333,33.6458333333333
0.999780924221015,-117.479166666667,33.6458333333333
0.996891567226599,-117.4375,33.6458333333333
0.932218883052439,-117.395833333333,33.6458333333333
0.638387444101931,-117.354166666667,33.6458333333333
0.598918630026581,-117.020833333333,33.6458333333333
0.615467566111101,-116.979166666667,33.6458333333333
0.684357192552149,-116.9375,33.6458333333333
0.818489705103909,-116.895833333333,33.6458333333333
0.894516359424336,-116.854166666667,33.6458333333333
0.888155067937638,-116.8125,33.6458333333333
0.9735753074065,-116.770833333333,33.6458333333333
0.996884376688886,-116.729166666667,33.6458333333333
0.997294608584365,-116.6875,33.6458333333333
0.984584314378565,-116.645833333333,33.6458333333333
0.962171987986061,-116.604166666667,33.6458333333333
0.960358785672211,-116.5625,33.6458333333333
0.739784947556859,-116.520833333333,33.6458333333333
0.712865819856115,-116.479166666667,33.6458333333333
0.655849726871244,-116.4375,33.6458333333333
0.535151294932817,-116.395833333333,33.6458333333333
0.722383589624806,-115.8125,33.6458333333333
0.693297362964623,-115.770833333333,33.6458333333333
0.694135463710651,-115.729166666667,33.6458333333333
0.734743977369039,-115.6875,33.6458333333333
0.805662916512412,-115.645833333333,33.6458333333333
0.829608855360345,-115.604166666667,33.6458333333333
0.860406702913292,-115.5625,33.6458333333333
0.896125911979568,-115.520833333333,33.6458333333333
0.943915748092239,-115.3125,33.6458333333333
0.988926191499741,-115.270833333333,33.6458333333333
0.995529201501066,-115.229166666667,33.6458333333333
0.99458847747274,-115.1875,33.6458333333333
0.989578637025193,-115.145833333333,33.6458333333333
0.986414195604261,-115.104166666667,33.6458333333333
0.987483712063684,-115.0625,33.6458333333333
0.989353487524021,-115.020833333333,33.6458333333333
0.991776260895289,-114.979166666667,33.6458333333333
0.99391045722422,-114.9375,33.6458333333333
0.99977625303468,-114.895833333333,33.6458333333333
0.999949495309258,-114.854166666667,33.6458333333333
0.999962352433812,-114.8125,33.6458333333333
0.999847012080834,-114.770833333333,33.6458333333333
0.999410805948586,-114.729166666667,33.6458333333333
0.999217453434397,-114.6875,33.6458333333333
0.99335915758107,-114.645833333333,33.6458333333333
0.994175165909957,-114.604166666667,33.6458333333333
0.995781750690446,-114.5625,33.6458333333333
0.997213706974669,-114.520833333333,33.6458333333333
0.998090882265739,-114.479166666667,33.6458333333333
0.999390988401845,-114.4375,33.6458333333333
0.999677652994414,-114.395833333333,33.6458333333333
0.999136509845145,-114.354166666667,33.6458333333333
0.996670056511488,-114.3125,33.6458333333333
0.990590339736779,-114.270833333333,33.6458333333333
0.983916680506264,-114.229166666667,33.6458333333333
0.97840906530382,-114.1875,33.6458333333333
0.979109320685392,-114.145833333333,33.6458333333333
0.993336549251289,-114.104166666667,33.6458333333333
0.996366698203471,-114.0625,33.6458333333333
0.9948022892861,-114.020833333333,33.6458333333333
0.998772293600493,-113.979166666667,33.6458333333333
0.998176763388414,-113.9375,33.6458333333333
0.995271707779771,-113.895833333333,33.6458333333333
0.988190045405559,-113.854166666667,33.6458333333333
0.988409705737229,-113.8125,33.6458333333333
0.987530916727397,-113.770833333333,33.6458333333333
0.984209441948641,-113.729166666667,33.6458333333333
0.981901667420484,-113.6875,33.6458333333333
0.985791736446279,-113.645833333333,33.6458333333333
0.988151275849369,-113.604166666667,33.6458333333333
0.987730080856132,-113.5625,33.6458333333333
0.986051551414452,-113.520833333333,33.6458333333333
0.984302614077503,-113.479166666667,33.6458333333333
0.984114366409896,-113.4375,33.6458333333333
0.984246079171667,-113.395833333333,33.6458333333333
0.981505899655354,-113.354166666667,33.6458333333333
0.978255911283695,-113.3125,33.6458333333333
0.975067859665161,-113.270833333333,33.6458333333333
0.977325014924657,-113.229166666667,33.6458333333333
0.990996044960214,-113.1875,33.6458333333333
0.998525850355198,-113.145833333333,33.6458333333333
0.999177599579555,-113.104166666667,33.6458333333333
0.61015596682381,-113.0625,33.6458333333333
0.99982370485331,-113.020833333333,33.6458333333333
0.999751850578146,-112.979166666667,33.6458333333333
0.9996292639064,-112.9375,33.6458333333333
0.999643585404509,-112.895833333333,33.6458333333333
0.574124246853525,-112.854166666667,33.6458333333333
0.562164149052848,-112.8125,33.6458333333333
0.597547322164413,-112.770833333333,33.6458333333333
0.999726595718797,-112.729166666667,33.6458333333333
0.646853148455436,-112.6875,33.6458333333333
0.699955635502174,-112.645833333333,33.6458333333333
0.812447626277027,-112.604166666667,33.6458333333333
0.88383953578042,-112.5625,33.6458333333333
0.816010764935712,-112.520833333333,33.6458333333333
0.693446249606727,-112.479166666667,33.6458333333333
0.612063070234736,-112.4375,33.6458333333333
0.608241593653995,-112.395833333333,33.6458333333333
0.605960694155879,-112.354166666667,33.6458333333333
0.616248114313218,-112.3125,33.6458333333333
0.655023149565821,-112.270833333333,33.6458333333333
0.675458253568816,-112.229166666667,33.6458333333333
0.702257858927585,-112.1875,33.6458333333333
0.73037501448622,-112.145833333333,33.6458333333333
0.751539614772254,-112.104166666667,33.6458333333333
0.784939079632098,-112.0625,33.6458333333333
0.852433780387244,-112.020833333333,33.6458333333333
0.902271817923828,-111.979166666667,33.6458333333333
0.916363722633522,-111.9375,33.6458333333333
0.925644099619745,-111.895833333333,33.6458333333333
0.969693428066503,-111.854166666667,33.6458333333333
0.99941710207932,-111.8125,33.6458333333333
0.9995966446769,-111.770833333333,33.6458333333333
0.99508965246351,-111.729166666667,33.6458333333333
0.956385693045496,-111.6875,33.6458333333333
0.945410191570505,-111.645833333333,33.6458333333333
0.993172309017024,-111.604166666667,33.6458333333333
0.999336034333305,-111.5625,33.6458333333333
0.999944143802533,-111.520833333333,33.6458333333333
0.999982878741905,-111.479166666667,33.6458333333333
0.999990360910568,-111.4375,33.6458333333333
0.999999331852595,-111.395833333333,33.6458333333333
0.999999386422648,-111.354166666667,33.6458333333333
0.999993328905878,-111.3125,33.6458333333333
0.999953581355369,-111.270833333333,33.6458333333333
0.999679789573671,-111.229166666667,33.6458333333333
0.999216686838046,-111.1875,33.6458333333333
0.997829494648415,-111.145833333333,33.6458333333333
0.996033213967017,-111.104166666667,33.6458333333333
0.989056243279258,-111.0625,33.6458333333333
0.979876383263893,-111.020833333333,33.6458333333333
0.949391999166963,-110.979166666667,33.6458333333333
0.999999999992478,-110.9375,33.6458333333333
0.999999998591379,-110.895833333333,33.6458333333333
0.999999958564502,-110.854166666667,33.6458333333333
0.999999897898857,-110.8125,33.6458333333333
0.999992917932504,-110.770833333333,33.6458333333333
0.999703726832268,-110.729166666667,33.6458333333333
0.998837066578915,-110.6875,33.6458333333333
0.997802367344806,-110.645833333333,33.6458333333333
0.999182645462599,-110.604166666667,33.6458333333333
0.999358451400146,-110.5625,33.6458333333333
0.992013441879405,-110.520833333333,33.6458333333333
0.934539283660072,-110.270833333333,33.6458333333333
0.826463728129379,-110.229166666667,33.6458333333333
0.666023996421516,-110.1875,33.6458333333333
0.565598825263729,-110.145833333333,33.6458333333333
0.526003834687203,-110.104166666667,33.6458333333333
0.620498067080968,-117.604166666667,33.6041666666667
0.703964563059896,-117.5625,33.6041666666667
0.89786112680222,-117.520833333333,33.6041666666667
0.983359800414658,-117.479166666667,33.6041666666667
0.991570578058726,-117.4375,33.6041666666667
0.991909034711628,-117.395833333333,33.6041666666667
0.984949253289274,-117.354166666667,33.6041666666667
0.706930390813605,-117.3125,33.6041666666667
0.54282751058662,-117.229166666667,33.6041666666667
0.570443675751751,-117.1875,33.6041666666667
0.517092324336565,-117.0625,33.6041666666667
0.625268704514861,-117.020833333333,33.6041666666667
0.730287276105732,-116.979166666667,33.6041666666667
0.782141034652798,-116.9375,33.6041666666667
0.798057203065316,-116.895833333333,33.6041666666667
0.818113345675958,-116.854166666667,33.6041666666667
0.869386521291873,-116.8125,33.6041666666667
0.892049162984045,-116.770833333333,33.6041666666667
0.88144082693042,-116.729166666667,33.6041666666667
0.865655952573445,-116.6875,33.6041666666667
0.821703912124069,-116.645833333333,33.6041666666667
0.830243339241908,-116.604166666667,33.6041666666667
0.900847349005291,-116.5625,33.6041666666667
0.751598374758478,-116.520833333333,33.6041666666667
0.666455886162903,-116.479166666667,33.6041666666667
0.65914329405797,-116.4375,33.6041666666667
0.655148276880867,-116.395833333333,33.6041666666667
0.617353178779862,-116.354166666667,33.6041666666667
0.781118003263735,-115.8125,33.6041666666667
0.704624010650764,-115.770833333333,33.6041666666667
0.7033204318272,-115.729166666667,33.6041666666667
0.734239297516947,-115.6875,33.6041666666667
0.779380673616668,-115.645833333333,33.6041666666667
0.8121888218469,-115.604166666667,33.6041666666667
0.850877116086898,-115.5625,33.6041666666667
0.891053008891568,-115.520833333333,33.6041666666667
0.873850007744143,-115.479166666667,33.6041666666667
0.989916633465696,-115.270833333333,33.6041666666667
0.993422476329359,-115.229166666667,33.6041666666667
0.996253764647431,-115.1875,33.6041666666667
0.994548219642156,-115.145833333333,33.6041666666667
0.991134891465645,-115.104166666667,33.6041666666667
0.98980180856079,-115.0625,33.6041666666667
0.990562938302036,-115.020833333333,33.6041666666667
0.991486228498396,-114.979166666667,33.6041666666667
0.999237737254696,-114.9375,33.6041666666667
0.999440860938894,-114.895833333333,33.6041666666667
0.999706424824979,-114.854166666667,33.6041666666667
0.999844211374882,-114.8125,33.6041666666667
0.999741230446925,-114.770833333333,33.6041666666667
0.999414530561349,-114.729166666667,33.6041666666667
0.999331069364099,-114.6875,33.6041666666667
0.99408968265027,-114.645833333333,33.6041666666667
0.994289408462988,-114.604166666667,33.6041666666667
0.995640613537812,-114.5625,33.6041666666667
0.996756307714283,-114.520833333333,33.6041666666667
0.998096786993445,-114.479166666667,33.6041666666667
0.99945277852825,-114.4375,33.6041666666667
0.999637208076626,-114.395833333333,33.6041666666667
0.999057435681464,-114.354166666667,33.6041666666667
0.996533076910428,-114.3125,33.6041666666667
0.988483347117208,-114.270833333333,33.6041666666667
0.979022087254695,-114.229166666667,33.6041666666667
0.972881372373525,-114.1875,33.6041666666667
0.980754986557089,-114.145833333333,33.6041666666667
0.994099023756205,-114.104166666667,33.6041666666667
0.99710954157625,-114.0625,33.6041666666667
0.998514287871388,-114.020833333333,33.6041666666667
0.99996188170221,-113.979166666667,33.6041666666667
0.999957639162688,-113.9375,33.6041666666667
0.999483818009333,-113.895833333333,33.6041666666667
0.993325860702165,-113.854166666667,33.6041666666667
0.988027146500451,-113.8125,33.6041666666667
0.986663139684144,-113.770833333333,33.6041666666667
0.984752887446396,-113.729166666667,33.6041666666667
0.982529070132509,-113.6875,33.6041666666667
0.985112650183688,-113.645833333333,33.6041666666667
0.985999871589645,-113.604166666667,33.6041666666667
0.986105624080839,-113.5625,33.6041666666667
0.986289551724145,-113.520833333333,33.6041666666667
0.985823104375986,-113.479166666667,33.6041666666667
0.984855555197017,-113.4375,33.6041666666667
0.981934700546855,-113.395833333333,33.6041666666667
0.976043567825958,-113.354166666667,33.6041666666667
0.969424206523099,-113.3125,33.6041666666667
0.960146841232633,-113.270833333333,33.6041666666667
0.954629332075685,-113.229166666667,33.6041666666667
0.965097132975447,-113.1875,33.6041666666667
0.992746300433778,-113.145833333333,33.6041666666667
0.997257021515205,-113.104166666667,33.6041666666667
0.996170911752397,-113.0625,33.6041666666667
0.997349072450042,-113.020833333333,33.6041666666667
0.526159787301791,-112.979166666667,33.6041666666667
0.533734745570107,-112.9375,33.6041666666667
0.998790406503188,-112.895833333333,33.6041666666667
0.548373496432828,-112.854166666667,33.6041666666667
0.998984361121827,-112.8125,33.6041666666667
0.999314973055293,-112.770833333333,33.6041666666667
0.999464134282514,-112.729166666667,33.6041666666667
0.999739474990697,-112.6875,33.6041666666667
0.711306504549554,-112.645833333333,33.6041666666667
0.939185572188234,-112.604166666667,33.6041666666667
0.992254706779993,-112.5625,33.6041666666667
0.907140968316111,-112.520833333333,33.6041666666667
0.694762977216833,-112.479166666667,33.6041666666667
0.596131861981626,-112.4375,33.6041666666667
0.586782556158867,-112.395833333333,33.6041666666667
0.584486322168025,-112.354166666667,33.6041666666667
0.594768393380024,-112.3125,33.6041666666667
0.625576645015424,-112.270833333333,33.6041666666667
0.655208732599332,-112.229166666667,33.6041666666667
0.682625829596419,-112.1875,33.6041666666667
0.711755493955996,-112.145833333333,33.6041666666667
0.736735438275971,-112.104166666667,33.6041666666667
0.797692557485292,-112.0625,33.6041666666667
0.883828324069724,-112.020833333333,33.6041666666667
0.929882551100915,-111.979166666667,33.6041666666667
0.929468156760591,-111.9375,33.6041666666667
0.905270990263564,-111.895833333333,33.6041666666667
0.919535645038039,-111.854166666667,33.6041666666667
0.983662992283246,-111.8125,33.6041666666667
0.996803730865179,-111.770833333333,33.6041666666667
0.988948939580705,-111.729166666667,33.6041666666667
0.942373099802508,-111.6875,33.6041666666667
0.93434137610801,-111.645833333333,33.6041666666667
0.989269875886277,-111.604166666667,33.6041666666667
0.99908946984473,-111.5625,33.6041666666667
0.999058497867799,-111.520833333333,33.6041666666667
0.999497287589305,-111.479166666667,33.6041666666667
0.99993328810239,-111.4375,33.6041666666667
0.999997005971903,-111.395833333333,33.6041666666667
0.999995237658871,-111.354166666667,33.6041666666667
0.999955305283156,-111.3125,33.6041666666667
0.99970332749557,-111.270833333333,33.6041666666667
0.999206103655123,-111.229166666667,33.6041666666667
0.999309489027449,-111.1875,33.6041666666667
1,-111.145833333333,33.6041666666667
0.999999999999999,-111.104166666667,33.6041666666667
0.999999999999987,-111.0625,33.6041666666667
0.999999999998649,-111.020833333333,33.6041666666667
0.999999999989358,-110.979166666667,33.6041666666667
0.99999999972926,-110.9375,33.6041666666667
0.99999998233064,-110.895833333333,33.6041666666667
0.999999342504256,-110.854166666667,33.6041666666667
0.999994301190565,-110.8125,33.6041666666667
0.999970312461571,-110.770833333333,33.6041666666667
0.999934866635108,-110.729166666667,33.6041666666667
0.999849526611655,-110.6875,33.6041666666667
0.999344224469592,-110.645833333333,33.6041666666667
0.999174976546805,-110.604166666667,33.6041666666667
0.999437529405061,-110.5625,33.6041666666667
0.997405374861321,-110.520833333333,33.6041666666667
0.989705479931052,-110.479166666667,33.6041666666667
0.902189611422158,-110.229166666667,33.6041666666667
0.739048767987655,-110.1875,33.6041666666667
0.638655749858665,-110.145833333333,33.6041666666667
0.634805857273319,-110.104166666667,33.6041666666667
0.559270078104802,-110.0625,33.6041666666667
0.558072039515612,-117.5625,33.5625
0.770864027767674,-117.520833333333,33.5625
0.977752401840195,-117.479166666667,33.5625
0.99220839365326,-117.4375,33.5625
0.983073246401016,-117.395833333333,33.5625
0.97642586266532,-117.354166666667,33.5625
0.931501004133178,-117.3125,33.5625
0.775418443265574,-117.270833333333,33.5625
0.678624532889346,-117.229166666667,33.5625
0.612247570975987,-117.1875,33.5625
0.543329466763663,-117.145833333333,33.5625
0.519756862555629,-117.104166666667,33.5625
0.551980487154998,-117.0625,33.5625
0.661606359236683,-117.020833333333,33.5625
0.801760605631324,-116.979166666667,33.5625
0.791508675080974,-116.9375,33.5625
0.72673625632962,-116.895833333333,33.5625
0.718811027778209,-116.854166666667,33.5625
0.775042424958798,-116.8125,33.5625
0.781045999945164,-116.770833333333,33.5625
0.609394231227066,-116.729166666667,33.5625
0.637044120974538,-116.604166666667,33.5625
0.810755412907919,-116.5625,33.5625
0.860347148192247,-116.520833333333,33.5625
0.855619866648954,-116.479166666667,33.5625
0.775645954140473,-116.4375,33.5625
0.70484378439903,-116.395833333333,33.5625
0.726623076305659,-116.354166666667,33.5625
0.617179853910341,-116.3125,33.5625
0.807464444589213,-115.770833333333,33.5625
0.827856835767927,-115.729166666667,33.5625
0.862393111292641,-115.6875,33.5625
0.863995402088191,-115.645833333333,33.5625
0.864002034735655,-115.604166666667,33.5625
0.888375137752276,-115.5625,33.5625
0.917541310181485,-115.520833333333,33.5625
0.922112682356925,-115.479166666667,33.5625
0.845809218982729,-115.4375,33.5625
0.970071895085205,-115.270833333333,33.5625
0.99826138725442,-115.229166666667,33.5625
0.996996693448986,-115.1875,33.5625
0.998134785943425,-115.145833333333,33.5625
0.997603383073715,-115.104166666667,33.5625
0.996255792675593,-115.0625,33.5625
0.999609781192188,-115.020833333333,33.5625
0.999523963422475,-114.979166666667,33.5625
0.999465949212962,-114.9375,33.5625
0.999499034117382,-114.895833333333,33.5625
0.999753053104835,-114.854166666667,33.5625
0.999886479999915,-114.8125,33.5625
0.999696813881392,-114.770833333333,33.5625
0.999477109671279,-114.729166666667,33.5625
0.993840481640882,-114.6875,33.5625
0.993577743051394,-114.645833333333,33.5625
0.993594833146852,-114.604166666667,33.5625
0.994955436146136,-114.5625,33.5625
0.996266864616389,-114.520833333333,33.5625
0.998293641106924,-114.479166666667,33.5625
0.999609317283878,-114.4375,33.5625
0.999720974429612,-114.395833333333,33.5625
0.999402969666375,-114.354166666667,33.5625
0.997775366626289,-114.3125,33.5625
0.98780431964103,-114.270833333333,33.5625
0.974164467580675,-114.229166666667,33.5625
0.968440387998318,-114.1875,33.5625
0.979815259780606,-114.145833333333,33.5625
0.991541409876311,-114.104166666667,33.5625
0.995899556405281,-114.0625,33.5625
0.998274692709458,-114.020833333333,33.5625
0.999990456900258,-113.979166666667,33.5625
0.999996956607449,-113.9375,33.5625
0.999987285837705,-113.895833333333,33.5625
0.999503001200763,-113.854166666667,33.5625
0.993317244165772,-113.8125,33.5625
0.987506924362036,-113.770833333333,33.5625
0.985599729233543,-113.729166666667,33.5625
0.984207984857915,-113.6875,33.5625
0.984146738802784,-113.645833333333,33.5625
0.984971502213208,-113.604166666667,33.5625
0.985995346282564,-113.5625,33.5625
0.98736565462105,-113.520833333333,33.5625
0.986965743139063,-113.479166666667,33.5625
0.984974395425267,-113.4375,33.5625
0.979464475107551,-113.395833333333,33.5625
0.971375797760237,-113.354166666667,33.5625
0.96027155486826,-113.3125,33.5625
0.946507163368242,-113.270833333333,33.5625
0.940281014683129,-113.229166666667,33.5625
0.937881427360148,-113.1875,33.5625
0.95348409092428,-113.145833333333,33.5625
0.98286207335384,-113.104166666667,33.5625
0.991553433744051,-113.0625,33.5625
0.99430396302493,-113.020833333333,33.5625
0.996325988780336,-112.979166666667,33.5625
0.996971726997738,-112.9375,33.5625
0.997513399777469,-112.895833333333,33.5625
0.998392513132799,-112.854166666667,33.5625
0.998764540455237,-112.8125,33.5625
0.999221888352429,-112.770833333333,33.5625
0.999433987709412,-112.729166666667,33.5625
0.999615996957277,-112.6875,33.5625
0.676595883545354,-112.645833333333,33.5625
0.907885110002304,-112.604166666667,33.5625
0.997546830455614,-112.5625,33.5625
0.93991597796248,-112.520833333333,33.5625
0.998838878685714,-112.479166666667,33.5625
0.996006235292606,-112.4375,33.5625
0.995535975723021,-112.395833333333,33.5625
0.574978613637739,-112.354166666667,33.5625
0.584713193951344,-112.3125,33.5625
0.609334180279155,-112.270833333333,33.5625
0.636985701599896,-112.229166666667,33.5625
0.999982568614416,-112.1875,33.5625
0.999992945052961,-112.145833333333,33.5625
0.999995431841163,-112.104166666667,33.5625
0.787326633756198,-112.0625,33.5625
0.905070865421188,-112.020833333333,33.5625
0.948349477336875,-111.979166666667,33.5625
0.932077552551598,-111.9375,33.5625
0.887997748935759,-111.895833333333,33.5625
0.858957837197067,-111.854166666667,33.5625
0.90394589297928,-111.8125,33.5625
0.958747869203572,-111.770833333333,33.5625
0.96463140199902,-111.729166666667,33.5625
0.947011698227537,-111.6875,33.5625
0.935853545961423,-111.645833333333,33.5625
0.970375204300321,-111.604166666667,33.5625
0.996027730827205,-111.5625,33.5625
0.998400157345089,-111.520833333333,33.5625
0.998825739327714,-111.479166666667,33.5625
0.999772237906377,-111.4375,33.5625
0.999978592360685,-111.395833333333,33.5625
0.999988565665494,-111.354166666667,33.5625
0.999974321436736,-111.3125,33.5625
0.999803737973122,-111.270833333333,33.5625
0.999474699266302,-111.229166666667,33.5625
0.999484236433885,-111.1875,33.5625
1,-111.145833333333,33.5625
0.999999999999881,-111.104166666667,33.5625
0.999999999964737,-111.0625,33.5625
0.999999997759379,-111.020833333333,33.5625
0.999999992499194,-110.979166666667,33.5625
0.999999981450564,-110.9375,33.5625
0.999999950318817,-110.895833333333,33.5625
0.999998489501213,-110.854166666667,33.5625
0.999987769521529,-110.8125,33.5625
0.999995718989043,-110.770833333333,33.5625
0.999997839457402,-110.729166666667,33.5625
0.999855161600643,-110.6875,33.5625
0.999096179914355,-110.645833333333,33.5625
0.999092830380431,-110.604166666667,33.5625
0.99955179845762,-110.5625,33.5625
0.998546738151356,-110.520833333333,33.5625
0.993250424435931,-110.479166666667,33.5625
0.995121377790397,-110.4375,33.5625
0.953241436546338,-110.229166666667,33.5625
0.876475274168489,-110.1875,33.5625
0.793537771295096,-110.145833333333,33.5625
0.742071666283601,-110.104166666667,33.5625
0.654116890855778,-110.0625,33.5625
0.527800796997221,-110.020833333333,33.5625
0.529125438940017,-117.5625,33.5208333333333
0.733565463914461,-117.520833333333,33.5208333333333
0.968957891712562,-117.479166666667,33.5208333333333
0.98593027522799,-117.4375,33.5208333333333
0.985896261712502,-117.395833333333,33.5208333333333
0.973493054962321,-117.354166666667,33.5208333333333
0.94570371293466,-117.3125,33.5208333333333
0.952288424949549,-117.270833333333,33.5208333333333
0.937271935947509,-117.229166666667,33.5208333333333
0.850258849112717,-117.1875,33.5208333333333
0.696845724259424,-117.145833333333,33.5208333333333
0.616647596009956,-117.104166666667,33.5208333333333
0.613129135419549,-117.0625,33.5208333333333
0.729577634713649,-117.020833333333,33.5208333333333
0.861625216836716,-116.979166666667,33.5208333333333
0.756768523133816,-116.9375,33.5208333333333
0.642373448843593,-116.895833333333,33.5208333333333
0.638234410466621,-116.854166666667,33.5208333333333
0.67839685673187,-116.8125,33.5208333333333
0.674868381934555,-116.770833333333,33.5208333333333
0.592586288235219,-116.729166666667,33.5208333333333
0.578957755893437,-116.604166666667,33.5208333333333
0.644370058510116,-116.5625,33.5208333333333
0.783435793779951,-116.520833333333,33.5208333333333
0.936731624879658,-116.479166666667,33.5208333333333
0.895916330992777,-116.4375,33.5208333333333
0.813277382032255,-116.395833333333,33.5208333333333
0.7054198748686,-116.354166666667,33.5208333333333
0.638122813931751,-116.3125,33.5208333333333
0.507527773017803,-116.270833333333,33.5208333333333
0.947214334609351,-115.729166666667,33.5208333333333
0.952225095504062,-115.6875,33.5208333333333
0.922130391957529,-115.645833333333,33.5208333333333
0.891840980174103,-115.604166666667,33.5208333333333
0.906180699344175,-115.5625,33.5208333333333
0.929020603428063,-115.520833333333,33.5208333333333
0.935819889293597,-115.479166666667,33.5208333333333
0.917327648416153,-115.4375,33.5208333333333
0.870770533314371,-115.395833333333,33.5208333333333
0.985287064063585,-115.270833333333,33.5208333333333
0.998777797621875,-115.229166666667,33.5208333333333
0.998599211661524,-115.1875,33.5208333333333
0.9996607467228,-115.145833333333,33.5208333333333
0.99969916788788,-115.104166666667,33.5208333333333
0.999506629845803,-115.0625,33.5208333333333
0.999232497633481,-115.020833333333,33.5208333333333
0.998988393315334,-114.979166666667,33.5208333333333
0.999862128557637,-114.9375,33.5208333333333
0.999781182612659,-114.895833333333,33.5208333333333
0.99995672834241,-114.854166666667,33.5208333333333
0.999976364754789,-114.8125,33.5208333333333
0.999778243697865,-114.770833333333,33.5208333333333
0.999462777098205,-114.729166666667,33.5208333333333
0.993872491227372,-114.6875,33.5208333333333
0.992596003445379,-114.645833333333,33.5208333333333
0.992772312636775,-114.604166666667,33.5208333333333
0.99466669920414,-114.5625,33.5208333333333
0.996651746723167,-114.520833333333,33.5208333333333
0.998646839028931,-114.479166666667,33.5208333333333
0.999736161178291,-114.4375,33.5208333333333
0.999823986922946,-114.395833333333,33.5208333333333
0.999478773743089,-114.354166666667,33.5208333333333
0.998704461216427,-114.3125,33.5208333333333
0.99213333325549,-114.270833333333,33.5208333333333
0.971075270229881,-114.229166666667,33.5208333333333
0.967674705285343,-114.1875,33.5208333333333
0.985120473521399,-114.145833333333,33.5208333333333
0.995045648338282,-114.104166666667,33.5208333333333
0.994890708792861,-114.0625,33.5208333333333
0.99637773212747,-114.020833333333,33.5208333333333
0.999918413920111,-113.979166666667,33.5208333333333
0.999962260498705,-113.9375,33.5208333333333
0.999925476780216,-113.895833333333,33.5208333333333
0.999529091910126,-113.854166666667,33.5208333333333
0.996726109348291,-113.8125,33.5208333333333
0.988398215106067,-113.770833333333,33.5208333333333
0.985503007517736,-113.729166666667,33.5208333333333
0.984857546554937,-113.6875,33.5208333333333
0.984171440264358,-113.645833333333,33.5208333333333
0.983526092197909,-113.604166666667,33.5208333333333
0.985983676258275,-113.5625,33.5208333333333
0.988311867796349,-113.520833333333,33.5208333333333
0.991620027471215,-113.479166666667,33.5208333333333
0.994335005671443,-113.4375,33.5208333333333
0.988349286080663,-113.395833333333,33.5208333333333
0.973251977528187,-113.354166666667,33.5208333333333
0.956533642767161,-113.3125,33.5208333333333
0.942311066921049,-113.270833333333,33.5208333333333
0.947068156177825,-113.229166666667,33.5208333333333
0.945654393060006,-113.1875,33.5208333333333
0.944091715359929,-113.145833333333,33.5208333333333
0.962037769648692,-113.104166666667,33.5208333333333
0.984644009657198,-113.0625,33.5208333333333
0.992817888038577,-113.020833333333,33.5208333333333
0.996056317275676,-112.979166666667,33.5208333333333
0.997248571263984,-112.9375,33.5208333333333
0.997972136197622,-112.895833333333,33.5208333333333
0.998593272301509,-112.854166666667,33.5208333333333
0.998760576675251,-112.8125,33.5208333333333
0.999158341164312,-112.770833333333,33.5208333333333
0.999376204399066,-112.729166666667,33.5208333333333
0.99940462492794,-112.6875,33.5208333333333
0.999784374035923,-112.645833333333,33.5208333333333
0.792437508342554,-112.604166666667,33.5208333333333
0.967299253712457,-112.5625,33.5208333333333
0.881903557924815,-112.520833333333,33.5208333333333
0.999909072098558,-112.479166666667,33.5208333333333
0.996235512022671,-112.4375,33.5208333333333
0.573776311103169,-112.395833333333,33.5208333333333
0.576563405493381,-112.354166666667,33.5208333333333
0.580155413740141,-112.3125,33.5208333333333
0.608333040483028,-112.270833333333,33.5208333333333
0.638182045905313,-112.229166666667,33.5208333333333
0.99998474536358,-112.1875,33.5208333333333
0.999991116199068,-112.145833333333,33.5208333333333
0.999989796155358,-112.104166666667,33.5208333333333
0.999995628973866,-112.0625,33.5208333333333
0.826602807115527,-112.020833333333,33.5208333333333
0.904875778014529,-111.979166666667,33.5208333333333
0.899001850818917,-111.9375,33.5208333333333
0.842689889470666,-111.895833333333,33.5208333333333
0.806279537867754,-111.854166666667,33.5208333333333
0.810744040889213,-111.8125,33.5208333333333
0.847636975635634,-111.770833333333,33.5208333333333
0.882241440123795,-111.729166666667,33.5208333333333
0.939128498407373,-111.6875,33.5208333333333
0.988964942394552,-111.645833333333,33.5208333333333
0.997651832869024,-111.604166666667,33.5208333333333
0.99966237120497,-111.5625,33.5208333333333
0.999982737714462,-111.520833333333,33.5208333333333
0.999915362471397,-111.479166666667,33.5208333333333
0.999949497549117,-111.4375,33.5208333333333
0.999978897988325,-111.395833333333,33.5208333333333
0.999991336945701,-111.354166666667,33.5208333333333
0.99996619985905,-111.3125,33.5208333333333
0.999874528877685,-111.270833333333,33.5208333333333
0.999593772415588,-111.229166666667,33.5208333333333
1,-111.1875,33.5208333333333
1,-111.145833333333,33.5208333333333
0.99999999999968,-111.104166666667,33.5208333333333
0.99999999635297,-111.0625,33.5208333333333
0.999999849520464,-111.020833333333,33.5208333333333
0.999999645310844,-110.979166666667,33.5208333333333
0.999998591213349,-110.9375,33.5208333333333
0.999999807340898,-110.895833333333,33.5208333333333
0.999999799607713,-110.854166666667,33.5208333333333
0.999997775293429,-110.8125,33.5208333333333
0.999994850371904,-110.770833333333,33.5208333333333
0.999987403234392,-110.729166666667,33.5208333333333
0.999366654695348,-110.6875,33.5208333333333
0.997888842210777,-110.645833333333,33.5208333333333
0.998127245430499,-110.604166666667,33.5208333333333
0.998543340095432,-110.5625,33.5208333333333
0.998021384247311,-110.520833333333,33.5208333333333
0.99552410907879,-110.479166666667,33.5208333333333
0.996394066633975,-110.4375,33.5208333333333
0.997710795753262,-110.395833333333,33.5208333333333
0.997545275502897,-110.354166666667,33.5208333333333
0.994165615093267,-110.3125,33.5208333333333
0.984239306568247,-110.270833333333,33.5208333333333
0.968268129431875,-110.229166666667,33.5208333333333
0.928119568528079,-110.1875,33.5208333333333
0.851879424817535,-110.145833333333,33.5208333333333
0.762906593107084,-110.104166666667,33.5208333333333
0.671377439863061,-110.0625,33.5208333333333
0.54843805984623,-110.020833333333,33.5208333333333
0.509424252587369,-117.5625,33.4791666666667
0.650865832092138,-117.520833333333,33.4791666666667
0.882274314468204,-117.479166666667,33.4791666666667
0.989166995024079,-117.4375,33.4791666666667
0.997661540272131,-117.395833333333,33.4791666666667
0.962213848490415,-117.354166666667,33.4791666666667
0.860204500755635,-117.3125,33.4791666666667
0.926165488474068,-117.270833333333,33.4791666666667
0.975687874584754,-117.229166666667,33.4791666666667
0.982166946977745,-117.1875,33.4791666666667
0.904704078885123,-117.145833333333,33.4791666666667
0.760639398092248,-117.104166666667,33.4791666666667
0.743851665367553,-117.0625,33.4791666666667
0.863239194274301,-117.020833333333,33.4791666666667
0.851044602112369,-116.979166666667,33.4791666666667
0.675725662423774,-116.9375,33.4791666666667
0.538385862279442,-116.895833333333,33.4791666666667
0.555951682733626,-116.854166666667,33.4791666666667
0.626684817341095,-116.8125,33.4791666666667
0.697590572693715,-116.770833333333,33.4791666666667
0.733228065042291,-116.729166666667,33.4791666666667
0.71689856898685,-116.6875,33.4791666666667
0.671918973078696,-116.645833333333,33.4791666666667
0.63846611454977,-116.604166666667,33.4791666666667
0.521014773739493,-116.5625,33.4791666666667
0.678533740666449,-116.479166666667,33.4791666666667
0.671428137818783,-116.4375,33.4791666666667
0.640186984037044,-116.395833333333,33.4791666666667
0.672686043028166,-116.354166666667,33.4791666666667
0.703722745304279,-116.3125,33.4791666666667
0.615675454564763,-116.270833333333,33.4791666666667
0.965377352854879,-115.729166666667,33.4791666666667
0.966473695247974,-115.6875,33.4791666666667
0.93861328069114,-115.645833333333,33.4791666666667
0.918996662189144,-115.604166666667,33.4791666666667
0.937815068400473,-115.5625,33.4791666666667
0.943737232932868,-115.520833333333,33.4791666666667
0.946203200064531,-115.479166666667,33.4791666666667
0.950137010088327,-115.4375,33.4791666666667
0.950489760225013,-115.395833333333,33.4791666666667
0.977345981236667,-115.3125,33.4791666666667
0.990311198458597,-115.270833333333,33.4791666666667
0.999864669865892,-115.229166666667,33.4791666666667
0.99999499584756,-115.1875,33.4791666666667
0.999971112577242,-115.145833333333,33.4791666666667
0.999975193218232,-115.104166666667,33.4791666666667
0.999970019295197,-115.0625,33.4791666666667
0.99994873823261,-115.020833333333,33.4791666666667
0.999858892231221,-114.979166666667,33.4791666666667
0.999963527095476,-114.9375,33.4791666666667
0.999938974600557,-114.895833333333,33.4791666666667
0.999972762625212,-114.854166666667,33.4791666666667
0.999882909008463,-114.8125,33.4791666666667
0.999572640192329,-114.770833333333,33.4791666666667
0.993726486217124,-114.729166666667,33.4791666666667
0.993264270422866,-114.6875,33.4791666666667
0.992378794179988,-114.645833333333,33.4791666666667
0.993310660035147,-114.604166666667,33.4791666666667
0.995819439570076,-114.5625,33.4791666666667
0.997474967721883,-114.520833333333,33.4791666666667
0.998812164652826,-114.479166666667,33.4791666666667
0.99973863365896,-114.4375,33.4791666666667
0.999726380084742,-114.395833333333,33.4791666666667
0.999145242047365,-114.354166666667,33.4791666666667
0.995839443240599,-114.3125,33.4791666666667
0.987250774525769,-114.270833333333,33.4791666666667
0.972949172253254,-114.229166666667,33.4791666666667
0.974891037210589,-114.1875,33.4791666666667
0.993835879728095,-114.145833333333,33.4791666666667
0.998889404238899,-114.104166666667,33.4791666666667
0.997749712106923,-114.0625,33.4791666666667
0.999714267540483,-114.020833333333,33.4791666666667
0.999836378806786,-113.979166666667,33.4791666666667
0.999913119538597,-113.9375,33.4791666666667
0.999938302749355,-113.895833333333,33.4791666666667
0.99972554890414,-113.854166666667,33.4791666666667
0.996402065739314,-113.8125,33.4791666666667
0.988883479111459,-113.770833333333,33.4791666666667
0.986882956748426,-113.729166666667,33.4791666666667
0.986942681840127,-113.6875,33.4791666666667
0.985740037084973,-113.645833333333,33.4791666666667
0.984404645878804,-113.604166666667,33.4791666666667
0.98677531828662,-113.5625,33.4791666666667
0.987241033508182,-113.520833333333,33.4791666666667
0.993254139735367,-113.479166666667,33.4791666666667
0.998748481725543,-113.4375,33.4791666666667
0.998951628797545,-113.395833333333,33.4791666666667
0.990013178613369,-113.354166666667,33.4791666666667
0.968471591659244,-113.3125,33.4791666666667
0.953180758195707,-113.270833333333,33.4791666666667
0.955966301879461,-113.229166666667,33.4791666666667
0.95776360279158,-113.1875,33.4791666666667
0.952393193405204,-113.145833333333,33.4791666666667
0.955186197580206,-113.104166666667,33.4791666666667
0.980490047509091,-113.0625,33.4791666666667
0.992733134030492,-113.020833333333,33.4791666666667
0.996454543340277,-112.979166666667,33.4791666666667
0.998480719105717,-112.9375,33.4791666666667
0.998971925308892,-112.895833333333,33.4791666666667
0.998984583040577,-112.854166666667,33.4791666666667
0.999024800173744,-112.8125,33.4791666666667
0.999114216186869,-112.770833333333,33.4791666666667
0.999140958705143,-112.729166666667,33.4791666666667
0.999083349538349,-112.6875,33.4791666666667
0.999357536921304,-112.645833333333,33.4791666666667
0.999921515679773,-112.604166666667,33.4791666666667
0.999998471846763,-112.5625,33.4791666666667
0.999968285398613,-112.520833333333,33.4791666666667
0.999712609287958,-112.479166666667,33.4791666666667
0.999613891240938,-112.4375,33.4791666666667
0.999591109497947,-112.395833333333,33.4791666666667
0.551935752448047,-112.354166666667,33.4791666666667
0.567650414186828,-112.3125,33.4791666666667
0.602922427261299,-112.270833333333,33.4791666666667
0.636679233613164,-112.229166666667,33.4791666666667
0.673018042926116,-112.1875,33.4791666666667
0.999979306483793,-112.145833333333,33.4791666666667
0.999966880475937,-112.104166666667,33.4791666666667
0.999964727636038,-112.0625,33.4791666666667
0.999991388775637,-112.020833333333,33.4791666666667
0.77515619195856,-111.979166666667,33.4791666666667
0.800012821232685,-111.9375,33.4791666666667
0.77675517341554,-111.895833333333,33.4791666666667
0.75491665507559,-111.854166666667,33.4791666666667
0.72758839910424,-111.8125,33.4791666666667
0.764821162021025,-111.770833333333,33.4791666666667
0.836018497501589,-111.729166666667,33.4791666666667
0.932939706531225,-111.6875,33.4791666666667
0.9964885731716,-111.645833333333,33.4791666666667
0.999903332512784,-111.604166666667,33.4791666666667
0.999977537473038,-111.5625,33.4791666666667
0.999980790345795,-111.520833333333,33.4791666666667
0.999970335467117,-111.479166666667,33.4791666666667
0.999997848126164,-111.4375,33.4791666666667
0.999999096319907,-111.395833333333,33.4791666666667
0.99999840782407,-111.354166666667,33.4791666666667
0.999976413312032,-111.3125,33.4791666666667
0.999790519312707,-111.270833333333,33.4791666666667
0.999603850631423,-111.229166666667,33.4791666666667
1,-111.1875,33.4791666666667
1,-111.145833333333,33.4791666666667
1,-111.104166666667,33.4791666666667
0.999999999929466,-111.0625,33.4791666666667
0.999999997161236,-111.020833333333,33.4791666666667
0.999999995411132,-110.979166666667,33.4791666666667
0.999999074261891,-110.9375,33.4791666666667
0.999999066963161,-110.895833333333,33.4791666666667
0.999999866077078,-110.854166666667,33.4791666666667
0.999996375103243,-110.8125,33.4791666666667
0.999928871796873,-110.770833333333,33.4791666666667
0.999712256176433,-110.729166666667,33.4791666666667
0.999165028787052,-110.6875,33.4791666666667
0.999069714726661,-110.645833333333,33.4791666666667
0.999006897328528,-110.604166666667,33.4791666666667
0.998074130386144,-110.5625,33.4791666666667
0.996814647772978,-110.520833333333,33.4791666666667
0.995392684550612,-110.479166666667,33.4791666666667
0.99762044568598,-110.4375,33.4791666666667
0.999156578263187,-110.395833333333,33.4791666666667
0.998910171071991,-110.354166666667,33.4791666666667
0.994813506199747,-110.3125,33.4791666666667
0.978425756650182,-110.270833333333,33.4791666666667
0.96839677151941,-110.229166666667,33.4791666666667
0.950704224632486,-110.1875,33.4791666666667
0.900574248965722,-110.145833333333,33.4791666666667
0.802538094160581,-110.104166666667,33.4791666666667
0.722426907011771,-110.0625,33.4791666666667
0.636557441203747,-110.020833333333,33.4791666666667
0.743596492246302,-117.479166666667,33.4375
0.981726398111256,-117.4375,33.4375
0.998780548902037,-117.395833333333,33.4375
0.91197376779284,-117.354166666667,33.4375
0.725898566217289,-117.3125,33.4375
0.887194980931657,-117.270833333333,33.4375
0.932166725525359,-117.229166666667,33.4375
0.945856481988666,-117.1875,33.4375
0.965146986061173,-117.145833333333,33.4375
0.918063499988194,-117.104166666667,33.4375
0.912516349600586,-117.0625,33.4375
0.996133900809895,-117.020833333333,33.4375
0.978933266668147,-116.979166666667,33.4375
0.7713345816971,-116.9375,33.4375
0.580021302888753,-116.895833333333,33.4375
0.561427168885142,-116.854166666667,33.4375
0.618096983300399,-116.8125,33.4375
0.702853112235386,-116.770833333333,33.4375
0.799919839859513,-116.729166666667,33.4375
0.871036496988595,-116.6875,33.4375
0.902823412301881,-116.645833333333,33.4375
0.847888773064908,-116.604166666667,33.4375
0.602963886274371,-116.5625,33.4375
0.520298396412515,-116.354166666667,33.4375
0.618297901486337,-116.3125,33.4375
0.675068869618106,-116.270833333333,33.4375
0.661601851574423,-116.229166666667,33.4375
0.955341851222801,-115.6875,33.4375
0.955040644117123,-115.645833333333,33.4375
0.960935224324394,-115.604166666667,33.4375
0.978254724738701,-115.5625,33.4375
0.980452657413846,-115.520833333333,33.4375
0.982645672005755,-115.479166666667,33.4375
0.984940017230718,-115.4375,33.4375
0.988087585703168,-115.395833333333,33.4375
0.991257165820993,-115.354166666667,33.4375
0.995793853644741,-115.3125,33.4375
0.998416793569492,-115.270833333333,33.4375
0.999987767966029,-115.229166666667,33.4375
0.999999178864336,-115.1875,33.4375
0.999999925996,-115.145833333333,33.4375
0.999991369819054,-115.104166666667,33.4375
0.999980989620708,-115.0625,33.4375
0.999936663545674,-115.020833333333,33.4375
0.999787731585316,-114.979166666667,33.4375
0.999984053284009,-114.9375,33.4375
0.999983172790997,-114.895833333333,33.4375
0.999150536805235,-114.854166666667,33.4375
0.9967620138168,-114.8125,33.4375
0.993894629453943,-114.770833333333,33.4375
0.993108646991293,-114.729166666667,33.4375
0.993314686389299,-114.6875,33.4375
0.992992264329069,-114.645833333333,33.4375
0.994175968789479,-114.604166666667,33.4375
0.996857386049824,-114.5625,33.4375
0.998288723876302,-114.520833333333,33.4375
0.998843338926047,-114.479166666667,33.4375
0.999427934489208,-114.4375,33.4375
0.999417737305033,-114.395833333333,33.4375
0.998932979031673,-114.354166666667,33.4375
0.994697786490474,-114.3125,33.4375
0.983246799033196,-114.270833333333,33.4375
0.976958164104353,-114.229166666667,33.4375
0.984527179874477,-114.1875,33.4375
0.997254271425466,-114.145833333333,33.4375
0.9999870877823,-114.104166666667,33.4375
0.999993950891305,-114.0625,33.4375
0.999988015385165,-114.020833333333,33.4375
0.999992207828814,-113.979166666667,33.4375
0.999998180841635,-113.9375,33.4375
0.999998167149942,-113.895833333333,33.4375
0.99998414730377,-113.854166666667,33.4375
0.999503108539689,-113.8125,33.4375
0.997104161676356,-113.770833333333,33.4375
0.995935045872955,-113.729166666667,33.4375
0.994257669020151,-113.6875,33.4375
0.99199202901182,-113.645833333333,33.4375
0.990717104472896,-113.604166666667,33.4375
0.98872613404959,-113.5625,33.4375
0.98659577302477,-113.520833333333,33.4375
0.98892451234951,-113.479166666667,33.4375
0.995272968168842,-113.4375,33.4375
0.998291145267703,-113.395833333333,33.4375
0.998176784150649,-113.354166666667,33.4375
0.9913557497508,-113.3125,33.4375
0.970528717099267,-113.270833333333,33.4375
0.967744805176008,-113.229166666667,33.4375
0.969317299591583,-113.1875,33.4375
0.962790986497912,-113.145833333333,33.4375
0.962222219546834,-113.104166666667,33.4375
0.989264672205474,-113.0625,33.4375
0.995933185317771,-113.020833333333,33.4375
0.997100908958171,-112.979166666667,33.4375
0.998894983909437,-112.9375,33.4375
0.999384081223777,-112.895833333333,33.4375
0.999370880475838,-112.854166666667,33.4375
0.999347325747372,-112.8125,33.4375
0.999255256622512,-112.770833333333,33.4375
0.999170802762937,-112.729166666667,33.4375
0.998868027175478,-112.6875,33.4375
0.998713666264053,-112.645833333333,33.4375
0.99915406901468,-112.604166666667,33.4375
0.999545402352555,-112.5625,33.4375
0.999380545658208,-112.520833333333,33.4375
0.999054013851949,-112.479166666667,33.4375
0.998749510259469,-112.4375,33.4375
0.998150157274373,-112.395833333333,33.4375
0.997458603212402,-112.354166666667,33.4375
0.999010706296684,-112.3125,33.4375
0.583272935263865,-112.270833333333,33.4375
0.614269815862051,-112.229166666667,33.4375
0.642682742571774,-112.1875,33.4375
0.645171543001733,-112.145833333333,33.4375
0.639870710912042,-112.104166666667,33.4375
0.999937844554956,-112.0625,33.4375
0.999936720077306,-112.020833333333,33.4375
0.999962421174652,-111.979166666667,33.4375
0.687285245643664,-111.9375,33.4375
0.705083091884617,-111.895833333333,33.4375
0.706581285729919,-111.854166666667,33.4375
0.680386227928713,-111.8125,33.4375
0.730894298211249,-111.770833333333,33.4375
0.818033195943747,-111.729166666667,33.4375
0.89525336863329,-111.6875,33.4375
0.963986838275794,-111.645833333333,33.4375
0.991700361678848,-111.604166666667,33.4375
0.997822292675442,-111.5625,33.4375
0.999032315649071,-111.520833333333,33.4375
0.999939764015486,-111.479166666667,33.4375
0.999999984235141,-111.4375,33.4375
0.999999988316903,-111.395833333333,33.4375
0.999999642930516,-111.354166666667,33.4375
0.999986461451428,-111.3125,33.4375
0.9998816445982,-111.270833333333,33.4375
0.99975746503194,-111.229166666667,33.4375
1,-111.1875,33.4375
1,-111.145833333333,33.4375
1,-111.104166666667,33.4375
1,-111.0625,33.4375
0.999999999999999,-111.020833333333,33.4375
0.999999999999975,-110.979166666667,33.4375
0.999999999682825,-110.9375,33.4375
0.999999907451616,-110.895833333333,33.4375
0.999999655738184,-110.854166666667,33.4375
0.999970602459551,-110.8125,33.4375
0.999342924486465,-110.770833333333,33.4375
0.998970824377405,-110.729166666667,33.4375
0.99917535862062,-110.6875,33.4375
0.999720527823629,-110.645833333333,33.4375
0.999672114940865,-110.604166666667,33.4375
0.998876323842948,-110.5625,33.4375
0.996021655706429,-110.520833333333,33.4375
0.992491982021609,-110.479166666667,33.4375
0.996497402696292,-110.4375,33.4375
0.998979939798644,-110.395833333333,33.4375
0.998263776665325,-110.354166666667,33.4375
0.991309179938868,-110.3125,33.4375
0.968133004407343,-110.270833333333,33.4375
0.961796587990885,-110.229166666667,33.4375
0.969137975355813,-110.1875,33.4375
0.957961912318071,-110.145833333333,33.4375
0.910361062070382,-110.104166666667,33.4375
0.836336222650847,-110.0625,33.4375
0.73586010698533,-110.020833333333,33.4375
0.588863559083549,-109.979166666667,33.4375
0.597827288966368,-117.479166666667,33.3958333333333
0.842021868949918,-117.4375,33.3958333333333
0.909629368172159,-117.395833333333,33.3958333333333
0.758182292860236,-117.354166666667,33.3958333333333
0.62746617108773,-117.3125,33.3958333333333
0.740730318963745,-117.270833333333,33.3958333333333
0.804656918150539,-117.229166666667,33.3958333333333
0.8430578627169,-117.1875,33.3958333333333
0.886850625304567,-117.145833333333,33.3958333333333
0.896096579757608,-117.104166666667,33.3958333333333
0.909713089675227,-117.0625,33.3958333333333
0.994978791276971,-117.020833333333,33.3958333333333
0.999585794171262,-116.979166666667,33.3958333333333
0.973378536127776,-116.9375,33.3958333333333
0.948300967923387,-116.895833333333,33.3958333333333
0.979180241634719,-116.854166666667,33.3958333333333
0.901594377158084,-116.8125,33.3958333333333
0.702394774800662,-116.770833333333,33.3958333333333
0.777619923163303,-116.729166666667,33.3958333333333
0.916477887386288,-116.6875,33.3958333333333
0.966964510169432,-116.645833333333,33.3958333333333
0.961471772523881,-116.604166666667,33.3958333333333
0.793235386135452,-116.5625,33.3958333333333
0.513427814819172,-116.520833333333,33.3958333333333
0.620650974595775,-116.229166666667,33.3958333333333
0.597770791752022,-116.1875,33.3958333333333
0.937600985316303,-115.729166666667,33.3958333333333
0.941146214686865,-115.6875,33.3958333333333
0.957632820493288,-115.645833333333,33.3958333333333
0.978757146015763,-115.604166666667,33.3958333333333
0.990311273941194,-115.5625,33.3958333333333
0.995794670171416,-115.520833333333,33.3958333333333
0.997472325705556,-115.479166666667,33.3958333333333
0.998001258070329,-115.4375,33.3958333333333
0.998978387928845,-115.395833333333,33.3958333333333
0.998985978188018,-115.354166666667,33.3958333333333
0.999522253733102,-115.3125,33.3958333333333
0.999753533216527,-115.270833333333,33.3958333333333
0.999879815629715,-115.229166666667,33.3958333333333
0.99995471082222,-115.1875,33.3958333333333
0.999974140093653,-115.145833333333,33.3958333333333
0.999971125149106,-115.104166666667,33.3958333333333
0.9999650054715,-115.0625,33.3958333333333
0.999905853883105,-115.020833333333,33.3958333333333
0.999723880890632,-114.979166666667,33.3958333333333
0.999688940341912,-114.9375,33.3958333333333
0.999837014558837,-114.895833333333,33.3958333333333
0.999798890780535,-114.854166666667,33.3958333333333
0.999024674655822,-114.8125,33.3958333333333
0.996028849205969,-114.770833333333,33.3958333333333
0.993397914239759,-114.729166666667,33.3958333333333
0.993862801547966,-114.6875,33.3958333333333
0.994102904964558,-114.645833333333,33.3958333333333
0.99576091464561,-114.604166666667,33.3958333333333
0.998143155976798,-114.5625,33.3958333333333
0.999375566557615,-114.520833333333,33.3958333333333
0.99943282272136,-114.479166666667,33.3958333333333
0.999144332357395,-114.4375,33.3958333333333
0.998083243023248,-114.395833333333,33.3958333333333
0.998014994890735,-114.354166666667,33.3958333333333
0.995194591480905,-114.3125,33.3958333333333
0.985746315440942,-114.270833333333,33.3958333333333
0.983526381686178,-114.229166666667,33.3958333333333
0.991667747779151,-114.1875,33.3958333333333
0.999978329724628,-114.145833333333,33.3958333333333
0.999999321609352,-114.104166666667,33.3958333333333
0.9999998154272,-114.0625,33.3958333333333
0.999999785397811,-114.020833333333,33.3958333333333
0.999999912382449,-113.979166666667,33.3958333333333
0.999999985728054,-113.9375,33.3958333333333
0.999999983601828,-113.895833333333,33.3958333333333
0.99999981778004,-113.854166666667,33.3958333333333
0.999988150414895,-113.8125,33.3958333333333
0.99994430913291,-113.770833333333,33.3958333333333
0.999869681552191,-113.729166666667,33.3958333333333
0.999263680681574,-113.6875,33.3958333333333
0.998961002183239,-113.645833333333,33.3958333333333
0.999007245450343,-113.604166666667,33.3958333333333
0.996748045053339,-113.5625,33.3958333333333
0.990336467995661,-113.520833333333,33.3958333333333
0.98673838908741,-113.479166666667,33.3958333333333
0.984841635006359,-113.4375,33.3958333333333
0.987049690667038,-113.395833333333,33.3958333333333
0.994129619070379,-113.354166666667,33.3958333333333
0.995635192454959,-113.3125,33.3958333333333
0.982864442167051,-113.270833333333,33.3958333333333
0.979031943755192,-113.229166666667,33.3958333333333
0.982381140717067,-113.1875,33.3958333333333
0.979760474604761,-113.145833333333,33.3958333333333
0.981535098627502,-113.104166666667,33.3958333333333
0.992562369979121,-113.0625,33.3958333333333
0.996364639299806,-113.020833333333,33.3958333333333
0.997920722701109,-112.979166666667,33.3958333333333
0.998983710310352,-112.9375,33.3958333333333
0.999434637633487,-112.895833333333,33.3958333333333
0.999519701928698,-112.854166666667,33.3958333333333
0.999570348900324,-112.8125,33.3958333333333
0.999492681913069,-112.770833333333,33.3958333333333
0.999287194843904,-112.729166666667,33.3958333333333
0.998663939302132,-112.6875,33.3958333333333
0.997994341237661,-112.645833333333,33.3958333333333
0.9979848511021,-112.604166666667,33.3958333333333
0.99814463628017,-112.5625,33.3958333333333
0.997851193379801,-112.520833333333,33.3958333333333
0.997618714518303,-112.479166666667,33.3958333333333
0.99764364979304,-112.4375,33.3958333333333
0.997142064915422,-112.395833333333,33.3958333333333
0.995534679895988,-112.354166666667,33.3958333333333
0.997952558802594,-112.3125,33.3958333333333
0.999598244864641,-112.270833333333,33.3958333333333
0.58029204080512,-112.229166666667,33.3958333333333
0.607412707983912,-112.1875,33.3958333333333
0.999919407823213,-112.145833333333,33.3958333333333
0.999948288482246,-112.104166666667,33.3958333333333
0.999959601408237,-112.0625,33.3958333333333
0.999948400167098,-112.020833333333,33.3958333333333
0.999910597892175,-111.979166666667,33.3958333333333
0.627778213994073,-111.9375,33.3958333333333
0.658077320900622,-111.895833333333,33.3958333333333
0.660131649303048,-111.854166666667,33.3958333333333
0.625537587031895,-111.8125,33.3958333333333
0.661346281520204,-111.770833333333,33.3958333333333
0.739439008445143,-111.729166666667,33.3958333333333
0.803600298255032,-111.6875,33.3958333333333
0.881757409795145,-111.645833333333,33.3958333333333
0.940991938806641,-111.604166666667,33.3958333333333
0.975936738115537,-111.5625,33.3958333333333
0.989561411688162,-111.520833333333,33.3958333333333
0.998146047047614,-111.479166666667,33.3958333333333
0.999963552847832,-111.4375,33.3958333333333
0.999998338852502,-111.395833333333,33.3958333333333
0.999996094965986,-111.354166666667,33.3958333333333
0.99999032715568,-111.3125,33.3958333333333
0.999942159935886,-111.270833333333,33.3958333333333
0.999845440139781,-111.229166666667,33.3958333333333
1,-111.1875,33.3958333333333
1,-111.145833333333,33.3958333333333
1,-111.104166666667,33.3958333333333
0.999931008309392,-111.0625,33.3958333333333
0.998768453995102,-111.020833333333,33.3958333333333
0.996140101767892,-110.979166666667,33.3958333333333
1,-110.9375,33.3958333333333
0.999999998039036,-110.895833333333,33.3958333333333
0.999999439385218,-110.854166666667,33.3958333333333
0.999940784712981,-110.8125,33.3958333333333
0.999131534407227,-110.770833333333,33.3958333333333
0.998732707221732,-110.729166666667,33.3958333333333
0.999092444112475,-110.6875,33.3958333333333
0.999656400033737,-110.645833333333,33.3958333333333
0.999753482610078,-110.604166666667,33.3958333333333
0.999113925838725,-110.5625,33.3958333333333
0.995734607206105,-110.520833333333,33.3958333333333
0.989886600841835,-110.479166666667,33.3958333333333
0.992954281209184,-110.4375,33.3958333333333
0.997556922996308,-110.395833333333,33.3958333333333
0.997068749105664,-110.354166666667,33.3958333333333
0.990731843960015,-110.3125,33.3958333333333
0.982518537769669,-110.270833333333,33.3958333333333
0.979557995807722,-110.229166666667,33.3958333333333
0.979136773622284,-110.1875,33.3958333333333
0.963963233731388,-110.145833333333,33.3958333333333
0.942633967499734,-110.104166666667,33.3958333333333
0.905291421693428,-110.0625,33.3958333333333
0.780614762499528,-110.020833333333,33.3958333333333
0.610411192082122,-109.979166666667,33.3958333333333
0.526807210340677,-109.9375,33.3958333333333
0.521167100632612,-117.479166666667,33.3541666666667
0.543360560913078,-117.4375,33.3541666666667
0.503011382742406,-117.395833333333,33.3541666666667
0.652892843791404,-117.270833333333,33.3541666666667
0.717778999089838,-117.229166666667,33.3541666666667
0.684928101747235,-117.1875,33.3541666666667
0.69371689450655,-117.145833333333,33.3541666666667
0.688209441478166,-117.104166666667,33.3541666666667
0.690231196449916,-117.0625,33.3541666666667
0.815067346954856,-117.020833333333,33.3541666666667
0.964959821009988,-116.979166666667,33.3541666666667
0.998893727574787,-116.9375,33.3541666666667
0.999999147973797,-116.895833333333,33.3541666666667
0.999999999996031,-116.854166666667,33.3541666666667
0.999999520646869,-116.8125,33.3541666666667
0.962220956228539,-116.770833333333,33.3541666666667
0.84300523619021,-116.729166666667,33.3541666666667
0.88724480972012,-116.6875,33.3541666666667
0.955059536595027,-116.645833333333,33.3541666666667
0.97192264887296,-116.604166666667,33.3541666666667
0.906066898796824,-116.5625,33.3541666666667
0.728081293171754,-116.520833333333,33.3541666666667
0.617499393291278,-116.1875,33.3541666666667
0.558607908081291,-116.145833333333,33.3541666666667
0.930327438820464,-115.729166666667,33.3541666666667
0.935577313701824,-115.6875,33.3541666666667
0.944008366001561,-115.645833333333,33.3541666666667
0.958011177424254,-115.604166666667,33.3541666666667
0.97799834862161,-115.5625,33.3541666666667
0.992201173199738,-115.520833333333,33.3541666666667
0.996846025450373,-115.479166666667,33.3541666666667
0.998932663609354,-115.4375,33.3541666666667
0.999773457310169,-115.395833333333,33.3541666666667
0.999909900380937,-115.354166666667,33.3541666666667
0.999949682628154,-115.3125,33.3541666666667
0.999980313790397,-115.270833333333,33.3541666666667
0.999987129318303,-115.229166666667,33.3541666666667
0.99996554898258,-115.1875,33.3541666666667
0.999888886967109,-115.145833333333,33.3541666666667
0.999831515993652,-115.104166666667,33.3541666666667
0.999811319619471,-115.0625,33.3541666666667
0.999711978782307,-115.020833333333,33.3541666666667
0.999521589200807,-114.979166666667,33.3541666666667
0.99947173251096,-114.9375,33.3541666666667
0.99973761628578,-114.895833333333,33.3541666666667
0.999930856920155,-114.854166666667,33.3541666666667
0.999891839952799,-114.8125,33.3541666666667
0.999058952062596,-114.770833333333,33.3541666666667
0.994990031731061,-114.729166666667,33.3541666666667
0.993711399364542,-114.6875,33.3541666666667
0.995497052831391,-114.645833333333,33.3541666666667
0.998340869060505,-114.604166666667,33.3541666666667
0.99961738198183,-114.5625,33.3541666666667
0.999858805039577,-114.520833333333,33.3541666666667
0.999738392310691,-114.479166666667,33.3541666666667
0.999044050756211,-114.4375,33.3541666666667
0.996425709010339,-114.395833333333,33.3541666666667
0.995853102756841,-114.354166666667,33.3541666666667
0.995172993906481,-114.3125,33.3541666666667
0.990618915581312,-114.270833333333,33.3541666666667
0.989482417169248,-114.229166666667,33.3541666666667
0.995871990984835,-114.1875,33.3541666666667
0.999995281805449,-114.145833333333,33.3541666666667
0.999999957616498,-114.104166666667,33.3541666666667
0.99999998542534,-114.0625,33.3541666666667
0.999999992524419,-114.020833333333,33.3541666666667
0.999999998704701,-113.979166666667,33.3541666666667
0.999999999799633,-113.9375,33.3541666666667
0.999999999611219,-113.895833333333,33.3541666666667
0.999999986198303,-113.854166666667,33.3541666666667
0.999997994806174,-113.8125,33.3541666666667
0.999968772986987,-113.770833333333,33.3541666666667
0.999885887417311,-113.729166666667,33.3541666666667
0.999715035307091,-113.6875,33.3541666666667
0.99994815460211,-113.645833333333,33.3541666666667
0.99994436359019,-113.604166666667,33.3541666666667
0.998669774063718,-113.5625,33.3541666666667
0.991435626454174,-113.520833333333,33.3541666666667
0.985577429997847,-113.479166666667,33.3541666666667
0.979549375239691,-113.4375,33.3541666666667
0.974991158192301,-113.395833333333,33.3541666666667
0.979578645360637,-113.354166666667,33.3541666666667
0.986122901712461,-113.3125,33.3541666666667
0.986569406383704,-113.270833333333,33.3541666666667
0.986495694631851,-113.229166666667,33.3541666666667
0.989752851043961,-113.1875,33.3541666666667
0.990640149214782,-113.145833333333,33.3541666666667
0.99193363645926,-113.104166666667,33.3541666666667
0.994627919237465,-113.0625,33.3541666666667
0.996810121541866,-113.020833333333,33.3541666666667
0.998177160659554,-112.979166666667,33.3541666666667
0.999087946343425,-112.9375,33.3541666666667
0.999417183709794,-112.895833333333,33.3541666666667
0.99958964232903,-112.854166666667,33.3541666666667
0.999674305850333,-112.8125,33.3541666666667
0.999589466961628,-112.770833333333,33.3541666666667
0.999239492087892,-112.729166666667,33.3541666666667
0.998388853141769,-112.6875,33.3541666666667
0.99762597740693,-112.645833333333,33.3541666666667
0.99721591851662,-112.604166666667,33.3541666666667
0.997391380582076,-112.5625,33.3541666666667
0.997060542917526,-112.520833333333,33.3541666666667
0.99752266286934,-112.479166666667,33.3541666666667
0.999009814306417,-112.4375,33.3541666666667
0.999808040229988,-112.395833333333,33.3541666666667
0.999952568555776,-112.354166666667,33.3541666666667
0.999945430645723,-112.3125,33.3541666666667
0.999702459602738,-112.270833333333,33.3541666666667
0.999637911421617,-112.229166666667,33.3541666666667
0.999663947530277,-112.1875,33.3541666666667
0.999893968760584,-112.145833333333,33.3541666666667
0.999986118820836,-112.104166666667,33.3541666666667
0.999996464097258,-112.0625,33.3541666666667
0.72394736385913,-112.020833333333,33.3541666666667
0.640016845714451,-111.979166666667,33.3541666666667
0.608609670010029,-111.9375,33.3541666666667
0.62964493555296,-111.895833333333,33.3541666666667
0.637105136096703,-111.854166666667,33.3541666666667
0.616085813130518,-111.8125,33.3541666666667
0.635682923229593,-111.770833333333,33.3541666666667
0.674498095499802,-111.729166666667,33.3541666666667
0.712196519376644,-111.6875,33.3541666666667
0.79167774933857,-111.645833333333,33.3541666666667
0.869659067555562,-111.604166666667,33.3541666666667
0.928757087135492,-111.5625,33.3541666666667
0.967475207486567,-111.520833333333,33.3541666666667
0.988397361406067,-111.479166666667,33.3541666666667
0.998943273133377,-111.4375,33.3541666666667
0.99981990339741,-111.395833333333,33.3541666666667
0.999822587435864,-111.354166666667,33.3541666666667
0.999949309144711,-111.3125,33.3541666666667
0.999953317940346,-111.270833333333,33.3541666666667
0.999912810636064,-111.229166666667,33.3541666666667
0.999846743597019,-111.1875,33.3541666666667
1,-111.145833333333,33.3541666666667
1,-111.104166666667,33.3541666666667
0.999999377526887,-111.0625,33.3541666666667
0.99998419736947,-111.020833333333,33.3541666666667
0.99986943439645,-110.979166666667,33.3541666666667
0.998941295149242,-110.9375,33.3541666666667
0.999999999999997,-110.895833333333,33.3541666666667
0.999999961271823,-110.854166666667,33.3541666666667
0.999961661973277,-110.8125,33.3541666666667
0.999642899323685,-110.770833333333,33.3541666666667
0.999510309052655,-110.729166666667,33.3541666666667
0.999630592620894,-110.6875,33.3541666666667
0.999835119245192,-110.645833333333,33.3541666666667
0.999857656690308,-110.604166666667,33.3541666666667
0.999469764649919,-110.5625,33.3541666666667
0.997504023185811,-110.520833333333,33.3541666666667
0.993631263037455,-110.479166666667,33.3541666666667
0.994150373750758,-110.4375,33.3541666666667
0.99813888067318,-110.395833333333,33.3541666666667
0.998275555824848,-110.354166666667,33.3541666666667
0.996912512972355,-110.3125,33.3541666666667
0.994940580226409,-110.270833333333,33.3541666666667
0.990833834767228,-110.229166666667,33.3541666666667
0.976732192899725,-110.1875,33.3541666666667
0.941721052865864,-110.145833333333,33.3541666666667
0.921441362234426,-110.104166666667,33.3541666666667
0.91398446499406,-110.0625,33.3541666666667
0.833329920877411,-110.020833333333,33.3541666666667
0.643086821531782,-109.979166666667,33.3541666666667
0.54494868601653,-109.9375,33.3541666666667
0.578408623300916,-109.895833333333,33.3541666666667
0.588309096518762,-109.854166666667,33.3541666666667
0.591167140586139,-117.145833333333,33.3125
0.653423773496731,-117.104166666667,33.3125
0.714316521763054,-117.0625,33.3125
0.714376172890925,-117.020833333333,33.3125
0.734997749257293,-116.979166666667,33.3125
0.949793229021438,-116.9375,33.3125
0.999983263555567,-116.895833333333,33.3125
0.999999999983417,-116.854166666667,33.3125
0.99999998393461,-116.8125,33.3125
0.996491402834749,-116.770833333333,33.3125
0.904991971744354,-116.729166666667,33.3125
0.789513600582853,-116.6875,33.3125
0.871399359939069,-116.645833333333,33.3125
0.977530415090507,-116.604166666667,33.3125
0.980279955912967,-116.5625,33.3125
0.876313836771731,-116.520833333333,33.3125
0.755381276296806,-116.479166666667,33.3125
0.500897190217235,-116.145833333333,33.3125
0.936532217261249,-115.645833333333,33.3125
0.940118574773074,-115.604166666667,33.3125
0.94896816902273,-115.5625,33.3125
0.96791385632232,-115.520833333333,33.3125
0.983561455277601,-115.479166666667,33.3125
0.993985590908988,-115.4375,33.3125
0.999141754385409,-115.395833333333,33.3125
0.999939564648523,-115.354166666667,33.3125
0.999990323021482,-115.3125,33.3125
0.999997291387268,-115.270833333333,33.3125
0.999999003615421,-115.229166666667,33.3125
0.999991048952226,-115.1875,33.3125
0.999916386900446,-115.145833333333,33.3125
0.999775505723277,-115.104166666667,33.3125
0.999617509174219,-115.0625,33.3125
0.999552450142893,-115.020833333333,33.3125
0.999555618416671,-114.979166666667,33.3125
0.999412036868595,-114.9375,33.3125
0.999336120733612,-114.895833333333,33.3125
0.999559972596307,-114.854166666667,33.3125
0.999801241555594,-114.8125,33.3125
0.999460598691596,-114.770833333333,33.3125
0.995288801989088,-114.729166666667,33.3125
0.993464717519062,-114.6875,33.3125
0.99634904598503,-114.645833333333,33.3125
0.999398318894796,-114.604166666667,33.3125
0.999948428687634,-114.5625,33.3125
0.999945809026536,-114.520833333333,33.3125
0.999854944126769,-114.479166666667,33.3125
0.999335058533417,-114.4375,33.3125
0.99827645602855,-114.395833333333,33.3125
0.998710970261087,-114.354166666667,33.3125
0.999103967462619,-114.3125,33.3125
0.998284146638979,-114.270833333333,33.3125
0.996695017820627,-114.229166666667,33.3125
0.999064957732888,-114.1875,33.3125
0.999998580046382,-114.145833333333,33.3125
0.999999945943118,-114.104166666667,33.3125
0.999999992805737,-114.0625,33.3125
0.999999998656433,-114.020833333333,33.3125
0.999999999905151,-113.979166666667,33.3125
0.999999999979318,-113.9375,33.3125
0.999999999969055,-113.895833333333,33.3125
0.999999998231042,-113.854166666667,33.3125
0.999998923288675,-113.8125,33.3125
0.999935007307149,-113.770833333333,33.3125
0.999401801855411,-113.729166666667,33.3125
0.998561603413408,-113.6875,33.3125
0.999028530146908,-113.645833333333,33.3125
0.998808640956621,-113.604166666667,33.3125
0.995065299054135,-113.5625,33.3125
0.988343656867278,-113.520833333333,33.3125
0.985198131330778,-113.479166666667,33.3125
0.980148198279169,-113.4375,33.3125
0.97890460730271,-113.395833333333,33.3125
0.979539566514615,-113.354166666667,33.3125
0.984447733395282,-113.3125,33.3125
0.990874752325983,-113.270833333333,33.3125
0.993886165108885,-113.229166666667,33.3125
0.994325350584801,-113.1875,33.3125
0.994390483282994,-113.145833333333,33.3125
0.99491585496288,-113.104166666667,33.3125
0.995896150764899,-113.0625,33.3125
0.997198311409855,-113.020833333333,33.3125
0.998036022888638,-112.979166666667,33.3125
0.998745199504223,-112.9375,33.3125
0.999188756255869,-112.895833333333,33.3125
0.999492437693734,-112.854166666667,33.3125
0.999574684730053,-112.8125,33.3125
0.99949199812538,-112.770833333333,33.3125
0.999039291428199,-112.729166666667,33.3125
0.998438737849955,-112.6875,33.3125
0.998260497769564,-112.645833333333,33.3125
0.998038192742003,-112.604166666667,33.3125
0.998691842029564,-112.5625,33.3125
0.998440923221193,-112.520833333333,33.3125
0.998547330627549,-112.479166666667,33.3125
0.999449168057984,-112.4375,33.3125
0.999910372248973,-112.395833333333,33.3125
0.999999831013526,-112.354166666667,33.3125
0.892727318662556,-112.3125,33.3125
0.999991335644041,-112.270833333333,33.3125
0.999815703333865,-112.229166666667,33.3125
0.99959270965799,-112.1875,33.3125
0.999885469879757,-112.145833333333,33.3125
0.999987296937633,-112.104166666667,33.3125
0.99998913814298,-112.0625,33.3125
0.663042334051953,-112.020833333333,33.3125
0.604093953224316,-111.979166666667,33.3125
0.592232393293719,-111.9375,33.3125
0.610139137002427,-111.895833333333,33.3125
0.62302091028672,-111.854166666667,33.3125
0.625766772668125,-111.8125,33.3125
0.644848640474958,-111.770833333333,33.3125
0.655982182561028,-111.729166666667,33.3125
0.653443406004452,-111.6875,33.3125
0.713811218000384,-111.645833333333,33.3125
0.798358122735014,-111.604166666667,33.3125
0.871815463553844,-111.5625,33.3125
0.93794073137408,-111.520833333333,33.3125
0.973259767032789,-111.479166666667,33.3125
0.988750762729527,-111.4375,33.3125
0.995801568994473,-111.395833333333,33.3125
0.998221135823568,-111.354166666667,33.3125
0.999377235641391,-111.3125,33.3125
0.999807162625017,-111.270833333333,33.3125
0.999862792795342,-111.229166666667,33.3125
0.999844784791731,-111.1875,33.3125
0.999851674913982,-111.145833333333,33.3125
1,-111.104166666667,33.3125
1,-111.0625,33.3125
0.99999648855916,-111.020833333333,33.3125
0.999973808563192,-110.979166666667,33.3125
0.999920932880003,-110.9375,33.3125
0.999639147880799,-110.895833333333,33.3125
0.999999999999942,-110.854166666667,33.3125
0.999998517568827,-110.8125,33.3125
0.999890692391182,-110.770833333333,33.3125
0.999843033919172,-110.729166666667,33.3125
0.999858412342163,-110.6875,33.3125
0.99991933872805,-110.645833333333,33.3125
0.999946393200824,-110.604166666667,33.3125
0.999940861808537,-110.5625,33.3125
0.999789395951538,-110.520833333333,33.3125
0.9984558089711,-110.479166666667,33.3125
0.995689522277431,-110.4375,33.3125
0.997914821824146,-110.395833333333,33.3125
0.999046918880259,-110.354166666667,33.3125
0.99914852465636,-110.3125,33.3125
0.99841783347771,-110.270833333333,33.3125
0.994506781289466,-110.229166666667,33.3125
0.975560190690792,-110.1875,33.3125
0.94172930838935,-110.145833333333,33.3125
0.921908310572104,-110.104166666667,33.3125
0.919465082882114,-110.0625,33.3125
0.877701391497336,-110.020833333333,33.3125
0.745346372062541,-109.979166666667,33.3125
0.603341704794841,-109.9375,33.3125
0.536114210522047,-109.895833333333,33.3125
0.530794971004994,-109.854166666667,33.3125
0.54890449311142,-109.8125,33.3125
0.500480278557902,-109.770833333333,33.3125
0.530925464203245,-108.979166666667,33.3125
0.559887005782956,-108.9375,33.3125
0.606774011923936,-108.770833333333,33.3125
0.554046419855276,-117.145833333333,33.2708333333333
0.641679484468896,-117.104166666667,33.2708333333333
0.705651106258468,-117.0625,33.2708333333333
0.738013626665055,-117.020833333333,33.2708333333333
0.698878745871182,-116.979166666667,33.2708333333333
0.789141071240257,-116.9375,33.2708333333333
0.98590016779751,-116.895833333333,33.2708333333333
0.999948147270417,-116.854166666667,33.2708333333333
0.999997537353105,-116.8125,33.2708333333333
0.999255113606045,-116.770833333333,33.2708333333333
0.939312278287066,-116.729166666667,33.2708333333333
0.827096817467941,-116.6875,33.2708333333333
0.807945926295742,-116.645833333333,33.2708333333333
0.943567444270454,-116.604166666667,33.2708333333333
0.971008046237607,-116.5625,33.2708333333333
0.885900199721886,-116.520833333333,33.2708333333333
0.805605439509803,-116.479166666667,33.2708333333333
0.583500126479893,-116.4375,33.2708333333333
0.936294624096149,-115.604166666667,33.2708333333333
0.937236545175138,-115.5625,33.2708333333333
0.945275594779485,-115.520833333333,33.2708333333333
0.962855228817292,-115.479166666667,33.2708333333333
0.980314123734541,-115.4375,33.2708333333333
0.995094732813436,-115.395833333333,33.2708333333333
0.999636574244223,-115.354166666667,33.2708333333333
0.999982910601514,-115.3125,33.2708333333333
0.99999771368549,-115.270833333333,33.2708333333333
0.893221133661392,-115.229166666667,33.2708333333333
0.999997476169039,-115.1875,33.2708333333333
0.999990124876608,-115.145833333333,33.2708333333333
0.999965491692871,-115.104166666667,33.2708333333333
0.999919455049672,-115.0625,33.2708333333333
0.99988153920658,-115.020833333333,33.2708333333333
0.999871942631324,-114.979166666667,33.2708333333333
0.99984244269978,-114.9375,33.2708333333333
0.999682930499972,-114.895833333333,33.2708333333333
0.999484344847369,-114.854166666667,33.2708333333333
0.999403885527875,-114.8125,33.2708333333333
0.998889878618036,-114.770833333333,33.2708333333333
0.995980869824759,-114.729166666667,33.2708333333333
0.993277308057843,-114.6875,33.2708333333333
0.996780785134757,-114.645833333333,33.2708333333333
0.999821874713645,-114.604166666667,33.2708333333333
0.999982753919156,-114.5625,33.2708333333333
0.99998065194553,-114.520833333333,33.2708333333333
0.999974811658137,-114.479166666667,33.2708333333333
0.999878991870255,-114.4375,33.2708333333333
0.999802794626783,-114.395833333333,33.2708333333333
0.999999189314965,-114.354166666667,33.2708333333333
0.999999866515624,-114.3125,33.2708333333333
0.999997581089055,-114.270833333333,33.2708333333333
0.999990173275133,-114.229166666667,33.2708333333333
0.999999013044907,-114.1875,33.2708333333333
0.999998205655673,-114.145833333333,33.2708333333333
0.999998372076332,-114.104166666667,33.2708333333333
0.999999433150284,-114.0625,33.2708333333333
0.99999983381207,-114.020833333333,33.2708333333333
0.999999987387487,-113.979166666667,33.2708333333333
0.999999999640749,-113.9375,33.2708333333333
0.999999999974578,-113.895833333333,33.2708333333333
0.999999997992897,-113.854166666667,33.2708333333333
0.999999284738545,-113.8125,33.2708333333333
0.99996224238959,-113.770833333333,33.2708333333333
0.99953303632715,-113.729166666667,33.2708333333333
0.997546742537296,-113.6875,33.2708333333333
0.994291972819865,-113.645833333333,33.2708333333333
0.991791908957409,-113.604166666667,33.2708333333333
0.9894157009189,-113.5625,33.2708333333333
0.987106144727668,-113.520833333333,33.2708333333333
0.98648831454537,-113.479166666667,33.2708333333333
0.984440669950474,-113.4375,33.2708333333333
0.98644133028457,-113.395833333333,33.2708333333333
0.986884831752694,-113.354166666667,33.2708333333333
0.988979417739718,-113.3125,33.2708333333333
0.994756442056756,-113.270833333333,33.2708333333333
0.997648334362303,-113.229166666667,33.2708333333333
0.997556823135199,-113.1875,33.2708333333333
0.996881477297815,-113.145833333333,33.2708333333333
0.996203818186947,-113.104166666667,33.2708333333333
0.996465615440159,-113.0625,33.2708333333333
0.997419654290376,-113.020833333333,33.2708333333333
0.997782255882176,-112.979166666667,33.2708333333333
0.998128434766884,-112.9375,33.2708333333333
0.998822171673096,-112.895833333333,33.2708333333333
0.999281456693045,-112.854166666667,33.2708333333333
0.999383742054115,-112.8125,33.2708333333333
0.999416194287511,-112.770833333333,33.2708333333333
0.999241453604584,-112.729166666667,33.2708333333333
0.999078300056615,-112.6875,33.2708333333333
0.998997923370615,-112.645833333333,33.2708333333333
0.998907529298604,-112.604166666667,33.2708333333333
0.999160845868039,-112.5625,33.2708333333333
0.999119362822737,-112.520833333333,33.2708333333333
0.999104242119805,-112.479166666667,33.2708333333333
0.999448618250481,-112.4375,33.2708333333333
0.999816824349722,-112.395833333333,33.2708333333333
0.999989291293998,-112.354166666667,33.2708333333333
0.999999996099281,-112.3125,33.2708333333333
0.999999999963567,-112.270833333333,33.2708333333333
0.999998784368241,-112.229166666667,33.2708333333333
0.999853651161775,-112.1875,33.2708333333333
0.999685933093954,-112.145833333333,33.2708333333333
0.999726397391573,-112.104166666667,33.2708333333333
0.999759261196476,-112.0625,33.2708333333333
0.999756651195741,-112.020833333333,33.2708333333333
0.576429982647344,-111.979166666667,33.2708333333333
0.580664967701197,-111.9375,33.2708333333333
0.597701532509289,-111.895833333333,33.2708333333333
0.60952847874634,-111.854166666667,33.2708333333333
0.615880389793522,-111.8125,33.2708333333333
0.641120250979934,-111.770833333333,33.2708333333333
0.657139446854953,-111.729166666667,33.2708333333333
0.653270991436178,-111.6875,33.2708333333333
0.696870103262572,-111.645833333333,33.2708333333333
0.767261665069429,-111.604166666667,33.2708333333333
0.831507581822286,-111.5625,33.2708333333333
0.904709362930724,-111.520833333333,33.2708333333333
0.952629320434831,-111.479166666667,33.2708333333333
0.977760331091196,-111.4375,33.2708333333333
0.987475737162422,-111.395833333333,33.2708333333333
0.992970830868343,-111.354166666667,33.2708333333333
0.997181607033271,-111.3125,33.2708333333333
0.99929057780138,-111.270833333333,33.2708333333333
0.999864877012065,-111.229166666667,33.2708333333333
0.999838671523182,-111.1875,33.2708333333333
0.999862664411889,-111.145833333333,33.2708333333333
1,-111.104166666667,33.2708333333333
1,-111.0625,33.2708333333333
1,-111.020833333333,33.2708333333333
1,-110.979166666667,33.2708333333333
0.999945429345427,-110.9375,33.2708333333333
0.999942099967676,-110.895833333333,33.2708333333333
1,-110.854166666667,33.2708333333333
0.999999999980404,-110.8125,33.2708333333333
0.999997001826565,-110.770833333333,33.2708333333333
0.999975595811702,-110.729166666667,33.2708333333333
0.999960488253309,-110.6875,33.2708333333333
0.999940726680862,-110.645833333333,33.2708333333333
0.999972145161546,-110.604166666667,33.2708333333333
0.99999746259048,-110.5625,33.2708333333333
0.999995751989229,-110.520833333333,33.2708333333333
0.999847993104447,-110.479166666667,33.2708333333333
0.998242309274255,-110.4375,33.2708333333333
0.997480174547632,-110.395833333333,33.2708333333333
0.998425068649092,-110.354166666667,33.2708333333333
0.998744112754524,-110.3125,33.2708333333333
0.99836109080795,-110.270833333333,33.2708333333333
0.995926937671184,-110.229166666667,33.2708333333333
0.983135716442177,-110.1875,33.2708333333333
0.962348645420644,-110.145833333333,33.2708333333333
0.935193216411246,-110.104166666667,33.2708333333333
0.920666728032782,-110.0625,33.2708333333333
0.908425733771726,-110.020833333333,33.2708333333333
0.831621084530661,-109.979166666667,33.2708333333333
0.676309552014532,-109.9375,33.2708333333333
0.566444731520262,-109.895833333333,33.2708333333333
0.519423943353861,-109.854166666667,33.2708333333333
0.502845437060943,-109.8125,33.2708333333333
0.516464796945975,-109.770833333333,33.2708333333333
0.530388629807617,-109.729166666667,33.2708333333333
0.540784678942932,-108.979166666667,33.2708333333333
0.563641813394347,-108.9375,33.2708333333333
0.574384729214224,-117.145833333333,33.2291666666667
0.649179775582134,-117.104166666667,33.2291666666667
0.689867097414154,-117.0625,33.2291666666667
0.693490809922088,-117.020833333333,33.2291666666667
0.68342586284944,-116.979166666667,33.2291666666667
0.777445428894381,-116.9375,33.2291666666667
0.970806169490383,-116.895833333333,33.2291666666667
0.999818807051875,-116.854166666667,33.2291666666667
0.999996138860262,-116.8125,33.2291666666667
0.999995968995709,-116.770833333333,33.2291666666667
0.992511781660031,-116.729166666667,33.2291666666667
0.951104169787238,-116.6875,33.2291666666667
0.921277964859556,-116.645833333333,33.2291666666667
0.906771938252906,-116.604166666667,33.2291666666667
0.886892469357519,-116.5625,33.2291666666667
0.823846777948375,-116.520833333333,33.2291666666667
0.782678101364477,-116.479166666667,33.2291666666667
0.629587936084336,-116.4375,33.2291666666667
0.932014387774479,-115.604166666667,33.2291666666667
0.932620149407175,-115.5625,33.2291666666667
0.936138022260433,-115.520833333333,33.2291666666667
0.948623809375385,-115.479166666667,33.2291666666667
0.965401413092097,-115.4375,33.2291666666667
0.983360553086259,-115.395833333333,33.2291666666667
0.997053566878251,-115.354166666667,33.2291666666667
0.999858759075337,-115.3125,33.2291666666667
0.999991161565723,-115.270833333333,33.2291666666667
0.864266711979678,-115.229166666667,33.2291666666667
0.999995798695247,-115.1875,33.2291666666667
0.999997872625135,-115.145833333333,33.2291666666667
0.999998063279293,-115.104166666667,33.2291666666667
0.999995875196209,-115.0625,33.2291666666667
0.999994108282689,-115.020833333333,33.2291666666667
0.999991518941828,-114.979166666667,33.2291666666667
0.999988500804697,-114.9375,33.2291666666667
0.999971760479207,-114.895833333333,33.2291666666667
0.999944900555984,-114.854166666667,33.2291666666667
0.999921411715694,-114.8125,33.2291666666667
0.99968266330636,-114.770833333333,33.2291666666667
0.998604942075795,-114.729166666667,33.2291666666667
0.995152020195771,-114.6875,33.2291666666667
0.997316320972723,-114.645833333333,33.2291666666667
0.999846248259393,-114.604166666667,33.2291666666667
0.999977616619241,-114.5625,33.2291666666667
0.999985742893635,-114.520833333333,33.2291666666667
0.999988846367479,-114.479166666667,33.2291666666667
0.999974975758635,-114.4375,33.2291666666667
0.999929081757203,-114.395833333333,33.2291666666667
0.999999738075324,-114.354166666667,33.2291666666667
0.999999818874471,-114.3125,33.2291666666667
0.999998640737105,-114.270833333333,33.2291666666667
0.999999475193764,-114.229166666667,33.2291666666667
0.999999805348851,-114.1875,33.2291666666667
0.999996997146486,-114.145833333333,33.2291666666667
0.999969824664062,-114.104166666667,33.2291666666667
0.999950869593729,-114.0625,33.2291666666667
0.999960728070988,-114.020833333333,33.2291666666667
0.999990085113872,-113.979166666667,33.2291666666667
0.999999335632968,-113.9375,33.2291666666667
0.999999962769857,-113.895833333333,33.2291666666667
0.999999971654847,-113.854166666667,33.2291666666667
0.99999972792575,-113.8125,33.2291666666667
0.999990284921048,-113.770833333333,33.2291666666667
0.999808518170046,-113.729166666667,33.2291666666667
0.998733494366343,-113.6875,33.2291666666667
0.995633346307722,-113.645833333333,33.2291666666667
0.992110096422304,-113.604166666667,33.2291666666667
0.990879728764563,-113.5625,33.2291666666667
0.98999193812701,-113.520833333333,33.2291666666667
0.989363577591132,-113.479166666667,33.2291666666667
0.988109570810309,-113.4375,33.2291666666667
0.989076713179101,-113.395833333333,33.2291666666667
0.989772130643452,-113.354166666667,33.2291666666667
0.989028717955433,-113.3125,33.2291666666667
0.993452737498878,-113.270833333333,33.2291666666667
0.996550459741381,-113.229166666667,33.2291666666667
0.997630302368322,-113.1875,33.2291666666667
0.997945210586547,-113.145833333333,33.2291666666667
0.997361902836878,-113.104166666667,33.2291666666667
0.997408631046946,-113.0625,33.2291666666667
0.997746412302152,-113.020833333333,33.2291666666667
0.997600378197667,-112.979166666667,33.2291666666667
0.998006249071067,-112.9375,33.2291666666667
0.998913772702863,-112.895833333333,33.2291666666667
0.999316770467953,-112.854166666667,33.2291666666667
0.999462714127614,-112.8125,33.2291666666667
0.999480014152814,-112.770833333333,33.2291666666667
0.999506512175958,-112.729166666667,33.2291666666667
0.999349011050381,-112.6875,33.2291666666667
0.999276655961271,-112.645833333333,33.2291666666667
0.999308015179131,-112.604166666667,33.2291666666667
0.999460486448747,-112.5625,33.2291666666667
0.999556827009374,-112.520833333333,33.2291666666667
0.999573609789446,-112.479166666667,33.2291666666667
0.999601297825869,-112.4375,33.2291666666667
0.999710837338387,-112.395833333333,33.2291666666667
0.999831603834909,-112.354166666667,33.2291666666667
0.999968960947953,-112.3125,33.2291666666667
0.999999978333166,-112.270833333333,33.2291666666667
0.999999999976723,-112.229166666667,33.2291666666667
0.999997731853296,-112.1875,33.2291666666667
0.999723013730743,-112.145833333333,33.2291666666667
0.999486557174731,-112.104166666667,33.2291666666667
0.999412335101813,-112.0625,33.2291666666667
0.999547320798122,-112.020833333333,33.2291666666667
0.999571687238301,-111.979166666667,33.2291666666667
0.999710428482465,-111.9375,33.2291666666667
0.58632511996425,-111.895833333333,33.2291666666667
0.600416993879707,-111.854166666667,33.2291666666667
0.607337356070563,-111.8125,33.2291666666667
0.627236628644608,-111.770833333333,33.2291666666667
0.667703019593116,-111.729166666667,33.2291666666667
0.706116339755581,-111.6875,33.2291666666667
0.742669436789452,-111.645833333333,33.2291666666667
0.781234768831283,-111.604166666667,33.2291666666667
0.821340353205037,-111.5625,33.2291666666667
0.877829286004189,-111.520833333333,33.2291666666667
0.925501113676928,-111.479166666667,33.2291666666667
0.959229263341018,-111.4375,33.2291666666667
0.96983723101647,-111.395833333333,33.2291666666667
0.977644749718065,-111.354166666667,33.2291666666667
0.990231134937665,-111.3125,33.2291666666667
0.998008811868843,-111.270833333333,33.2291666666667
0.99972388322048,-111.229166666667,33.2291666666667
1,-111.1875,33.2291666666667
1,-111.145833333333,33.2291666666667
1,-111.104166666667,33.2291666666667
1,-111.0625,33.2291666666667
1,-111.020833333333,33.2291666666667
1,-110.979166666667,33.2291666666667
1,-110.9375,33.2291666666667
1,-110.895833333333,33.2291666666667
0.999738136030255,-110.854166666667,33.2291666666667
1,-110.8125,33.2291666666667
0.999999999993732,-110.770833333333,33.2291666666667
0.99999997566024,-110.729166666667,33.2291666666667
0.999998856627563,-110.6875,33.2291666666667
0.999990504041248,-110.645833333333,33.2291666666667
0.999997668875938,-110.604166666667,33.2291666666667
0.999999954083237,-110.5625,33.2291666666667
0.999999726993043,-110.520833333333,33.2291666666667
0.999985780479584,-110.479166666667,33.2291666666667
0.999552924128076,-110.4375,33.2291666666667
0.9975165417026,-110.395833333333,33.2291666666667
0.996031929996322,-110.354166666667,33.2291666666667
0.996175398247519,-110.3125,33.2291666666667
0.994276613864241,-110.270833333333,33.2291666666667
0.986509560318448,-110.229166666667,33.2291666666667
0.972688117282631,-110.1875,33.2291666666667
0.959444290369862,-110.145833333333,33.2291666666667
0.945071302484039,-110.104166666667,33.2291666666667
0.930922812102542,-110.0625,33.2291666666667
0.921654640305252,-110.020833333333,33.2291666666667
0.890556335901847,-109.979166666667,33.2291666666667
0.779263875199984,-109.9375,33.2291666666667
0.608740557047599,-109.895833333333,33.2291666666667
0.555268761037293,-109.854166666667,33.2291666666667
0.537381646282097,-109.8125,33.2291666666667
0.546208107038719,-109.770833333333,33.2291666666667
0.574969806009435,-109.729166666667,33.2291666666667
0.566639581108093,-109.6875,33.2291666666667
0.53701853067877,-117.145833333333,33.1875
0.568645562428545,-117.104166666667,33.1875
0.618357986046664,-117.0625,33.1875
0.630735131818019,-117.020833333333,33.1875
0.648422789775598,-116.979166666667,33.1875
0.671735828141236,-116.9375,33.1875
0.782069295124823,-116.895833333333,33.1875
0.923617911971512,-116.854166666667,33.1875
0.999614859458111,-116.8125,33.1875
0.999999080085034,-116.770833333333,33.1875
0.999958234123797,-116.729166666667,33.1875
0.99868519066037,-116.6875,33.1875
0.999229726875477,-116.645833333333,33.1875
0.98938306396285,-116.604166666667,33.1875
0.865443629360456,-116.5625,33.1875
0.79053178042592,-116.520833333333,33.1875
0.800671101672112,-116.479166666667,33.1875
0.753388978902364,-116.4375,33.1875
0.931457068977473,-115.645833333333,33.1875
0.930707068523243,-115.604166666667,33.1875
0.931986164891218,-115.5625,33.1875
0.936170274233495,-115.520833333333,33.1875
0.942399772151206,-115.479166666667,33.1875
0.954371896289118,-115.4375,33.1875
0.969876382847425,-115.395833333333,33.1875
0.988130360766295,-115.354166666667,33.1875
0.997555380244041,-115.3125,33.1875
0.999699490138835,-115.270833333333,33.1875
0.80006492382422,-115.229166666667,33.1875
0.999972019151917,-115.1875,33.1875
0.999993201521007,-115.145833333333,33.1875
0.999999013854243,-115.104166666667,33.1875
0.999999543531112,-115.0625,33.1875
0.999999672222653,-115.020833333333,33.1875
0.999999744776233,-114.979166666667,33.1875
0.999999722661709,-114.9375,33.1875
0.999999290985579,-114.895833333333,33.1875
0.999998385701982,-114.854166666667,33.1875
0.999996544832329,-114.8125,33.1875
0.999952467062484,-114.770833333333,33.1875
0.999676415994509,-114.729166666667,33.1875
0.997443407555782,-114.6875,33.1875
0.99839134574061,-114.645833333333,33.1875
0.999816740142307,-114.604166666667,33.1875
0.999972803508598,-114.5625,33.1875
0.999968465871549,-114.520833333333,33.1875
0.999961947141653,-114.479166666667,33.1875
0.999956439356554,-114.4375,33.1875
0.999836950717162,-114.395833333333,33.1875
0.999829026899639,-114.354166666667,33.1875
0.99985894377406,-114.3125,33.1875
0.999996676444006,-114.270833333333,33.1875
0.999999875072242,-114.229166666667,33.1875
0.999999976259318,-114.1875,33.1875
0.999999071787455,-114.145833333333,33.1875
0.999963591045329,-114.104166666667,33.1875
0.999869936238231,-114.0625,33.1875
0.999802404606889,-114.020833333333,33.1875
0.99977551310733,-113.979166666667,33.1875
0.999874147338024,-113.9375,33.1875
0.999968600425589,-113.895833333333,33.1875
0.999994674714857,-113.854166666667,33.1875
0.99999922924991,-113.8125,33.1875
0.999995237174688,-113.770833333333,33.1875
0.999954209247318,-113.729166666667,33.1875
0.999807892421184,-113.6875,33.1875
0.998738694827384,-113.645833333333,33.1875
0.996347180084099,-113.604166666667,33.1875
0.992833183670075,-113.5625,33.1875
0.990087071012148,-113.520833333333,33.1875
0.989482053455793,-113.479166666667,33.1875
0.988503127880796,-113.4375,33.1875
0.988862547498858,-113.395833333333,33.1875
0.989969966846971,-113.354166666667,33.1875
0.990493197529096,-113.3125,33.1875
0.991809898812463,-113.270833333333,33.1875
0.993682408153871,-113.229166666667,33.1875
0.995797486152216,-113.1875,33.1875
0.996671344201326,-113.145833333333,33.1875
0.996773587078013,-113.104166666667,33.1875
0.997603246977692,-113.0625,33.1875
0.998000951356402,-113.020833333333,33.1875
0.997839997770446,-112.979166666667,33.1875
0.998079194787343,-112.9375,33.1875
0.999440867579259,-112.895833333333,33.1875
0.999581484820187,-112.854166666667,33.1875
0.999393916554496,-112.8125,33.1875
0.999357654453249,-112.770833333333,33.1875
0.999653118037738,-112.729166666667,33.1875
0.999586346384423,-112.6875,33.1875
0.999552267230067,-112.645833333333,33.1875
0.999680668549938,-112.604166666667,33.1875
0.999785715561935,-112.5625,33.1875
0.999866521242077,-112.520833333333,33.1875
0.999868271441106,-112.479166666667,33.1875
0.999824052780235,-112.4375,33.1875
0.999711860071886,-112.395833333333,33.1875
0.999683109210802,-112.354166666667,33.1875
0.999815262457509,-112.3125,33.1875
0.999988400379987,-112.270833333333,33.1875
0.999999986728285,-112.229166666667,33.1875
0.999999995098955,-112.1875,33.1875
0.999880942712405,-112.145833333333,33.1875
0.999270418385058,-112.104166666667,33.1875
0.999137950586344,-112.0625,33.1875
0.999221525693167,-112.020833333333,33.1875
0.999229452830507,-111.979166666667,33.1875
0.99952563526359,-111.9375,33.1875
0.999696644196162,-111.895833333333,33.1875
0.584098983777105,-111.854166666667,33.1875
0.594087073011653,-111.8125,33.1875
0.617027573880775,-111.770833333333,33.1875
0.742921416624097,-111.729166666667,33.1875
0.846026119610217,-111.6875,33.1875
0.873674653867282,-111.645833333333,33.1875
0.834867473069132,-111.604166666667,33.1875
0.816678951444465,-111.5625,33.1875
0.840835620425523,-111.520833333333,33.1875
0.887310354839827,-111.479166666667,33.1875
0.928305714586418,-111.4375,33.1875
0.946862215107783,-111.395833333333,33.1875
0.956453089577694,-111.354166666667,33.1875
0.975430670204671,-111.3125,33.1875
0.995058192471251,-111.270833333333,33.1875
0.999384810242713,-111.229166666667,33.1875
1,-111.1875,33.1875
1,-111.145833333333,33.1875
1,-111.104166666667,33.1875
1,-111.0625,33.1875
1,-111.020833333333,33.1875
1,-110.979166666667,33.1875
1,-110.9375,33.1875
1,-110.895833333333,33.1875
1,-110.854166666667,33.1875
1,-110.8125,33.1875
1,-110.770833333333,33.1875
1,-110.729166666667,33.1875
0.999999999982769,-110.6875,33.1875
0.999999970816836,-110.645833333333,33.1875
0.999999972929651,-110.604166666667,33.1875
0.999999986005013,-110.5625,33.1875
0.999999536687775,-110.520833333333,33.1875
0.999989247161538,-110.479166666667,33.1875
0.999897580835102,-110.4375,33.1875
0.999690179213107,-110.395833333333,33.1875
0.999552417692279,-110.354166666667,33.1875
0.998780030155619,-110.3125,33.1875
0.994297850314793,-110.270833333333,33.1875
0.9722433014756,-110.229166666667,33.1875
0.934786417957933,-110.1875,33.1875
0.905679296904456,-110.145833333333,33.1875
0.920959638729441,-110.104166666667,33.1875
0.936928124762066,-110.0625,33.1875
0.939455473185186,-110.020833333333,33.1875
0.927149028217542,-109.979166666667,33.1875
0.868309690451423,-109.9375,33.1875
0.69667676989142,-109.895833333333,33.1875
0.589683170018738,-109.854166666667,33.1875
0.585372773892091,-109.8125,33.1875
0.594640288630613,-109.770833333333,33.1875
0.595480435538264,-109.729166666667,33.1875
0.599418501269599,-109.6875,33.1875
0.547846623356145,-109.645833333333,33.1875
0.560876617402607,-116.979166666667,33.1458333333333
0.576779709085024,-116.9375,33.1458333333333
0.556863538952628,-116.895833333333,33.1458333333333
0.527582881819069,-116.854166666667,33.1458333333333
0.942858947577345,-116.8125,33.1458333333333
0.994005894769856,-116.770833333333,33.1458333333333
0.999513628236471,-116.729166666667,33.1458333333333
0.999512067082594,-116.6875,33.1458333333333
0.999994548317061,-116.645833333333,33.1458333333333
0.999999093857212,-116.604166666667,33.1458333333333
0.946496742379732,-116.5625,33.1458333333333
0.713303231398053,-116.520833333333,33.1458333333333
0.697339125513867,-116.479166666667,33.1458333333333
0.559337170452546,-116.4375,33.1458333333333
0.936452347036783,-115.770833333333,33.1458333333333
0.93570041754197,-115.6875,33.1458333333333
0.93217998768344,-115.645833333333,33.1458333333333
0.932343334922773,-115.604166666667,33.1458333333333
0.933661073336331,-115.5625,33.1458333333333
0.934509520122845,-115.520833333333,33.1458333333333
0.939497642616189,-115.479166666667,33.1458333333333
0.948696527076169,-115.4375,33.1458333333333
0.958105394607475,-115.395833333333,33.1458333333333
0.97258466810119,-115.354166666667,33.1458333333333
0.986628597929082,-115.3125,33.1458333333333
0.99455735436581,-115.270833333333,33.1458333333333
0.998713548265136,-115.229166666667,33.1458333333333
0.999408005728088,-115.1875,33.1458333333333
0.999769610783789,-115.145833333333,33.1458333333333
0.999964593697073,-115.104166666667,33.1458333333333
0.999998789751896,-115.0625,33.1458333333333
0.99999986371947,-115.020833333333,33.1458333333333
0.999999964845001,-114.979166666667,33.1458333333333
0.999999982188744,-114.9375,33.1458333333333
0.99999995556041,-114.895833333333,33.1458333333333
0.999999812026534,-114.854166666667,33.1458333333333
0.999999241636601,-114.8125,33.1458333333333
0.999994271944816,-114.770833333333,33.1458333333333
0.99988314129828,-114.729166666667,33.1458333333333
0.997994293956156,-114.6875,33.1458333333333
0.999176486435383,-114.645833333333,33.1458333333333
0.999839814047725,-114.604166666667,33.1458333333333
0.999934801435062,-114.5625,33.1458333333333
0.999868567699346,-114.520833333333,33.1458333333333
0.999854218277397,-114.479166666667,33.1458333333333
0.999814092138944,-114.4375,33.1458333333333
0.999601940952814,-114.395833333333,33.1458333333333
0.999604388638785,-114.354166666667,33.1458333333333
0.999699590806147,-114.3125,33.1458333333333
0.999784235456889,-114.270833333333,33.1458333333333
0.999999475695538,-114.229166666667,33.1458333333333
0.999999971161701,-114.1875,33.1458333333333
0.99999985444611,-114.145833333333,33.1458333333333
0.999990610978721,-114.104166666667,33.1458333333333
0.999939901267577,-114.0625,33.1458333333333
0.999866303528986,-114.020833333333,33.1458333333333
0.999581215032822,-113.979166666667,33.1458333333333
0.999081551005113,-113.9375,33.1458333333333
0.999348767745264,-113.895833333333,33.1458333333333
0.999683775001912,-113.854166666667,33.1458333333333
0.999938393981164,-113.8125,33.1458333333333
0.999919470281784,-113.770833333333,33.1458333333333
0.999927720320394,-113.729166666667,33.1458333333333
0.999956286809894,-113.6875,33.1458333333333
0.999183873892495,-113.645833333333,33.1458333333333
0.996575768502311,-113.604166666667,33.1458333333333
0.99071159307029,-113.5625,33.1458333333333
0.987167656309619,-113.520833333333,33.1458333333333
0.987518477012653,-113.479166666667,33.1458333333333
0.986882465483742,-113.4375,33.1458333333333
0.987927448975048,-113.395833333333,33.1458333333333
0.991261146392948,-113.354166666667,33.1458333333333
0.992137344780338,-113.3125,33.1458333333333
0.99304912383487,-113.270833333333,33.1458333333333
0.994558965016728,-113.229166666667,33.1458333333333
0.996832137058517,-113.1875,33.1458333333333
0.996408253672979,-113.145833333333,33.1458333333333
0.996122962534681,-113.104166666667,33.1458333333333
0.99712755721431,-113.0625,33.1458333333333
0.99853017181649,-113.020833333333,33.1458333333333
0.9991711946089,-112.979166666667,33.1458333333333
0.999027069213581,-112.9375,33.1458333333333
0.999464875675746,-112.895833333333,33.1458333333333
0.999598886321734,-112.854166666667,33.1458333333333
0.999375633800878,-112.8125,33.1458333333333
0.999272524554272,-112.770833333333,33.1458333333333
0.999674852040536,-112.729166666667,33.1458333333333
0.999648776063547,-112.6875,33.1458333333333
0.999610373653299,-112.645833333333,33.1458333333333
0.999783345303651,-112.604166666667,33.1458333333333
0.999865114498676,-112.5625,33.1458333333333
0.999964671108645,-112.520833333333,33.1458333333333
0.999975671997058,-112.479166666667,33.1458333333333
0.999950676782285,-112.4375,33.1458333333333
0.999812054577487,-112.395833333333,33.1458333333333
0.99964196931322,-112.354166666667,33.1458333333333
0.999639806570171,-112.3125,33.1458333333333
0.999920454137848,-112.270833333333,33.1458333333333
0.999998423976313,-112.229166666667,33.1458333333333
0.999999993970757,-112.1875,33.1458333333333
0.99996579963431,-112.145833333333,33.1458333333333
0.999120028876368,-112.104166666667,33.1458333333333
0.99901671236911,-112.0625,33.1458333333333
0.999005626742258,-112.020833333333,33.1458333333333
0.998954893215004,-111.979166666667,33.1458333333333
0.999287476353099,-111.9375,33.1458333333333
0.999604275469486,-111.895833333333,33.1458333333333
0.999727648462688,-111.854166666667,33.1458333333333
0.568845528624017,-111.8125,33.1458333333333
0.583203863404702,-111.770833333333,33.1458333333333
0.70823606065215,-111.729166666667,33.1458333333333
0.88177088762048,-111.6875,33.1458333333333
0.916155008356825,-111.645833333333,33.1458333333333
0.863103281197842,-111.604166666667,33.1458333333333
0.999999842905649,-111.5625,33.1458333333333
0.808714228638154,-111.520833333333,33.1458333333333
0.84395234560212,-111.479166666667,33.1458333333333
0.889764587875007,-111.4375,33.1458333333333
0.915928825430082,-111.395833333333,33.1458333333333
0.927719208888662,-111.354166666667,33.1458333333333
0.937285121996129,-111.3125,33.1458333333333
0.970673501461963,-111.270833333333,33.1458333333333
0.993882257668058,-111.229166666667,33.1458333333333
0.997130733661924,-111.1875,33.1458333333333
1,-111.145833333333,33.1458333333333
1,-111.104166666667,33.1458333333333
1,-111.0625,33.1458333333333
1,-111.020833333333,33.1458333333333
1,-110.979166666667,33.1458333333333
1,-110.9375,33.1458333333333
1,-110.895833333333,33.1458333333333
1,-110.854166666667,33.1458333333333
1,-110.8125,33.1458333333333
1,-110.770833333333,33.1458333333333
1,-110.729166666667,33.1458333333333
0.999999999999984,-110.6875,33.1458333333333
0.999999999405701,-110.645833333333,33.1458333333333
0.999999994822689,-110.604166666667,33.1458333333333
0.999999972184978,-110.5625,33.1458333333333
0.999999928882626,-110.520833333333,33.1458333333333
0.999998798866667,-110.479166666667,33.1458333333333
0.999994669988892,-110.4375,33.1458333333333
0.999997006545152,-110.395833333333,33.1458333333333
0.999996178031811,-110.354166666667,33.1458333333333
0.999930926517519,-110.3125,33.1458333333333
0.999193833015975,-110.270833333333,33.1458333333333
0.993851990456484,-110.229166666667,33.1458333333333
0.973393700364637,-110.1875,33.1458333333333
0.904436513612306,-110.145833333333,33.1458333333333
0.86332551557954,-110.104166666667,33.1458333333333
0.900977581619715,-110.0625,33.1458333333333
0.928237853943912,-110.020833333333,33.1458333333333
0.938157501939098,-109.979166666667,33.1458333333333
0.907091522265352,-109.9375,33.1458333333333
0.78416891865772,-109.895833333333,33.1458333333333
0.654045913895215,-109.854166666667,33.1458333333333
0.638564043837474,-109.8125,33.1458333333333
0.667329741939881,-109.770833333333,33.1458333333333
0.668071990522111,-109.729166666667,33.1458333333333
0.635785678991568,-109.6875,33.1458333333333
0.57878470971778,-109.645833333333,33.1458333333333
0.512143279148279,-109.604166666667,33.1458333333333
0.51576095603954,-109.479166666667,33.1458333333333
0.541914618971605,-109.4375,33.1458333333333
0.706267420242839,-116.8125,33.1041666666667
0.853168811857385,-116.770833333333,33.1041666666667
0.964523441526363,-116.729166666667,33.1041666666667
0.995920053658939,-116.6875,33.1041666666667
0.999989716579944,-116.645833333333,33.1041666666667
0.999999996285944,-116.604166666667,33.1041666666667
0.993551689247699,-116.5625,33.1041666666667
0.637152912548377,-116.520833333333,33.1041666666667
0.57505806300461,-116.479166666667,33.1041666666667
0.931628120892105,-115.6875,33.1041666666667
0.927648937513722,-115.645833333333,33.1041666666667
0.92609709368462,-115.604166666667,33.1041666666667
0.925509156527814,-115.5625,33.1041666666667
0.925573136484859,-115.520833333333,33.1041666666667
0.930254438885318,-115.479166666667,33.1041666666667
0.941815157797863,-115.4375,33.1041666666667
0.961780758315905,-115.354166666667,33.1041666666667
0.975207411259709,-115.3125,33.1041666666667
0.984082603701707,-115.270833333333,33.1041666666667
0.990259251858564,-115.229166666667,33.1041666666667
0.994003814024441,-115.1875,33.1041666666667
0.996990182893175,-115.145833333333,33.1041666666667
0.999144933796494,-115.104166666667,33.1041666666667
0.999926105890405,-115.0625,33.1041666666667
0.999996739531573,-115.020833333333,33.1041666666667
0.99999973185179,-114.979166666667,33.1041666666667
0.999999962926372,-114.9375,33.1041666666667
0.999999960593748,-114.895833333333,33.1041666666667
0.999999924634622,-114.854166666667,33.1041666666667
0.999999819905215,-114.8125,33.1041666666667
0.999997857641467,-114.770833333333,33.1041666666667
0.999743831513687,-114.729166666667,33.1041666666667
0.997265514843372,-114.6875,33.1041666666667
0.999090376612942,-114.645833333333,33.1041666666667
0.999740955715489,-114.604166666667,33.1041666666667
0.999755566488224,-114.5625,33.1041666666667
0.999508302323165,-114.520833333333,33.1041666666667
0.999651463956439,-114.479166666667,33.1041666666667
0.999336597130492,-114.4375,33.1041666666667
0.999073085381393,-114.395833333333,33.1041666666667
0.999393962263776,-114.354166666667,33.1041666666667
0.999611326058431,-114.3125,33.1041666666667
0.999715921657568,-114.270833333333,33.1041666666667
0.999998565075859,-114.229166666667,33.1041666666667
0.999999841418393,-114.1875,33.1041666666667
0.999999922446153,-114.145833333333,33.1041666666667
0.999998610663742,-114.104166666667,33.1041666666667
0.999994157563884,-114.0625,33.1041666666667
0.999966330553083,-114.020833333333,33.1041666666667
0.999665688860638,-113.979166666667,33.1041666666667
0.998647239051482,-113.9375,33.1041666666667
0.998369647486883,-113.895833333333,33.1041666666667
0.986025302534535,-113.854166666667,33.1041666666667
0.998100033676194,-113.8125,33.1041666666667
0.998588515749589,-113.770833333333,33.1041666666667
0.99904598469434,-113.729166666667,33.1041666666667
0.999439506697334,-113.6875,33.1041666666667
0.996865033010951,-113.645833333333,33.1041666666667
0.991208527576672,-113.604166666667,33.1041666666667
0.986143025499284,-113.5625,33.1041666666667
0.987181363813441,-113.520833333333,33.1041666666667
0.988703309746,-113.479166666667,33.1041666666667
0.987872083558685,-113.4375,33.1041666666667
0.988839911918743,-113.395833333333,33.1041666666667
0.99217516598249,-113.354166666667,33.1041666666667
0.993317891844156,-113.3125,33.1041666666667
0.993652500442161,-113.270833333333,33.1041666666667
0.994239795678516,-113.229166666667,33.1041666666667
0.995992913207169,-113.1875,33.1041666666667
0.996456420913694,-113.145833333333,33.1041666666667
0.996521715997452,-113.104166666667,33.1041666666667
0.997440343066776,-113.0625,33.1041666666667
0.998597583028654,-113.020833333333,33.1041666666667
0.999603993760788,-112.979166666667,33.1041666666667
0.999415050486358,-112.9375,33.1041666666667
0.999078811900332,-112.895833333333,33.1041666666667
0.999238351341128,-112.854166666667,33.1041666666667
0.999291671796365,-112.8125,33.1041666666667
0.999287625023699,-112.770833333333,33.1041666666667
0.999531639639273,-112.729166666667,33.1041666666667
0.999708872224457,-112.6875,33.1041666666667
0.999671893147365,-112.645833333333,33.1041666666667
0.999634155734027,-112.604166666667,33.1041666666667
0.999838092268127,-112.5625,33.1041666666667
0.99999133771994,-112.520833333333,33.1041666666667
0.99999731331861,-112.479166666667,33.1041666666667
0.999981785296823,-112.4375,33.1041666666667
0.999901100364854,-112.395833333333,33.1041666666667
0.999752586722887,-112.354166666667,33.1041666666667
0.999662058242586,-112.3125,33.1041666666667
0.999744056332074,-112.270833333333,33.1041666666667
0.999961515600023,-112.229166666667,33.1041666666667
0.999984410824334,-112.1875,33.1041666666667
0.999760017760237,-112.145833333333,33.1041666666667
0.998888363059362,-112.104166666667,33.1041666666667
0.99883149500958,-112.0625,33.1041666666667
0.998778629345122,-112.020833333333,33.1041666666667
0.998917849468076,-111.979166666667,33.1041666666667
0.999250684536263,-111.9375,33.1041666666667
0.99955938953333,-111.895833333333,33.1041666666667
0.999708547272245,-111.854166666667,33.1041666666667
0.56747539291966,-111.8125,33.1041666666667
0.562694534764919,-111.770833333333,33.1041666666667
0.587667420055539,-111.729166666667,33.1041666666667
0.693227884109165,-111.6875,33.1041666666667
0.767678588615015,-111.645833333333,33.1041666666667
0.999997693686124,-111.604166666667,33.1041666666667
0.999998634234877,-111.5625,33.1041666666667
0.999999490504426,-111.520833333333,33.1041666666667
0.99999985548822,-111.479166666667,33.1041666666667
0.848553134885757,-111.4375,33.1041666666667
0.872993788813864,-111.395833333333,33.1041666666667
0.883477493329369,-111.354166666667,33.1041666666667
0.877073420303682,-111.3125,33.1041666666667
0.899093397080418,-111.270833333333,33.1041666666667
0.95187053442281,-111.229166666667,33.1041666666667
0.984340965176981,-111.1875,33.1041666666667
1,-111.145833333333,33.1041666666667
1,-111.104166666667,33.1041666666667
1,-111.0625,33.1041666666667
1,-111.020833333333,33.1041666666667
1,-110.979166666667,33.1041666666667
1,-110.9375,33.1041666666667
1,-110.895833333333,33.1041666666667
1,-110.854166666667,33.1041666666667
1,-110.8125,33.1041666666667
0.999999999999982,-110.770833333333,33.1041666666667
0.99999999999776,-110.729166666667,33.1041666666667
0.999999999930019,-110.6875,33.1041666666667
0.999999999213148,-110.645833333333,33.1041666666667
0.999999999230112,-110.604166666667,33.1041666666667
0.999999998288965,-110.5625,33.1041666666667
0.999999993134792,-110.520833333333,33.1041666666667
0.999999885527392,-110.479166666667,33.1041666666667
0.99999839847918,-110.4375,33.1041666666667
0.999996252949806,-110.395833333333,33.1041666666667
0.999980859059649,-110.354166666667,33.1041666666667
0.999251306505214,-110.3125,33.1041666666667
0.994774543731089,-110.270833333333,33.1041666666667
0.995758672117977,-110.229166666667,33.1041666666667
0.996733775802403,-110.1875,33.1041666666667
0.965079315976643,-110.145833333333,33.1041666666667
0.847097634487866,-110.104166666667,33.1041666666667
0.811362047862554,-110.0625,33.1041666666667
0.862148321080155,-110.020833333333,33.1041666666667
0.914701217841621,-109.979166666667,33.1041666666667
0.935483878905243,-109.9375,33.1041666666667
0.891669157488006,-109.895833333333,33.1041666666667
0.789731245931182,-109.854166666667,33.1041666666667
0.744626118015113,-109.8125,33.1041666666667
0.780629530085125,-109.770833333333,33.1041666666667
0.794742641136017,-109.729166666667,33.1041666666667
0.74094287452732,-109.6875,33.1041666666667
0.647912113956113,-109.645833333333,33.1041666666667
0.526829748822546,-109.604166666667,33.1041666666667
0.509631201667829,-109.520833333333,33.1041666666667
0.524272676469826,-109.479166666667,33.1041666666667
0.560553506170151,-109.4375,33.1041666666667
0.55645400696437,-109.395833333333,33.1041666666667
0.538815579629994,-109.354166666667,33.1041666666667
0.530810506157926,-109.3125,33.1041666666667
0.525889715772111,-109.270833333333,33.1041666666667
0.57517108471927,-116.8125,33.0625
0.752160583850154,-116.770833333333,33.0625
0.89366446746576,-116.729166666667,33.0625
0.980449126929545,-116.6875,33.0625
0.999993042657557,-116.645833333333,33.0625
0.999999999711458,-116.604166666667,33.0625
0.999917428432186,-116.5625,33.0625
0.863975308024352,-116.520833333333,33.0625
0.737830306902639,-116.479166666667,33.0625
0.525267817205582,-116.395833333333,33.0625
0.635107284634944,-116.354166666667,33.0625
0.601361698563548,-116.3125,33.0625
0.50306182419898,-116.270833333333,33.0625
0.526817543821712,-116.229166666667,33.0625
0.523099800297793,-116.1875,33.0625
0.920028921482304,-115.604166666667,33.0625
0.918059533889166,-115.5625,33.0625
0.920872803206566,-115.520833333333,33.0625
0.925552672324355,-115.479166666667,33.0625
0.936756284505928,-115.4375,33.0625
0.956838631443177,-115.354166666667,33.0625
0.967258343541869,-115.3125,33.0625
0.976616296656886,-115.270833333333,33.0625
0.983855216272082,-115.229166666667,33.0625
0.985842215918764,-115.1875,33.0625
0.989183022228023,-115.145833333333,33.0625
0.994427531708269,-115.104166666667,33.0625
0.998542905675924,-115.0625,33.0625
0.9998408117089,-115.020833333333,33.0625
0.999987875000708,-114.979166666667,33.0625
0.999998857409734,-114.9375,33.0625
0.99999968629436,-114.895833333333,33.0625
0.999999873326733,-114.854166666667,33.0625
0.999999845460833,-114.8125,33.0625
0.99999682390421,-114.770833333333,33.0625
0.999712368313489,-114.729166666667,33.0625
0.996834993525806,-114.6875,33.0625
0.996977915122114,-114.645833333333,33.0625
0.999022098831623,-114.604166666667,33.0625
0.999552048717935,-114.5625,33.0625
0.998877816194332,-114.520833333333,33.0625
0.99872550310453,-114.479166666667,33.0625
0.998244140972465,-114.4375,33.0625
0.998401353953525,-114.395833333333,33.0625
0.999174220903608,-114.354166666667,33.0625
0.999526365896602,-114.3125,33.0625
0.999510028456734,-114.270833333333,33.0625
0.999739943097307,-114.229166666667,33.0625
0.999999309226835,-114.1875,33.0625
0.999999753612764,-114.145833333333,33.0625
0.999999413855552,-114.104166666667,33.0625
0.999999305523864,-114.0625,33.0625
0.999993869186026,-114.020833333333,33.0625
0.999817412702171,-113.979166666667,33.0625
0.998718231678281,-113.9375,33.0625
0.985721008247947,-113.895833333333,33.0625
0.981260239803023,-113.854166666667,33.0625
0.980180554832486,-113.8125,33.0625
0.981668133519823,-113.770833333333,33.0625
0.984965967628797,-113.729166666667,33.0625
0.998451384966653,-113.6875,33.0625
0.994999917710055,-113.645833333333,33.0625
0.989100995846192,-113.604166666667,33.0625
0.989179376089109,-113.5625,33.0625
0.991493963631926,-113.520833333333,33.0625
0.991880389709628,-113.479166666667,33.0625
0.990903042684263,-113.4375,33.0625
0.991417668001727,-113.395833333333,33.0625
0.993682962571148,-113.354166666667,33.0625
0.99483939929469,-113.3125,33.0625
0.994178056708539,-113.270833333333,33.0625
0.993843495589275,-113.229166666667,33.0625
0.995615910104872,-113.1875,33.0625
0.99762728119055,-113.145833333333,33.0625
0.997308235902189,-113.104166666667,33.0625
0.997705346169622,-113.0625,33.0625
0.998336879324019,-113.020833333333,33.0625
0.998904160144505,-112.979166666667,33.0625
0.99912867825315,-112.9375,33.0625
0.99919334262765,-112.895833333333,33.0625
0.999351615156454,-112.854166666667,33.0625
0.999425975550715,-112.8125,33.0625
0.999436480829182,-112.770833333333,33.0625
0.99936273727947,-112.729166666667,33.0625
0.999742312949429,-112.6875,33.0625
0.999751302738739,-112.645833333333,33.0625
0.999592007895508,-112.604166666667,33.0625
0.999622812176477,-112.5625,33.0625
0.999948970538046,-112.520833333333,33.0625
0.999992877441181,-112.479166666667,33.0625
0.999974740032503,-112.4375,33.0625
0.999931725322934,-112.395833333333,33.0625
0.999876839359098,-112.354166666667,33.0625
0.999826465074761,-112.3125,33.0625
0.99976305275744,-112.270833333333,33.0625
0.999773670403064,-112.229166666667,33.0625
0.999792273744647,-112.1875,33.0625
0.999382689547366,-112.145833333333,33.0625
0.998718074984192,-112.104166666667,33.0625
0.998481459240853,-112.0625,33.0625
0.998570475396093,-112.020833333333,33.0625
0.998782833611034,-111.979166666667,33.0625
0.99922027498774,-111.9375,33.0625
0.999509417063,-111.895833333333,33.0625
0.999766030481892,-111.854166666667,33.0625
0.622911486122587,-111.8125,33.0625
0.617270544443947,-111.770833333333,33.0625
0.630839707085084,-111.729166666667,33.0625
0.617321606322532,-111.6875,33.0625
0.999849848733182,-111.645833333333,33.0625
0.999868293859269,-111.604166666667,33.0625
0.999960485509906,-111.5625,33.0625
0.999993779975862,-111.520833333333,33.0625
0.999998509413934,-111.479166666667,33.0625
0.999999727176498,-111.4375,33.0625
0.999999927456087,-111.395833333333,33.0625
0.9999999634938,-111.354166666667,33.0625
0.861295509554844,-111.3125,33.0625
0.918778097775346,-111.270833333333,33.0625
0.963822089004443,-111.229166666667,33.0625
0.987394340460966,-111.1875,33.0625
1,-111.145833333333,33.0625
1,-111.104166666667,33.0625
1,-111.0625,33.0625
1,-111.020833333333,33.0625
1,-110.979166666667,33.0625
1,-110.9375,33.0625
1,-110.895833333333,33.0625
1,-110.854166666667,33.0625
0.999999999999965,-110.8125,33.0625
0.999999999998705,-110.770833333333,33.0625
0.999999999549207,-110.729166666667,33.0625
0.999999998064908,-110.6875,33.0625
0.999999998242261,-110.645833333333,33.0625
0.999999978737644,-110.604166666667,33.0625
0.999999983594615,-110.5625,33.0625
0.999999997876044,-110.520833333333,33.0625
0.999999965991106,-110.479166666667,33.0625
0.999995027450534,-110.4375,33.0625
0.99985113509693,-110.395833333333,33.0625
0.998005830678521,-110.354166666667,33.0625
0.987451629601632,-110.3125,33.0625
0.977165306707184,-110.270833333333,33.0625
0.992222534577295,-110.229166666667,33.0625
0.99879054613363,-110.1875,33.0625
0.990904692070603,-110.145833333333,33.0625
0.903565929104281,-110.104166666667,33.0625
0.789150047100181,-110.0625,33.0625
0.77434313533933,-110.020833333333,33.0625
0.813351206575942,-109.979166666667,33.0625
0.885691034144311,-109.9375,33.0625
0.91563226101574,-109.895833333333,33.0625
0.900534644913746,-109.854166666667,33.0625
0.877159649355913,-109.8125,33.0625
0.907353498866683,-109.770833333333,33.0625
0.92370452327606,-109.729166666667,33.0625
0.852264045615289,-109.6875,33.0625
0.748837466866752,-109.645833333333,33.0625
0.606578934166243,-109.604166666667,33.0625
0.505390137157613,-109.5625,33.0625
0.553349137878764,-109.520833333333,33.0625
0.557780347240723,-109.479166666667,33.0625
0.565233645284326,-109.4375,33.0625
0.607395862520547,-109.395833333333,33.0625
0.609458358787824,-109.354166666667,33.0625
0.60222335489948,-109.3125,33.0625
0.556946278423506,-109.270833333333,33.0625
0.52439838679079,-116.979166666667,33.0208333333333
0.519507663367941,-116.9375,33.0208333333333
0.662184147889747,-116.770833333333,33.0208333333333
0.764734648962345,-116.729166666667,33.0208333333333
0.958285975388654,-116.6875,33.0208333333333
0.999951754556895,-116.645833333333,33.0208333333333
0.999999999842276,-116.604166666667,33.0208333333333
0.999999996086711,-116.5625,33.0208333333333
0.991326271658766,-116.520833333333,33.0208333333333
0.72297517706216,-116.479166666667,33.0208333333333
0.557346929742014,-116.354166666667,33.0208333333333
0.640273031772087,-116.3125,33.0208333333333
0.562907264408253,-116.270833333333,33.0208333333333
0.953911951449935,-115.354166666667,33.0208333333333
0.962811197242966,-115.3125,33.0208333333333
0.970156826259035,-115.270833333333,33.0208333333333
0.978107160771927,-115.229166666667,33.0208333333333
0.984996611672668,-115.1875,33.0208333333333
0.985828882312395,-115.145833333333,33.0208333333333
0.987383685282636,-115.104166666667,33.0208333333333
0.992373022541809,-115.0625,33.0208333333333
0.997699760617078,-115.020833333333,33.0208333333333
0.999662887476598,-114.979166666667,33.0208333333333
0.999961435129929,-114.9375,33.0208333333333
0.999991941768778,-114.895833333333,33.0208333333333
0.999996956749258,-114.854166666667,33.0208333333333
0.999998594965622,-114.8125,33.0208333333333
0.999995849676136,-114.770833333333,33.0208333333333
0.99992655970841,-114.729166666667,33.0208333333333
0.999156315477483,-114.6875,33.0208333333333
0.997811779975999,-114.645833333333,33.0208333333333
0.998236805896767,-114.604166666667,33.0208333333333
0.999384302093341,-114.5625,33.0208333333333
0.998501703750824,-114.520833333333,33.0208333333333
0.996822666221371,-114.479166666667,33.0208333333333
0.997016805219144,-114.4375,33.0208333333333
0.998285147834856,-114.395833333333,33.0208333333333
0.999424250714868,-114.354166666667,33.0208333333333
0.999584543941882,-114.3125,33.0208333333333
0.99945951580372,-114.270833333333,33.0208333333333
0.999533224284471,-114.229166666667,33.0208333333333
0.999857949685337,-114.1875,33.0208333333333
0.999999588125569,-114.145833333333,33.0208333333333
0.999999446950053,-114.104166666667,33.0208333333333
0.999999400285817,-114.0625,33.0208333333333
0.999999374716924,-114.020833333333,33.0208333333333
0.999949785428314,-113.979166666667,33.0208333333333
0.990620696210489,-113.9375,33.0208333333333
0.982718426425632,-113.895833333333,33.0208333333333
0.978914354047834,-113.854166666667,33.0208333333333
0.977247752039367,-113.8125,33.0208333333333
0.980852122102475,-113.770833333333,33.0208333333333
0.984729680069751,-113.729166666667,33.0208333333333
0.991605434960695,-113.6875,33.0208333333333
0.991491766264133,-113.645833333333,33.0208333333333
0.978607587032091,-113.604166666667,33.0208333333333
0.995736247241241,-113.5625,33.0208333333333
0.994744404023884,-113.520833333333,33.0208333333333
0.994313956985833,-113.479166666667,33.0208333333333
0.993592746759599,-113.4375,33.0208333333333
0.993617661817189,-113.395833333333,33.0208333333333
0.995627520829221,-113.354166666667,33.0208333333333
0.996149119988558,-113.3125,33.0208333333333
0.995124898556712,-113.270833333333,33.0208333333333
0.994621179099692,-113.229166666667,33.0208333333333
0.995448996179221,-113.1875,33.0208333333333
0.996150817358027,-113.145833333333,33.0208333333333
0.996937155214893,-113.104166666667,33.0208333333333
0.99742622718087,-113.0625,33.0208333333333
0.998375541246177,-113.020833333333,33.0208333333333
0.99897557047877,-112.979166666667,33.0208333333333
0.999328445968839,-112.9375,33.0208333333333
0.999425757352563,-112.895833333333,33.0208333333333
0.99956962757709,-112.854166666667,33.0208333333333
0.999676119997707,-112.8125,33.0208333333333
0.999686332654142,-112.770833333333,33.0208333333333
0.999658165685939,-112.729166666667,33.0208333333333
0.999782731244024,-112.6875,33.0208333333333
0.999738343370157,-112.645833333333,33.0208333333333
0.99962646982548,-112.604166666667,33.0208333333333
0.999293160764054,-112.5625,33.0208333333333
0.999193335041942,-112.520833333333,33.0208333333333
0.999731992914306,-112.479166666667,33.0208333333333
0.999835789992163,-112.4375,33.0208333333333
0.999863550425633,-112.395833333333,33.0208333333333
0.999886537993186,-112.354166666667,33.0208333333333
0.999887429791186,-112.3125,33.0208333333333
0.999851363438777,-112.270833333333,33.0208333333333
0.999779669111834,-112.229166666667,33.0208333333333
0.999777909610259,-112.1875,33.0208333333333
0.999484117722098,-112.145833333333,33.0208333333333
0.998670511654453,-112.104166666667,33.0208333333333
0.998174228932202,-112.0625,33.0208333333333
0.998369549437819,-112.020833333333,33.0208333333333
0.998485419529644,-111.979166666667,33.0208333333333
0.998930738890321,-111.9375,33.0208333333333
0.999396230751265,-111.895833333333,33.0208333333333
0.999865613848826,-111.854166666667,33.0208333333333
0.999990027712762,-111.8125,33.0208333333333
0.999991726017719,-111.770833333333,33.0208333333333
0.999998801901069,-111.729166666667,33.0208333333333
0.999998975558345,-111.6875,33.0208333333333
0.999931856034985,-111.645833333333,33.0208333333333
0.999781621709052,-111.604166666667,33.0208333333333
0.99985756328032,-111.5625,33.0208333333333
0.99995104253324,-111.520833333333,33.0208333333333
0.999985915861058,-111.479166666667,33.0208333333333
0.999997733975667,-111.4375,33.0208333333333
0.999999743112737,-111.395833333333,33.0208333333333
0.999999964877706,-111.354166666667,33.0208333333333
0.99999999936421,-111.3125,33.0208333333333
0.958021839746645,-111.270833333333,33.0208333333333
0.989141331602834,-111.229166666667,33.0208333333333
1,-111.1875,33.0208333333333
1,-111.145833333333,33.0208333333333
1,-111.104166666667,33.0208333333333
1,-111.0625,33.0208333333333
1,-111.020833333333,33.0208333333333
1,-110.979166666667,33.0208333333333
1,-110.9375,33.0208333333333
1,-110.895833333333,33.0208333333333
0.999999999999961,-110.854166666667,33.0208333333333
0.999999999582322,-110.8125,33.0208333333333
0.999999939348691,-110.770833333333,33.0208333333333
0.999999657217435,-110.729166666667,33.0208333333333
0.999999914101002,-110.6875,33.0208333333333
0.999999976797958,-110.645833333333,33.0208333333333
0.999999963114683,-110.604166666667,33.0208333333333
0.999999978353966,-110.5625,33.0208333333333
0.999999992498104,-110.520833333333,33.0208333333333
0.999999939521906,-110.479166666667,33.0208333333333
0.999997170090405,-110.4375,33.0208333333333
0.999888378009748,-110.395833333333,33.0208333333333
0.994431397824022,-110.354166666667,33.0208333333333
0.98065705273912,-110.3125,33.0208333333333
0.984203669938081,-110.270833333333,33.0208333333333
0.994615075057139,-110.229166666667,33.0208333333333
0.997584747288693,-110.1875,33.0208333333333
0.988767569662466,-110.145833333333,33.0208333333333
0.934812096086121,-110.104166666667,33.0208333333333
0.850064631289903,-110.0625,33.0208333333333
0.780140189620317,-110.020833333333,33.0208333333333
0.744617111222795,-109.979166666667,33.0208333333333
0.776544696452414,-109.9375,33.0208333333333
0.838855795601944,-109.895833333333,33.0208333333333
0.881599491534278,-109.854166666667,33.0208333333333
0.908556601534961,-109.8125,33.0208333333333
0.940228716321176,-109.770833333333,33.0208333333333
0.960820395965706,-109.729166666667,33.0208333333333
0.927773646666365,-109.6875,33.0208333333333
0.837663411508184,-109.645833333333,33.0208333333333
0.740216207132527,-109.604166666667,33.0208333333333
0.576859126122392,-109.5625,33.0208333333333
0.590565373163418,-109.520833333333,33.0208333333333
0.606174943182778,-109.479166666667,33.0208333333333
0.630194379617949,-109.4375,33.0208333333333
0.641087265096178,-109.395833333333,33.0208333333333
0.653121811206064,-109.354166666667,33.0208333333333
0.665649134465161,-109.3125,33.0208333333333
0.614622757288047,-109.270833333333,33.0208333333333
0.539046142998398,-109.229166666667,33.0208333333333
0.510146180082047,-116.979166666667,32.9791666666667
0.556083419045666,-116.9375,32.9791666666667
0.513963869640202,-116.854166666667,32.9791666666667
0.611590045740343,-116.8125,32.9791666666667
0.601622821018623,-116.770833333333,32.9791666666667
0.660651484367178,-116.729166666667,32.9791666666667
0.918572444011352,-116.6875,32.9791666666667
0.998526059072831,-116.645833333333,32.9791666666667
0.99999999905565,-116.604166666667,32.9791666666667
0.999999965220783,-116.5625,32.9791666666667
0.999695192197862,-116.520833333333,32.9791666666667
0.777942226353971,-116.479166666667,32.9791666666667
0.933594370553243,-115.4375,32.9791666666667
0.943685995030958,-115.395833333333,32.9791666666667
0.950432519744934,-115.354166666667,32.9791666666667
0.959070861996929,-115.3125,32.9791666666667
0.968584144952794,-115.270833333333,32.9791666666667
0.974639402873129,-115.229166666667,32.9791666666667
0.980707375168165,-115.1875,32.9791666666667
0.985566858715155,-115.145833333333,32.9791666666667
0.985421758990202,-115.104166666667,32.9791666666667
0.986192445300785,-115.0625,32.9791666666667
0.991555192625708,-115.020833333333,32.9791666666667
0.997189827678206,-114.979166666667,32.9791666666667
0.999385082320806,-114.9375,32.9791666666667
0.999850731727602,-114.895833333333,32.9791666666667
0.999938389128106,-114.854166666667,32.9791666666667
0.999966988891057,-114.8125,32.9791666666667
0.999966335968072,-114.770833333333,32.9791666666667
0.999948030936146,-114.729166666667,32.9791666666667
0.999910134522156,-114.6875,32.9791666666667
0.999783849067898,-114.645833333333,32.9791666666667
0.999684041432416,-114.604166666667,32.9791666666667
0.999839616488586,-114.5625,32.9791666666667
0.999366366207432,-114.520833333333,32.9791666666667
0.997074234244262,-114.479166666667,32.9791666666667
0.996970952655521,-114.4375,32.9791666666667
0.99835604764218,-114.395833333333,32.9791666666667
0.999517972926358,-114.354166666667,32.9791666666667
0.999630475012709,-114.3125,32.9791666666667
0.999503534539362,-114.270833333333,32.9791666666667
0.999546125114916,-114.229166666667,32.9791666666667
0.999684516320578,-114.1875,32.9791666666667
0.999879247933999,-114.145833333333,32.9791666666667
0.999998404266982,-114.104166666667,32.9791666666667
0.999998402926624,-114.0625,32.9791666666667
0.999998747718794,-114.020833333333,32.9791666666667
0.999949231508535,-113.979166666667,32.9791666666667
0.991373598891941,-113.9375,32.9791666666667
0.981059615950832,-113.895833333333,32.9791666666667
0.977270980269635,-113.854166666667,32.9791666666667
0.975582103355241,-113.8125,32.9791666666667
0.979677552401772,-113.770833333333,32.9791666666667
0.98121962644465,-113.729166666667,32.9791666666667
0.983288218739665,-113.6875,32.9791666666667
0.989022135738904,-113.645833333333,32.9791666666667
0.986019252751546,-113.604166666667,32.9791666666667
0.996537407218334,-113.5625,32.9791666666667
0.99594033467208,-113.520833333333,32.9791666666667
0.99587708801647,-113.479166666667,32.9791666666667
0.995436433893191,-113.4375,32.9791666666667
0.995667407060396,-113.395833333333,32.9791666666667
0.996648544483887,-113.354166666667,32.9791666666667
0.99637614512079,-113.3125,32.9791666666667
0.995394625356264,-113.270833333333,32.9791666666667
0.995724111222871,-113.229166666667,32.9791666666667
0.996083925776567,-113.1875,32.9791666666667
0.996357296293959,-113.145833333333,32.9791666666667
0.996612589982808,-113.104166666667,32.9791666666667
0.997156601489701,-113.0625,32.9791666666667
0.997998370994522,-113.020833333333,32.9791666666667
0.998524554093623,-112.979166666667,32.9791666666667
0.999126269965467,-112.9375,32.9791666666667
0.999406877990105,-112.895833333333,32.9791666666667
0.999590347544958,-112.854166666667,32.9791666666667
0.99970317098074,-112.8125,32.9791666666667
0.999771457979367,-112.770833333333,32.9791666666667
0.99979173710012,-112.729166666667,32.9791666666667
0.999806646220492,-112.6875,32.9791666666667
0.999741346430984,-112.645833333333,32.9791666666667
0.999621277434771,-112.604166666667,32.9791666666667
0.999284050487458,-112.5625,32.9791666666667
0.998456551156237,-112.520833333333,32.9791666666667
0.998694486134387,-112.479166666667,32.9791666666667
0.99964006630266,-112.4375,32.9791666666667
0.999875971500572,-112.395833333333,32.9791666666667
0.999885488015116,-112.354166666667,32.9791666666667
0.999880291131513,-112.3125,32.9791666666667
0.999823993495884,-112.270833333333,32.9791666666667
0.999715911306921,-112.229166666667,32.9791666666667
0.999657356911191,-112.1875,32.9791666666667
0.99936506698177,-112.145833333333,32.9791666666667
0.998429273770952,-112.104166666667,32.9791666666667
0.997652695334753,-112.0625,32.9791666666667
0.997894277698331,-112.020833333333,32.9791666666667
0.998075247264001,-111.979166666667,32.9791666666667
0.998424225493456,-111.9375,32.9791666666667
0.998888348550376,-111.895833333333,32.9791666666667
0.999678097594883,-111.854166666667,32.9791666666667
0.999968157452735,-111.8125,32.9791666666667
0.999969402600339,-111.770833333333,32.9791666666667
0.999986491081925,-111.729166666667,32.9791666666667
0.99999559405048,-111.6875,32.9791666666667
0.999953716032885,-111.645833333333,32.9791666666667
0.999866719456628,-111.604166666667,32.9791666666667
0.999911443628165,-111.5625,32.9791666666667
0.999945673930381,-111.520833333333,32.9791666666667
0.999979865768407,-111.479166666667,32.9791666666667
0.999998013281886,-111.4375,32.9791666666667
0.999999856707203,-111.395833333333,32.9791666666667
0.999999990679075,-111.354166666667,32.9791666666667
0.9999999999265,-111.3125,32.9791666666667
0.999999999999967,-111.270833333333,32.9791666666667
1,-111.229166666667,32.9791666666667
1,-111.1875,32.9791666666667
1,-111.145833333333,32.9791666666667
1,-111.104166666667,32.9791666666667
1,-111.0625,32.9791666666667
1,-111.020833333333,32.9791666666667
1,-110.979166666667,32.9791666666667
1,-110.9375,32.9791666666667
0.999999999999996,-110.895833333333,32.9791666666667
0.999999999766844,-110.854166666667,32.9791666666667
0.999999403291815,-110.8125,32.9791666666667
0.999956799926361,-110.770833333333,32.9791666666667
0.999943718245052,-110.729166666667,32.9791666666667
0.999997094555824,-110.6875,32.9791666666667
0.999999864546088,-110.645833333333,32.9791666666667
0.999999829345367,-110.604166666667,32.9791666666667
0.999999927800917,-110.5625,32.9791666666667
0.999999985743833,-110.520833333333,32.9791666666667
0.999999928057759,-110.479166666667,32.9791666666667
0.999998554581431,-110.4375,32.9791666666667
0.999989005851872,-110.395833333333,32.9791666666667
0.999634877820696,-110.354166666667,32.9791666666667
0.998181553159309,-110.3125,32.9791666666667
0.997564565821114,-110.270833333333,32.9791666666667
0.995581652311384,-110.229166666667,32.9791666666667
0.988189287317794,-110.1875,32.9791666666667
0.975868012433337,-110.145833333333,32.9791666666667
0.963293077657389,-110.104166666667,32.9791666666667
0.907702686864478,-110.0625,32.9791666666667
0.820189567239419,-110.020833333333,32.9791666666667
0.748842313987599,-109.979166666667,32.9791666666667
0.732322931350836,-109.9375,32.9791666666667
0.756063964543188,-109.895833333333,32.9791666666667
0.797191257726357,-109.854166666667,32.9791666666667
0.844201032388049,-109.8125,32.9791666666667
0.881659535105812,-109.770833333333,32.9791666666667
0.926094432625032,-109.729166666667,32.9791666666667
0.940683915865693,-109.6875,32.9791666666667
0.905276454333488,-109.645833333333,32.9791666666667
0.824597819825911,-109.604166666667,32.9791666666667
0.67661084102146,-109.5625,32.9791666666667
0.654312511339158,-109.520833333333,32.9791666666667
0.673544257836428,-109.479166666667,32.9791666666667
0.669414706077443,-109.4375,32.9791666666667
0.634667709710287,-109.395833333333,32.9791666666667
0.643113192021781,-109.354166666667,32.9791666666667
0.655519695936363,-109.3125,32.9791666666667
0.629073905466559,-109.270833333333,32.9791666666667
0.58728367039978,-109.229166666667,32.9791666666667
0.517211060316401,-109.1875,32.9791666666667
0.504374811060451,-116.895833333333,32.9375
0.621680360397204,-116.854166666667,32.9375
0.769403694125687,-116.8125,32.9375
0.652564959653784,-116.770833333333,32.9375
0.732189263604815,-116.729166666667,32.9375
0.866657056545717,-116.6875,32.9375
0.987423303227333,-116.645833333333,32.9375
0.999998708438284,-116.604166666667,32.9375
0.999990041606389,-116.5625,32.9375
0.999926643192387,-116.520833333333,32.9375
0.993490122349136,-116.479166666667,32.9375
0.640368778470022,-116.4375,32.9375
0.933527181774933,-115.4375,32.9375
0.94183211276605,-115.395833333333,32.9375
0.947496708433071,-115.354166666667,32.9375
0.956473587384144,-115.3125,32.9375
0.966821152017841,-115.270833333333,32.9375
0.971889102582552,-115.229166666667,32.9375
0.974934166637888,-115.1875,32.9375
0.97957259727191,-115.145833333333,32.9375
0.983514705558788,-115.104166666667,32.9375
0.984658191167124,-115.0625,32.9375
0.984093956727969,-115.020833333333,32.9375
0.988873359928633,-114.979166666667,32.9375
0.995496024142954,-114.9375,32.9375
0.998548355109892,-114.895833333333,32.9375
0.999502160862803,-114.854166666667,32.9375
0.999790674369765,-114.8125,32.9375
0.999829751940757,-114.770833333333,32.9375
0.999848779887144,-114.729166666667,32.9375
0.999938406599425,-114.6875,32.9375
0.999955825629184,-114.645833333333,32.9375
0.999957001099538,-114.604166666667,32.9375
0.999935915156339,-114.5625,32.9375
0.999619051096095,-114.520833333333,32.9375
0.998221256993796,-114.479166666667,32.9375
0.998038711351949,-114.4375,32.9375
0.99859044390456,-114.395833333333,32.9375
0.999328910581891,-114.354166666667,32.9375
0.999501872019791,-114.3125,32.9375
0.999432653673078,-114.270833333333,32.9375
0.99953025610397,-114.229166666667,32.9375
0.999496205697923,-114.1875,32.9375
0.99949891217001,-114.145833333333,32.9375
0.999498646604615,-114.104166666667,32.9375
0.999983288332633,-114.0625,32.9375
0.99999176479813,-114.020833333333,32.9375
0.999910621007004,-113.979166666667,32.9375
0.989391776965831,-113.9375,32.9375
0.978906217524465,-113.895833333333,32.9375
0.978074685135914,-113.854166666667,32.9375
0.977299621445565,-113.8125,32.9375
0.979145232373136,-113.770833333333,32.9375
0.979298359771965,-113.729166666667,32.9375
0.978976485313486,-113.6875,32.9375
0.980545496694705,-113.645833333333,32.9375
0.9796458841751,-113.604166666667,32.9375
0.996174424113305,-113.5625,32.9375
0.996634375360601,-113.520833333333,32.9375
0.99687453998351,-113.479166666667,32.9375
0.996932049767972,-113.4375,32.9375
0.997112270853696,-113.395833333333,32.9375
0.997032076568085,-113.354166666667,32.9375
0.996248519163518,-113.3125,32.9375
0.996092649780518,-113.270833333333,32.9375
0.99663358803476,-113.229166666667,32.9375
0.996782620952449,-113.1875,32.9375
0.997135912148537,-113.145833333333,32.9375
0.996647942376198,-113.104166666667,32.9375
0.996996459164143,-113.0625,32.9375
0.997439213276607,-113.020833333333,32.9375
0.99794503196688,-112.979166666667,32.9375
0.998862465666329,-112.9375,32.9375
0.999358894317636,-112.895833333333,32.9375
0.999604663209565,-112.854166666667,32.9375
0.999738024937781,-112.8125,32.9375
0.99977149365967,-112.770833333333,32.9375
0.999754147028585,-112.729166666667,32.9375
0.999721212809868,-112.6875,32.9375
0.9996664854031,-112.645833333333,32.9375
0.999531095510434,-112.604166666667,32.9375
0.999121615996567,-112.5625,32.9375
0.998261227770358,-112.520833333333,32.9375
0.997879260631447,-112.479166666667,32.9375
0.999548289894432,-112.4375,32.9375
0.999950582369365,-112.395833333333,32.9375
0.999951709659519,-112.354166666667,32.9375
0.999881943537862,-112.3125,32.9375
0.999693640200461,-112.270833333333,32.9375
0.999545834442622,-112.229166666667,32.9375
0.99952594268595,-112.1875,32.9375
0.999055281173079,-112.145833333333,32.9375
0.99816886964322,-112.104166666667,32.9375
0.997480286783352,-112.0625,32.9375
0.997028473217637,-112.020833333333,32.9375
0.99729590261889,-111.979166666667,32.9375
0.997902136081427,-111.9375,32.9375
0.998138574439739,-111.895833333333,32.9375
0.998573790218675,-111.854166666667,32.9375
0.999220089347463,-111.8125,32.9375
0.999288019842588,-111.770833333333,32.9375
0.999417352984149,-111.729166666667,32.9375
0.999620692195785,-111.6875,32.9375
0.999734974075244,-111.645833333333,32.9375
0.999865238366475,-111.604166666667,32.9375
0.999932372207503,-111.5625,32.9375
0.999953255100606,-111.520833333333,32.9375
0.999987381185914,-111.479166666667,32.9375
0.999998653060634,-111.4375,32.9375
0.999999895545562,-111.395833333333,32.9375
0.999999993491474,-111.354166666667,32.9375
0.999999999891109,-111.3125,32.9375
0.999999999999251,-111.270833333333,32.9375
1,-111.229166666667,32.9375
1,-111.1875,32.9375
1,-111.145833333333,32.9375
0.999999999999999,-111.104166666667,32.9375
0.999999999999985,-111.0625,32.9375
0.999999999998843,-111.020833333333,32.9375
0.999999999968833,-110.979166666667,32.9375
0.999999999706785,-110.9375,32.9375
0.999999996463776,-110.895833333333,32.9375
0.99999993932842,-110.854166666667,32.9375
0.999992308006083,-110.8125,32.9375
0.999445129811034,-110.770833333333,32.9375
0.998237171518737,-110.729166666667,32.9375
0.999846609132137,-110.6875,32.9375
0.999999203716234,-110.645833333333,32.9375
0.99999986391052,-110.604166666667,32.9375
0.999999540037695,-110.5625,32.9375
0.999999580960144,-110.520833333333,32.9375
0.999997767177983,-110.479166666667,32.9375
0.999974577424174,-110.4375,32.9375
0.999980210929938,-110.395833333333,32.9375
0.999983380129207,-110.354166666667,32.9375
0.999953513307347,-110.3125,32.9375
0.999758776543198,-110.270833333333,32.9375
0.998745718330986,-110.229166666667,32.9375
0.996980305273756,-110.1875,32.9375
0.981286378508581,-110.145833333333,32.9375
0.987182195073801,-110.104166666667,32.9375
0.941800376099294,-110.0625,32.9375
0.852766900995532,-110.020833333333,32.9375
0.782352612408457,-109.979166666667,32.9375
0.739713467474376,-109.9375,32.9375
0.723103866362025,-109.895833333333,32.9375
0.728495861840659,-109.854166666667,32.9375
0.733473548181708,-109.8125,32.9375
0.731158395264461,-109.770833333333,32.9375
0.756782793072707,-109.729166666667,32.9375
0.816463789368166,-109.6875,32.9375
0.851446647799006,-109.645833333333,32.9375
0.85816443733705,-109.604166666667,32.9375
0.755357724711206,-109.5625,32.9375
0.669599497809753,-109.520833333333,32.9375
0.639364482552299,-109.479166666667,32.9375
0.609602359165348,-109.4375,32.9375
0.574202642029673,-109.395833333333,32.9375
0.516555235497263,-109.354166666667,32.9375
0.533481380593977,-109.270833333333,32.9375
0.557492262758973,-109.229166666667,32.9375
0.515276245344652,-109.1875,32.9375
0.583598052081873,-116.854166666667,32.8958333333333
0.711783062257551,-116.8125,32.8958333333333
0.701921147080131,-116.770833333333,32.8958333333333
0.772010288009827,-116.729166666667,32.8958333333333
0.83355683015592,-116.6875,32.8958333333333
0.967649554322722,-116.645833333333,32.8958333333333
0.995671366647275,-116.604166666667,32.8958333333333
0.99938620604161,-116.5625,32.8958333333333
0.999171387593556,-116.520833333333,32.8958333333333
0.998058076406572,-116.479166666667,32.8958333333333
0.965985017149235,-116.4375,32.8958333333333
0.613798486283331,-116.395833333333,32.8958333333333
0.510985686573836,-116.354166666667,32.8958333333333
0.939466568789653,-115.4375,32.8958333333333
0.944679126287674,-115.395833333333,32.8958333333333
0.949282143195899,-115.354166666667,32.8958333333333
0.957714396826453,-115.3125,32.8958333333333
0.966847329842108,-115.229166666667,32.8958333333333
0.970549522431752,-115.1875,32.8958333333333
0.972123046634395,-115.145833333333,32.8958333333333
0.975575885193085,-115.104166666667,32.8958333333333
0.979231391488856,-115.0625,32.8958333333333
0.978802702629336,-115.020833333333,32.8958333333333
0.977672261771341,-114.979166666667,32.8958333333333
0.985043642294138,-114.9375,32.8958333333333
0.99328759403012,-114.895833333333,32.8958333333333
0.997950107902139,-114.854166666667,32.8958333333333
0.999556884703012,-114.8125,32.8958333333333
0.999456105931725,-114.770833333333,32.8958333333333
0.999243036760991,-114.729166666667,32.8958333333333
0.999686178249127,-114.6875,32.8958333333333
0.999807890503886,-114.645833333333,32.8958333333333
0.999919789659058,-114.604166666667,32.8958333333333
0.999938637331236,-114.5625,32.8958333333333
0.999473723640924,-114.520833333333,32.8958333333333
0.998391652774238,-114.479166666667,32.8958333333333
0.99858069601307,-114.4375,32.8958333333333
0.998960903860506,-114.395833333333,32.8958333333333
0.999059033644609,-114.354166666667,32.8958333333333
0.999103762476138,-114.3125,32.8958333333333
0.999171118888075,-114.270833333333,32.8958333333333
0.999394924549253,-114.229166666667,32.8958333333333
0.999363553462633,-114.1875,32.8958333333333
0.998748022264242,-114.145833333333,32.8958333333333
0.997560447963536,-114.104166666667,32.8958333333333
0.997593029402366,-114.0625,32.8958333333333
0.999901621052976,-114.020833333333,32.8958333333333
0.999685437209544,-113.979166666667,32.8958333333333
0.985303932378205,-113.9375,32.8958333333333
0.97636592996492,-113.895833333333,32.8958333333333
0.978452251251952,-113.854166666667,32.8958333333333
0.979644801654715,-113.8125,32.8958333333333
0.97976423156397,-113.770833333333,32.8958333333333
0.978370787960527,-113.729166666667,32.8958333333333
0.978824705543439,-113.6875,32.8958333333333
0.980902669468574,-113.645833333333,32.8958333333333
0.979747293219158,-113.604166666667,32.8958333333333
0.978083443137922,-113.5625,32.8958333333333
0.979256914038843,-113.520833333333,32.8958333333333
0.982067786024563,-113.479166666667,32.8958333333333
0.984722414979643,-113.4375,32.8958333333333
0.984506882907578,-113.395833333333,32.8958333333333
0.997290763530249,-113.354166666667,32.8958333333333
0.996644917855871,-113.3125,32.8958333333333
0.997417334826517,-113.270833333333,32.8958333333333
0.997192956228261,-113.229166666667,32.8958333333333
0.997019868665596,-113.1875,32.8958333333333
0.99719284343448,-113.145833333333,32.8958333333333
0.997206356333696,-113.104166666667,32.8958333333333
0.997160567394435,-113.0625,32.8958333333333
0.996967299119323,-113.020833333333,32.8958333333333
0.99764702132118,-112.979166666667,32.8958333333333
0.998534008877851,-112.9375,32.8958333333333
0.999069302136511,-112.895833333333,32.8958333333333
0.999423289303739,-112.854166666667,32.8958333333333
0.999656991721998,-112.8125,32.8958333333333
0.999692072743989,-112.770833333333,32.8958333333333
0.999558188168883,-112.729166666667,32.8958333333333
0.999546007286521,-112.6875,32.8958333333333
0.999520442766409,-112.645833333333,32.8958333333333
0.999357364444082,-112.604166666667,32.8958333333333
0.998877313152168,-112.5625,32.8958333333333
0.997945046885976,-112.520833333333,32.8958333333333
0.996644403088476,-112.479166666667,32.8958333333333
0.998236965934298,-112.4375,32.8958333333333
0.999679357234312,-112.395833333333,32.8958333333333
0.999839090173408,-112.354166666667,32.8958333333333
0.999749015370418,-112.3125,32.8958333333333
0.999447704066142,-112.270833333333,32.8958333333333
0.999482153145308,-112.229166666667,32.8958333333333
0.999604897374384,-112.1875,32.8958333333333
0.998954436889352,-112.145833333333,32.8958333333333
0.997775565986291,-112.104166666667,32.8958333333333
0.99726491497962,-112.0625,32.8958333333333
0.996591125343412,-112.020833333333,32.8958333333333
0.996732134407513,-111.979166666667,32.8958333333333
0.997840584534259,-111.9375,32.8958333333333
0.998076414959782,-111.895833333333,32.8958333333333
0.99804817854103,-111.854166666667,32.8958333333333
0.998123370207092,-111.8125,32.8958333333333
0.998038112251776,-111.770833333333,32.8958333333333
0.998072639297424,-111.729166666667,32.8958333333333
0.998487758453881,-111.6875,32.8958333333333
0.999508241709348,-111.645833333333,32.8958333333333
0.999871819069359,-111.604166666667,32.8958333333333
0.999943810347759,-111.5625,32.8958333333333
0.999971181186543,-111.520833333333,32.8958333333333
0.999989793057985,-111.479166666667,32.8958333333333
0.999998122803223,-111.4375,32.8958333333333
0.99999983613356,-111.395833333333,32.8958333333333
0.999999994366641,-111.354166666667,32.8958333333333
0.999999999662866,-111.3125,32.8958333333333
0.999999999958509,-111.270833333333,32.8958333333333
0.999999999998012,-111.229166666667,32.8958333333333
0.999999999999668,-111.1875,32.8958333333333
0.999999999997723,-111.145833333333,32.8958333333333
0.999999999001997,-111.104166666667,32.8958333333333
0.999999985512688,-111.0625,32.8958333333333
0.99999963605832,-111.020833333333,32.8958333333333
0.999997751399392,-110.979166666667,32.8958333333333
0.999997922481194,-110.9375,32.8958333333333
0.999999513101761,-110.895833333333,32.8958333333333
0.999999597087174,-110.854166666667,32.8958333333333
0.999990232303307,-110.8125,32.8958333333333
0.999306632434615,-110.770833333333,32.8958333333333
0.994726294470524,-110.729166666667,32.8958333333333
0.998122320239156,-110.6875,32.8958333333333
0.999905667864085,-110.645833333333,32.8958333333333
0.999995755175922,-110.604166666667,32.8958333333333
0.999998413464174,-110.5625,32.8958333333333
0.999999845031378,-110.520833333333,32.8958333333333
0.999991849211305,-110.479166666667,32.8958333333333
0.999677839176671,-110.4375,32.8958333333333
0.999571558394041,-110.395833333333,32.8958333333333
0.9997566338017,-110.354166666667,32.8958333333333
0.999956923442069,-110.3125,32.8958333333333
0.99996502152437,-110.270833333333,32.8958333333333
0.999858391713234,-110.229166666667,32.8958333333333
0.999974756893837,-110.1875,32.8958333333333
0.99870131523579,-110.145833333333,32.8958333333333
0.980278069782783,-110.104166666667,32.8958333333333
0.971519409783621,-110.0625,32.8958333333333
0.897711743597677,-110.020833333333,32.8958333333333
0.812523653423408,-109.979166666667,32.8958333333333
0.750827680499579,-109.9375,32.8958333333333
0.730840443459646,-109.895833333333,32.8958333333333
0.707197543517786,-109.854166666667,32.8958333333333
0.662156327113129,-109.8125,32.8958333333333
0.617905643927698,-109.770833333333,32.8958333333333
0.605426260305364,-109.729166666667,32.8958333333333
0.616963043499389,-109.6875,32.8958333333333
0.64656321012891,-109.645833333333,32.8958333333333
0.69542406793018,-109.604166666667,32.8958333333333
0.700879231065459,-109.5625,32.8958333333333
0.60843577841974,-109.520833333333,32.8958333333333
0.595203867106779,-109.479166666667,32.8958333333333
0.597169881352429,-109.4375,32.8958333333333
0.527834664255531,-109.395833333333,32.8958333333333
0.56044702559449,-116.854166666667,32.8541666666667
0.658634612078499,-116.8125,32.8541666666667
0.761026231163849,-116.770833333333,32.8541666666667
0.888431916986347,-116.729166666667,32.8541666666667
0.891224005432175,-116.6875,32.8541666666667
0.971142658668033,-116.645833333333,32.8541666666667
0.979130469577506,-116.604166666667,32.8541666666667
0.987180387921903,-116.5625,32.8541666666667
0.984385518057719,-116.520833333333,32.8541666666667
0.989606178469853,-116.479166666667,32.8541666666667
0.988787883825494,-116.4375,32.8541666666667
0.910265975406102,-116.395833333333,32.8541666666667
0.608885359137702,-116.354166666667,32.8541666666667
0.511811778741803,-116.3125,32.8541666666667
0.951207098723603,-115.395833333333,32.8541666666667
0.95290883196516,-115.354166666667,32.8541666666667
0.955989375324865,-115.3125,32.8541666666667
0.959854343508896,-115.270833333333,32.8541666666667
0.96334307303274,-115.229166666667,32.8541666666667
0.967667092914428,-115.1875,32.8541666666667
0.966959816661899,-115.145833333333,32.8541666666667
0.965480030372142,-115.104166666667,32.8541666666667
0.966629361587864,-115.0625,32.8541666666667
0.968402030987339,-115.020833333333,32.8541666666667
0.965959831480559,-114.979166666667,32.8541666666667
0.968455752813207,-114.9375,32.8541666666667
0.980013229263769,-114.895833333333,32.8541666666667
0.991483811427037,-114.854166666667,32.8541666666667
0.996268275793526,-114.8125,32.8541666666667
0.99678648945085,-114.770833333333,32.8541666666667
0.996573503656805,-114.729166666667,32.8541666666667
0.998252436012575,-114.6875,32.8541666666667
0.998774762474087,-114.645833333333,32.8541666666667
0.999134763220889,-114.604166666667,32.8541666666667
0.999365490682663,-114.5625,32.8541666666667
0.99906307352306,-114.520833333333,32.8541666666667
0.99830197291359,-114.479166666667,32.8541666666667
0.998613705812218,-114.4375,32.8541666666667
0.998809123653506,-114.395833333333,32.8541666666667
0.99848774139585,-114.354166666667,32.8541666666667
0.998641215696492,-114.3125,32.8541666666667
0.999046295702641,-114.270833333333,32.8541666666667
0.999311873266123,-114.229166666667,32.8541666666667
0.999193214070991,-114.1875,32.8541666666667
0.99809062327423,-114.145833333333,32.8541666666667
0.994910489414187,-114.104166666667,32.8541666666667
0.999004621907593,-114.0625,32.8541666666667
0.998778451936491,-114.020833333333,32.8541666666667
0.997249202734884,-113.979166666667,32.8541666666667
0.994519593241957,-113.9375,32.8541666666667
0.994226261602439,-113.895833333333,32.8541666666667
0.995941718708713,-113.854166666667,32.8541666666667
0.980483680726998,-113.8125,32.8541666666667
0.981494493353755,-113.770833333333,32.8541666666667
0.982139970457606,-113.729166666667,32.8541666666667
0.980872111776708,-113.6875,32.8541666666667
0.97937926129419,-113.645833333333,32.8541666666667
0.977923845910425,-113.604166666667,32.8541666666667
0.984548359208561,-113.4375,32.8541666666667
0.986151811834254,-113.395833333333,32.8541666666667
0.99772590804952,-113.354166666667,32.8541666666667
0.997193461283087,-113.3125,32.8541666666667
0.998028091406218,-113.270833333333,32.8541666666667
0.99764098998195,-113.229166666667,32.8541666666667
0.99722851712908,-113.1875,32.8541666666667
0.99716095706862,-113.145833333333,32.8541666666667
0.997253536746774,-113.104166666667,32.8541666666667
0.996161477786791,-113.0625,32.8541666666667
0.996189902821569,-113.020833333333,32.8541666666667
0.996968421573857,-112.979166666667,32.8541666666667
0.997936873727331,-112.9375,32.8541666666667
0.998474275125529,-112.895833333333,32.8541666666667
0.99890485517938,-112.854166666667,32.8541666666667
0.999239744632995,-112.8125,32.8541666666667
0.999291415165723,-112.770833333333,32.8541666666667
0.998945359587949,-112.729166666667,32.8541666666667
0.998987499834906,-112.6875,32.8541666666667
0.999114318504177,-112.645833333333,32.8541666666667
0.998985654210765,-112.604166666667,32.8541666666667
0.998798210144722,-112.5625,32.8541666666667
0.998340643065904,-112.520833333333,32.8541666666667
0.996442916618481,-112.479166666667,32.8541666666667
0.994882148768074,-112.4375,32.8541666666667
0.996460178522529,-112.395833333333,32.8541666666667
0.998305734263803,-112.354166666667,32.8541666666667
0.999003478327342,-112.3125,32.8541666666667
0.999012230892602,-112.270833333333,32.8541666666667
0.999297030554154,-112.229166666667,32.8541666666667
0.999577047070419,-112.1875,32.8541666666667
0.999282162320179,-112.145833333333,32.8541666666667
0.998387443170533,-112.104166666667,32.8541666666667
0.997734540906603,-112.0625,32.8541666666667
0.996768684106918,-112.020833333333,32.8541666666667
0.996820322139681,-111.979166666667,32.8541666666667
0.997993912701613,-111.9375,32.8541666666667
0.99832868845582,-111.895833333333,32.8541666666667
0.998422055149951,-111.854166666667,32.8541666666667
0.998589345898519,-111.8125,32.8541666666667
0.998431207021953,-111.770833333333,32.8541666666667
0.998609643694755,-111.729166666667,32.8541666666667
0.998840518321122,-111.6875,32.8541666666667
0.99960862886208,-111.645833333333,32.8541666666667
0.999918932692081,-111.604166666667,32.8541666666667
0.999974893807889,-111.5625,32.8541666666667
0.999988208448574,-111.520833333333,32.8541666666667
0.999990584429898,-111.479166666667,32.8541666666667
0.999996329711989,-111.4375,32.8541666666667
0.999999822969075,-111.395833333333,32.8541666666667
0.999999999469085,-111.354166666667,32.8541666666667
0.999999999464951,-111.3125,32.8541666666667
0.999999997173087,-111.270833333333,32.8541666666667
0.999999994965501,-111.229166666667,32.8541666666667
0.999999996267264,-111.1875,32.8541666666667
0.999999995433046,-111.145833333333,32.8541666666667
0.999999537943808,-111.104166666667,32.8541666666667
0.999981690446527,-111.0625,32.8541666666667
0.999933012277115,-111.020833333333,32.8541666666667
0.999952390146243,-110.979166666667,32.8541666666667
0.999990483927481,-110.9375,32.8541666666667
0.99999684551371,-110.895833333333,32.8541666666667
0.999996558606458,-110.854166666667,32.8541666666667
0.999969745930413,-110.8125,32.8541666666667
0.999575367531085,-110.770833333333,32.8541666666667
0.996335559748093,-110.729166666667,32.8541666666667
0.994354078362369,-110.6875,32.8541666666667
0.997188619133521,-110.645833333333,32.8541666666667
0.999749073578713,-110.604166666667,32.8541666666667
0.99999980835121,-110.5625,32.8541666666667
0.999999999526039,-110.520833333333,32.8541666666667
0.999999670350164,-110.479166666667,32.8541666666667
0.999899617577914,-110.4375,32.8541666666667
0.999499216013274,-110.395833333333,32.8541666666667
0.998265454394223,-110.354166666667,32.8541666666667
0.99932435186299,-110.3125,32.8541666666667
0.999972113520384,-110.270833333333,32.8541666666667
0.999991552061805,-110.229166666667,32.8541666666667
0.999987154640898,-110.1875,32.8541666666667
0.999911713796683,-110.145833333333,32.8541666666667
0.989125454442936,-110.104166666667,32.8541666666667
0.981803364231421,-110.0625,32.8541666666667
0.945616463764225,-110.020833333333,32.8541666666667
0.885013906669187,-109.979166666667,32.8541666666667
0.823829090463321,-109.9375,32.8541666666667
0.795254011688824,-109.895833333333,32.8541666666667
0.72646936255489,-109.854166666667,32.8541666666667
0.642602437965276,-109.8125,32.8541666666667
0.591136182861481,-109.770833333333,32.8541666666667
0.563691596236262,-109.729166666667,32.8541666666667
0.546123392876065,-109.6875,32.8541666666667
0.552528123406326,-109.645833333333,32.8541666666667
0.556831755944724,-109.604166666667,32.8541666666667
0.548149670809511,-109.5625,32.8541666666667
0.54972243466594,-109.520833333333,32.8541666666667
0.591102357288622,-109.479166666667,32.8541666666667
0.595237609999032,-109.4375,32.8541666666667
0.530602843058281,-109.395833333333,32.8541666666667
0.578931655592502,-116.854166666667,32.8125
0.656621636353373,-116.8125,32.8125
0.7476905132301,-116.770833333333,32.8125
0.786655718163648,-116.729166666667,32.8125
0.850334975750303,-116.6875,32.8125
0.918822697559801,-116.645833333333,32.8125
0.957755131514184,-116.604166666667,32.8125
0.972946935395223,-116.5625,32.8125
0.971616440668006,-116.520833333333,32.8125
0.981129755169712,-116.479166666667,32.8125
0.969117325091565,-116.4375,32.8125
0.882369178915363,-116.395833333333,32.8125
0.708359973952062,-116.354166666667,32.8125
0.628802629828059,-116.3125,32.8125
0.539298050866621,-116.270833333333,32.8125
0.5177740731108,-116.104166666667,32.8125
0.563893558911765,-116.0625,32.8125
0.625913559262002,-116.020833333333,32.8125
0.521758535805409,-115.979166666667,32.8125
0.955596470810095,-115.395833333333,32.8125
0.954730738690788,-115.354166666667,32.8125
0.953716658506729,-115.3125,32.8125
0.954930264806648,-115.270833333333,32.8125
0.95819741672928,-115.229166666667,32.8125
0.963492891150732,-115.1875,32.8125
0.962234495326263,-115.145833333333,32.8125
0.959011690424335,-115.104166666667,32.8125
0.956231798110329,-115.0625,32.8125
0.954301625137596,-115.020833333333,32.8125
0.95276914573339,-114.979166666667,32.8125
0.950108454027997,-114.9375,32.8125
0.954697249598996,-114.895833333333,32.8125
0.969489414706484,-114.854166666667,32.8125
0.979443804909963,-114.8125,32.8125
0.98296637030777,-114.770833333333,32.8125
0.987537297784995,-114.729166666667,32.8125
0.993103761726334,-114.6875,32.8125
0.994863661867951,-114.645833333333,32.8125
0.995049970750812,-114.604166666667,32.8125
0.996007277713299,-114.5625,32.8125
0.997374529712973,-114.520833333333,32.8125
0.9985378509342,-114.479166666667,32.8125
0.999019953492034,-114.4375,32.8125
0.998849848595594,-114.395833333333,32.8125
0.997995160545378,-114.354166666667,32.8125
0.998830704687428,-114.3125,32.8125
0.999703411851827,-114.270833333333,32.8125
0.999792311880887,-114.229166666667,32.8125
0.999396884167984,-114.1875,32.8125
0.9998760068599,-114.145833333333,32.8125
0.998909389431669,-114.104166666667,32.8125
0.995477784317668,-114.0625,32.8125
0.993189934831301,-114.020833333333,32.8125
0.9903756188782,-113.979166666667,32.8125
0.989018033088811,-113.9375,32.8125
0.990490037691817,-113.895833333333,32.8125
0.994137746940804,-113.854166666667,32.8125
0.995607798134023,-113.8125,32.8125
0.978022354392019,-113.770833333333,32.8125
0.982990999757479,-113.729166666667,32.8125
0.984044000253361,-113.6875,32.8125
0.97915123459875,-113.645833333333,32.8125
0.979013762916954,-113.604166666667,32.8125
0.986680155394651,-113.395833333333,32.8125
0.986380026832152,-113.354166666667,32.8125
0.997429095175267,-113.3125,32.8125
0.9978604748684,-113.270833333333,32.8125
0.997798378835727,-113.229166666667,32.8125
0.997303111205963,-113.1875,32.8125
0.997013635208146,-113.145833333333,32.8125
0.996637261071151,-113.104166666667,32.8125
0.995092910314653,-113.0625,32.8125
0.995538531490267,-113.020833333333,32.8125
0.996428849573168,-112.979166666667,32.8125
0.997428280199183,-112.9375,32.8125
0.99783432336188,-112.895833333333,32.8125
0.998365751129782,-112.854166666667,32.8125
0.998389974357485,-112.8125,32.8125
0.998165216074028,-112.770833333333,32.8125
0.997316481588013,-112.729166666667,32.8125
0.997273948668025,-112.6875,32.8125
0.997756304382564,-112.645833333333,32.8125
0.998192268896561,-112.604166666667,32.8125
0.998873437436779,-112.5625,32.8125
0.998710352806991,-112.520833333333,32.8125
0.995934555668815,-112.479166666667,32.8125
0.993584911030032,-112.4375,32.8125
0.994693101513808,-112.395833333333,32.8125
0.997241041115822,-112.354166666667,32.8125
0.998066573344073,-112.3125,32.8125
0.998203509630612,-112.270833333333,32.8125
0.998778482110734,-112.229166666667,32.8125
0.999359758627012,-112.1875,32.8125
0.999720100702703,-112.145833333333,32.8125
0.999709572575368,-112.104166666667,32.8125
0.999350615406939,-112.0625,32.8125
0.998521338886705,-112.020833333333,32.8125
0.997675467195265,-111.979166666667,32.8125
0.998356753398348,-111.9375,32.8125
0.998683554343451,-111.895833333333,32.8125
0.99873804850488,-111.854166666667,32.8125
0.998999120743732,-111.8125,32.8125
0.999133392095759,-111.770833333333,32.8125
0.999565464978995,-111.729166666667,32.8125
0.999643620055273,-111.6875,32.8125
0.999733671601766,-111.645833333333,32.8125
0.999951653194368,-111.604166666667,32.8125
0.999990057250105,-111.5625,32.8125
0.999995485542003,-111.520833333333,32.8125
0.999994732437618,-111.479166666667,32.8125
0.999996742426928,-111.4375,32.8125
0.999999899849339,-111.395833333333,32.8125
0.999999999416165,-111.354166666667,32.8125
0.999999994485638,-111.3125,32.8125
0.999999884686349,-111.270833333333,32.8125
0.999999357709019,-111.229166666667,32.8125
0.99999936523202,-111.1875,32.8125
0.999999418729918,-111.145833333333,32.8125
0.99999205704456,-111.104166666667,32.8125
0.999846758373021,-111.0625,32.8125
0.999808207081249,-111.020833333333,32.8125
0.999975640088847,-110.979166666667,32.8125
0.999999316674572,-110.9375,32.8125
0.999997594243109,-110.895833333333,32.8125
0.9999390407369,-110.854166666667,32.8125
0.999655790095945,-110.8125,32.8125
0.999405657525562,-110.770833333333,32.8125
0.998803956866105,-110.729166666667,32.8125
0.994601917397152,-110.6875,32.8125
0.992773580085162,-110.645833333333,32.8125
0.999227072951846,-110.604166666667,32.8125
0.999999672296235,-110.5625,32.8125
0.999999995969883,-110.520833333333,32.8125
0.999998172397686,-110.479166666667,32.8125
0.999974075850149,-110.4375,32.8125
0.999785967575275,-110.395833333333,32.8125
0.998983617339925,-110.354166666667,32.8125
0.997833071395548,-110.3125,32.8125
0.999750276585428,-110.270833333333,32.8125
0.999992268146887,-110.229166666667,32.8125
0.999993944304412,-110.1875,32.8125
0.999874012117719,-110.145833333333,32.8125
0.997159104705652,-110.104166666667,32.8125
0.98574909421989,-110.0625,32.8125
0.980757286001646,-110.020833333333,32.8125
0.979360272460563,-109.979166666667,32.8125
0.963182570783522,-109.9375,32.8125
0.9420761661382,-109.895833333333,32.8125
0.849712741747171,-109.854166666667,32.8125
0.717417483278117,-109.8125,32.8125
0.610631620931104,-109.770833333333,32.8125
0.558666550068211,-109.729166666667,32.8125
0.536168765378148,-109.6875,32.8125
0.529021318110638,-109.645833333333,32.8125
0.524042177097405,-109.604166666667,32.8125
0.523196061900731,-109.5625,32.8125
0.547406009032164,-109.520833333333,32.8125
0.573067040954484,-109.479166666667,32.8125
0.561375713978956,-109.4375,32.8125
0.511095453148609,-109.395833333333,32.8125
0.522595270496823,-116.854166666667,32.7708333333333
0.649343128955694,-116.8125,32.7708333333333
0.742552919587125,-116.770833333333,32.7708333333333
0.785890607155838,-116.729166666667,32.7708333333333
0.776143676167557,-116.6875,32.7708333333333
0.783624166351746,-116.645833333333,32.7708333333333
0.918485358412691,-116.604166666667,32.7708333333333
0.965975017679885,-116.5625,32.7708333333333
0.931033000838746,-116.520833333333,32.7708333333333
0.888767843080045,-116.479166666667,32.7708333333333
0.859581404098706,-116.4375,32.7708333333333
0.706889009304069,-116.395833333333,32.7708333333333
0.607888913272387,-116.354166666667,32.7708333333333
0.578297979637308,-116.3125,32.7708333333333
0.62276973764526,-116.270833333333,32.7708333333333
0.503314873304729,-116.229166666667,32.7708333333333
0.521647792259094,-116.0625,32.7708333333333
0.543375289851614,-116.020833333333,32.7708333333333
0.954689394380034,-115.4375,32.7708333333333
0.955205315112819,-115.395833333333,32.7708333333333
0.955537394494986,-115.354166666667,32.7708333333333
0.954067834869737,-115.3125,32.7708333333333
0.9541540419579,-115.270833333333,32.7708333333333
0.955718679631814,-115.229166666667,32.7708333333333
0.960567291433398,-115.1875,32.7708333333333
0.959670529803441,-115.145833333333,32.7708333333333
0.957028111224915,-115.104166666667,32.7708333333333
0.955472424830185,-115.0625,32.7708333333333
0.949840167191449,-115.020833333333,32.7708333333333
0.943893644106872,-114.979166666667,32.7708333333333
0.941357046421511,-114.9375,32.7708333333333
0.935343630759562,-114.895833333333,32.7708333333333
0.935791361875001,-114.854166666667,32.7708333333333
0.944134034085001,-114.8125,32.7708333333333
0.953865243770653,-114.770833333333,32.7708333333333
0.966268989165363,-114.729166666667,32.7708333333333
0.977125717559634,-114.6875,32.7708333333333
0.984133109238954,-114.645833333333,32.7708333333333
0.989981220328852,-114.604166666667,32.7708333333333
0.994070630575647,-114.5625,32.7708333333333
0.996317010495058,-114.520833333333,32.7708333333333
0.998615374566495,-114.479166666667,32.7708333333333
0.999094975270471,-114.4375,32.7708333333333
0.99890506507075,-114.395833333333,32.7708333333333
0.997611747115917,-114.354166666667,32.7708333333333
0.997813364338693,-114.3125,32.7708333333333
0.99931713940366,-114.270833333333,32.7708333333333
0.99958076954001,-114.229166666667,32.7708333333333
0.998734220476461,-114.1875,32.7708333333333
0.999089965852836,-114.145833333333,32.7708333333333
0.994348204821113,-114.104166666667,32.7708333333333
0.983031910273207,-114.0625,32.7708333333333
0.975508856601521,-114.020833333333,32.7708333333333
0.976394060695513,-113.979166666667,32.7708333333333
0.982466106414732,-113.9375,32.7708333333333
0.986318175660879,-113.895833333333,32.7708333333333
0.99063392748025,-113.854166666667,32.7708333333333
0.993448815828045,-113.8125,32.7708333333333
0.996174344698237,-113.770833333333,32.7708333333333
0.996514033932475,-113.729166666667,32.7708333333333
0.983547779630282,-113.6875,32.7708333333333
0.979747347478563,-113.645833333333,32.7708333333333
0.978739476907797,-113.604166666667,32.7708333333333
0.986639099384858,-113.395833333333,32.7708333333333
0.987014430532582,-113.354166666667,32.7708333333333
0.997853127398698,-113.3125,32.7708333333333
0.99770233760908,-113.270833333333,32.7708333333333
0.998059012365837,-113.229166666667,32.7708333333333
0.997710748039144,-113.1875,32.7708333333333
0.99699340422174,-113.145833333333,32.7708333333333
0.996419492545915,-113.104166666667,32.7708333333333
0.995314786263478,-113.0625,32.7708333333333
0.99531419656943,-113.020833333333,32.7708333333333
0.996103740302649,-112.979166666667,32.7708333333333
0.99683639195964,-112.9375,32.7708333333333
0.996997065862923,-112.895833333333,32.7708333333333
0.997451518370532,-112.854166666667,32.7708333333333
0.997448118982186,-112.8125,32.7708333333333
0.99654453309125,-112.770833333333,32.7708333333333
0.995103775967092,-112.729166666667,32.7708333333333
0.993937893956801,-112.6875,32.7708333333333
0.994465395457323,-112.645833333333,32.7708333333333
0.995317333131019,-112.604166666667,32.7708333333333
0.99689561463385,-112.5625,32.7708333333333
0.995928157092379,-112.520833333333,32.7708333333333
0.991234571713293,-112.479166666667,32.7708333333333
0.991545752626973,-112.4375,32.7708333333333
0.995519319251409,-112.395833333333,32.7708333333333
0.996990939547784,-112.354166666667,32.7708333333333
0.99724752769508,-112.3125,32.7708333333333
0.997323240110192,-112.270833333333,32.7708333333333
0.997960299242781,-112.229166666667,32.7708333333333
0.999429160311957,-112.1875,32.7708333333333
0.999987462848234,-112.145833333333,32.7708333333333
0.999991078908198,-112.104166666667,32.7708333333333
0.999898617808137,-112.0625,32.7708333333333
0.999618121597583,-112.020833333333,32.7708333333333
0.998718548433447,-111.979166666667,32.7708333333333
0.998512157742602,-111.9375,32.7708333333333
0.998695331418865,-111.895833333333,32.7708333333333
0.998985419232302,-111.854166666667,32.7708333333333
0.999245799523169,-111.8125,32.7708333333333
0.99951954730624,-111.770833333333,32.7708333333333
0.999682919200307,-111.729166666667,32.7708333333333
0.99975362927517,-111.6875,32.7708333333333
0.999867918175378,-111.645833333333,32.7708333333333
0.999977067883773,-111.604166666667,32.7708333333333
0.999993659056857,-111.5625,32.7708333333333
0.999996615866368,-111.520833333333,32.7708333333333
0.99999701200041,-111.479166666667,32.7708333333333
0.999998932056409,-111.4375,32.7708333333333
0.9999999974782,-111.395833333333,32.7708333333333
0.999999998306918,-111.354166666667,32.7708333333333
0.999999919933885,-111.3125,32.7708333333333
0.999998805803786,-111.270833333333,32.7708333333333
0.999992718503424,-111.229166666667,32.7708333333333
0.999986146070638,-111.1875,32.7708333333333
0.999981319399231,-111.145833333333,32.7708333333333
0.99991704996837,-111.104166666667,32.7708333333333
0.999713226073796,-111.0625,32.7708333333333
0.999900284080494,-111.020833333333,32.7708333333333
0.999999276367592,-110.979166666667,32.7708333333333
0.999999989141526,-110.9375,32.7708333333333
0.999998778682267,-110.895833333333,32.7708333333333
0.999766905271559,-110.854166666667,32.7708333333333
0.998996946267914,-110.8125,32.7708333333333
0.999832218138422,-110.770833333333,32.7708333333333
0.999590945475263,-110.729166666667,32.7708333333333
0.995962673252317,-110.6875,32.7708333333333
0.992375630774002,-110.645833333333,32.7708333333333
0.997897877210936,-110.604166666667,32.7708333333333
0.9999875009133,-110.5625,32.7708333333333
0.999998785720024,-110.520833333333,32.7708333333333
0.999944730677411,-110.479166666667,32.7708333333333
0.999534869265769,-110.4375,32.7708333333333
0.99918367558594,-110.395833333333,32.7708333333333
0.999484081887119,-110.354166666667,32.7708333333333
0.998849488157502,-110.3125,32.7708333333333
0.998589027913803,-110.270833333333,32.7708333333333
0.999552824591874,-110.229166666667,32.7708333333333
0.999898944603782,-110.1875,32.7708333333333
0.999571066742771,-110.145833333333,32.7708333333333
0.996348160879768,-110.104166666667,32.7708333333333
0.969120272780602,-110.0625,32.7708333333333
0.93994621155453,-110.020833333333,32.7708333333333
0.965724846416875,-109.979166666667,32.7708333333333
0.977998526242848,-109.9375,32.7708333333333
0.979439987788029,-109.895833333333,32.7708333333333
0.944338291591557,-109.854166666667,32.7708333333333
0.86874636842461,-109.8125,32.7708333333333
0.713595243322065,-109.770833333333,32.7708333333333
0.575398143861612,-109.729166666667,32.7708333333333
0.53586666315341,-109.6875,32.7708333333333
0.526666315476633,-109.645833333333,32.7708333333333
0.528486044716145,-109.604166666667,32.7708333333333
0.528497071342587,-109.5625,32.7708333333333
0.540741238680909,-109.520833333333,32.7708333333333
0.556526971942839,-109.479166666667,32.7708333333333
0.528559481788002,-109.4375,32.7708333333333
0.551449649589955,-116.854166666667,32.7291666666667
0.707515234687365,-116.8125,32.7291666666667
0.798252083615115,-116.770833333333,32.7291666666667
0.832917387600867,-116.729166666667,32.7291666666667
0.66969341084776,-116.6875,32.7291666666667
0.647060148022589,-116.645833333333,32.7291666666667
0.822685772367349,-116.604166666667,32.7291666666667
0.871971733786371,-116.5625,32.7291666666667
0.725715373697525,-116.520833333333,32.7291666666667
0.681159858478874,-116.479166666667,32.7291666666667
0.682572523072523,-116.4375,32.7291666666667
0.593499961090007,-116.395833333333,32.7291666666667
0.534899155363535,-116.354166666667,32.7291666666667
0.599117690126355,-116.270833333333,32.7291666666667
0.586899783855013,-116.229166666667,32.7291666666667
0.590404457109562,-116.1875,32.7291666666667
0.543160901045497,-116.145833333333,32.7291666666667
0.951982961765311,-115.479166666667,32.7291666666667
0.952344571789038,-115.4375,32.7291666666667
0.954208315079766,-115.395833333333,32.7291666666667
0.95615267716375,-115.354166666667,32.7291666666667
0.955697659753792,-115.3125,32.7291666666667
0.955191038365875,-115.270833333333,32.7291666666667
0.957128190326222,-115.229166666667,32.7291666666667
0.962066036618237,-115.1875,32.7291666666667
0.963255030777089,-115.145833333333,32.7291666666667
0.961468899049259,-115.104166666667,32.7291666666667
0.959413637213915,-115.0625,32.7291666666667
0.953341985758766,-115.020833333333,32.7291666666667
0.94467299288566,-114.979166666667,32.7291666666667
0.939819800417414,-114.9375,32.7291666666667
0.93667661398565,-114.895833333333,32.7291666666667
0.928912287023517,-114.854166666667,32.7291666666667
0.921779124214822,-114.8125,32.7291666666667
0.927593457046635,-114.770833333333,32.7291666666667
0.940488402766126,-114.729166666667,32.7291666666667
0.956728579238397,-114.6875,32.7291666666667
0.978145722890582,-114.645833333333,32.7291666666667
0.991218906468392,-114.604166666667,32.7291666666667
0.995121781006551,-114.5625,32.7291666666667
0.996373853721351,-114.520833333333,32.7291666666667
0.997589349746655,-114.479166666667,32.7291666666667
0.998204802090879,-114.4375,32.7291666666667
0.999438631794647,-114.395833333333,32.7291666666667
0.998697028770098,-114.354166666667,32.7291666666667
0.993719870961038,-114.3125,32.7291666666667
0.991917830515808,-114.270833333333,32.7291666666667
0.99884934573221,-114.229166666667,32.7291666666667
0.995742398592353,-114.1875,32.7291666666667
0.986280956924131,-114.145833333333,32.7291666666667
0.971800655148878,-114.104166666667,32.7291666666667
0.963640781948556,-114.0625,32.7291666666667
0.960134703749506,-114.020833333333,32.7291666666667
0.965860868304258,-113.979166666667,32.7291666666667
0.978318315117655,-113.9375,32.7291666666667
0.98301203800815,-113.895833333333,32.7291666666667
0.987658851543331,-113.854166666667,32.7291666666667
0.991710309510004,-113.8125,32.7291666666667
0.995848666352928,-113.770833333333,32.7291666666667
0.997111787296053,-113.729166666667,32.7291666666667
0.98353139261052,-113.6875,32.7291666666667
0.98073424139617,-113.645833333333,32.7291666666667
0.976226295628255,-113.604166666667,32.7291666666667
0.97647639538987,-113.5625,32.7291666666667
0.977843971139612,-113.520833333333,32.7291666666667
0.97866340863692,-113.479166666667,32.7291666666667
0.983102056548995,-113.4375,32.7291666666667
0.987403614493813,-113.395833333333,32.7291666666667
0.987436312851561,-113.354166666667,32.7291666666667
0.984302805015481,-113.3125,32.7291666666667
0.997512773325699,-113.270833333333,32.7291666666667
0.997832129950732,-113.229166666667,32.7291666666667
0.997667757194998,-113.1875,32.7291666666667
0.997130282648949,-113.145833333333,32.7291666666667
0.996953315832685,-113.104166666667,32.7291666666667
0.995770582829543,-113.0625,32.7291666666667
0.994999540824835,-113.020833333333,32.7291666666667
0.995291309762383,-112.979166666667,32.7291666666667
0.995825048300946,-112.9375,32.7291666666667
0.995464482821126,-112.895833333333,32.7291666666667
0.994902134371558,-112.854166666667,32.7291666666667
0.994766999427799,-112.8125,32.7291666666667
0.994129507698175,-112.770833333333,32.7291666666667
0.993406352872167,-112.729166666667,32.7291666666667
0.989856903040617,-112.6875,32.7291666666667
0.987629266095023,-112.645833333333,32.7291666666667
0.986256161669794,-112.604166666667,32.7291666666667
0.989065159739815,-112.5625,32.7291666666667
0.986914007103804,-112.520833333333,32.7291666666667
0.979379251068085,-112.479166666667,32.7291666666667
0.98232675064514,-112.4375,32.7291666666667
0.991578132537173,-112.395833333333,32.7291666666667
0.994397911964535,-112.354166666667,32.7291666666667
0.995565001741255,-112.3125,32.7291666666667
0.995202883753998,-112.270833333333,32.7291666666667
0.995684488337735,-112.229166666667,32.7291666666667
0.9992285216264,-112.1875,32.7291666666667
0.999974640282966,-112.145833333333,32.7291666666667
0.999982466197441,-112.104166666667,32.7291666666667
0.999926829638655,-112.0625,32.7291666666667
0.99973555761618,-112.020833333333,32.7291666666667
0.999141103496796,-111.979166666667,32.7291666666667
0.998371991582965,-111.9375,32.7291666666667
0.998806462866166,-111.895833333333,32.7291666666667
0.999230098088839,-111.854166666667,32.7291666666667
0.999576830595133,-111.8125,32.7291666666667
0.999734221421753,-111.770833333333,32.7291666666667
0.999726299018745,-111.729166666667,32.7291666666667
0.999778018575012,-111.6875,32.7291666666667
0.999938275576875,-111.645833333333,32.7291666666667
0.999985768221203,-111.604166666667,32.7291666666667
0.999993198089396,-111.5625,32.7291666666667
0.999996740768605,-111.520833333333,32.7291666666667
0.999998541456199,-111.479166666667,32.7291666666667
0.999999726213203,-111.4375,32.7291666666667
0.999999999978478,-111.395833333333,32.7291666666667
0.999999996651862,-111.354166666667,32.7291666666667
0.999999806026477,-111.3125,32.7291666666667
0.999997800849355,-111.270833333333,32.7291666666667
0.999977138694134,-111.229166666667,32.7291666666667
0.999930666796528,-111.1875,32.7291666666667
0.999870637215859,-111.145833333333,32.7291666666667
0.999536770296941,-111.104166666667,32.7291666666667
0.999008234751308,-111.0625,32.7291666666667
0.999743623481281,-111.020833333333,32.7291666666667
0.999994890372585,-110.979166666667,32.7291666666667
0.999999789393914,-110.9375,32.7291666666667
0.999992678483012,-110.895833333333,32.7291666666667
0.999599055690583,-110.854166666667,32.7291666666667
0.999429167488379,-110.8125,32.7291666666667
0.999981775301021,-110.770833333333,32.7291666666667
0.999797375989225,-110.729166666667,32.7291666666667
0.992777136050308,-110.6875,32.7291666666667
0.985264190653947,-110.645833333333,32.7291666666667
0.993102404838571,-110.604166666667,32.7291666666667
0.999615628698236,-110.5625,32.7291666666667
0.999931287078986,-110.520833333333,32.7291666666667
0.999526770524803,-110.479166666667,32.7291666666667
0.988760602565652,-110.4375,32.7291666666667
0.988821031353008,-110.395833333333,32.7291666666667
0.998012042400854,-110.354166666667,32.7291666666667
0.999126940959461,-110.3125,32.7291666666667
0.999274573099372,-110.270833333333,32.7291666666667
0.996779432551519,-110.229166666667,32.7291666666667
0.995479108928552,-110.1875,32.7291666666667
0.992836818186557,-110.145833333333,32.7291666666667
0.986458731734066,-110.104166666667,32.7291666666667
0.925916579544954,-110.0625,32.7291666666667
0.777214417138088,-110.020833333333,32.7291666666667
0.688749206124074,-109.979166666667,32.7291666666667
0.647677585502905,-109.9375,32.7291666666667
0.642029635746797,-109.895833333333,32.7291666666667
0.798680398289109,-109.854166666667,32.7291666666667
0.938309062700552,-109.8125,32.7291666666667
0.840585511338885,-109.770833333333,32.7291666666667
0.654537657984976,-109.729166666667,32.7291666666667
0.567872780286162,-109.6875,32.7291666666667
0.563395855421942,-109.645833333333,32.7291666666667
0.568456548468479,-109.604166666667,32.7291666666667
0.560218844303017,-109.5625,32.7291666666667
0.553011782523269,-109.520833333333,32.7291666666667
0.539422185645474,-109.479166666667,32.7291666666667
0.509592935812994,-109.4375,32.7291666666667
0.563518302494966,-116.8125,32.6875
0.727449821332643,-116.770833333333,32.6875
0.805271448740629,-116.729166666667,32.6875
0.593325503105806,-116.6875,32.6875
0.548625255867323,-116.645833333333,32.6875
0.585072654402125,-116.604166666667,32.6875
0.594707094379182,-116.5625,32.6875
0.558662646297566,-116.520833333333,32.6875
0.575331543680449,-116.479166666667,32.6875
0.567691368507903,-116.4375,32.6875
0.537541255221522,-116.395833333333,32.6875
0.504551308473729,-116.354166666667,32.6875
0.55037736482472,-116.229166666667,32.6875
0.555396541028317,-116.1875,32.6875
0.685673563193774,-116.145833333333,32.6875
0.524066216549077,-116.020833333333,32.6875
0.513700964420875,-115.979166666667,32.6875
0.949498426204295,-115.520833333333,32.6875
0.951403021050506,-115.479166666667,32.6875
0.95212845920237,-115.4375,32.6875
0.95415418434758,-115.395833333333,32.6875
0.954461367616537,-115.354166666667,32.6875
0.954359983929323,-115.3125,32.6875
0.954187268160471,-115.270833333333,32.6875
0.957411503895134,-115.229166666667,32.6875
0.962627965402825,-115.1875,32.6875
0.966285216454222,-115.145833333333,32.6875
0.964691451906877,-115.104166666667,32.6875
0.961635782065561,-115.0625,32.6875
0.956549918050329,-115.020833333333,32.6875
0.951159235884654,-114.979166666667,32.6875
0.948999565208383,-114.9375,32.6875
0.946821779376159,-114.895833333333,32.6875
0.939128671270783,-114.854166666667,32.6875
0.927723305528686,-114.8125,32.6875
0.922014251436025,-114.770833333333,32.6875
0.929322992213793,-114.729166666667,32.6875
0.950879877182751,-114.6875,32.6875
0.981503253509023,-114.645833333333,32.6875
0.995101574641263,-114.604166666667,32.6875
0.996769658973342,-114.5625,32.6875
0.996909152679767,-114.520833333333,32.6875
0.997175413520629,-114.479166666667,32.6875
0.997850579814408,-114.4375,32.6875
0.999204310878586,-114.395833333333,32.6875
0.999476054344752,-114.354166666667,32.6875
0.992872027295021,-114.3125,32.6875
0.969492670938392,-114.270833333333,32.6875
0.985039972089374,-114.229166666667,32.6875
0.971067154497702,-114.1875,32.6875
0.960051149934043,-114.145833333333,32.6875
0.952905212096802,-114.104166666667,32.6875
0.954190448881908,-114.0625,32.6875
0.959348953387592,-114.020833333333,32.6875
0.9630054070207,-113.979166666667,32.6875
0.973509629704076,-113.9375,32.6875
0.976027299772707,-113.895833333333,32.6875
0.982266017282325,-113.854166666667,32.6875
0.989114137562095,-113.8125,32.6875
0.994176046025087,-113.770833333333,32.6875
0.997676200012092,-113.729166666667,32.6875
0.997916026970833,-113.6875,32.6875
0.982180375692934,-113.645833333333,32.6875
0.975902933419564,-113.604166666667,32.6875
0.973334762301703,-113.5625,32.6875
0.975798910337728,-113.520833333333,32.6875
0.98002966447864,-113.479166666667,32.6875
0.985433641201232,-113.4375,32.6875
0.989611295969482,-113.395833333333,32.6875
0.990540568448597,-113.354166666667,32.6875
0.985545009754704,-113.3125,32.6875
0.997137953844087,-113.270833333333,32.6875
0.997208074447794,-113.229166666667,32.6875
0.997075117543346,-113.1875,32.6875
0.997299525056857,-113.145833333333,32.6875
0.997065472317077,-113.104166666667,32.6875
0.996046597237165,-113.0625,32.6875
0.994309847558743,-113.020833333333,32.6875
0.993196316448098,-112.979166666667,32.6875
0.993411098539499,-112.9375,32.6875
0.992792744081039,-112.895833333333,32.6875
0.989942902117558,-112.854166666667,32.6875
0.989641306670185,-112.8125,32.6875
0.993586537166292,-112.770833333333,32.6875
0.993664620603968,-112.729166666667,32.6875
0.986739558777889,-112.6875,32.6875
0.976683756377574,-112.645833333333,32.6875
0.969305485062791,-112.604166666667,32.6875
0.967318280523917,-112.5625,32.6875
0.960877457549752,-112.520833333333,32.6875
0.949020205000152,-112.479166666667,32.6875
0.957311290758416,-112.4375,32.6875
0.983681318288924,-112.395833333333,32.6875
0.992287897818049,-112.354166666667,32.6875
0.995134272172681,-112.3125,32.6875
0.993197207633064,-112.270833333333,32.6875
0.990842082052577,-112.229166666667,32.6875
0.996214586778053,-112.1875,32.6875
0.999426992479512,-112.145833333333,32.6875
0.999713391549577,-112.104166666667,32.6875
0.999622291258453,-112.0625,32.6875
0.99920432934409,-112.020833333333,32.6875
0.998640156576295,-111.979166666667,32.6875
0.99857626829023,-111.9375,32.6875
0.999643663497407,-111.895833333333,32.6875
0.999686753151821,-111.854166666667,32.6875
0.999642454221484,-111.8125,32.6875
0.999732296693081,-111.770833333333,32.6875
0.999757565628343,-111.729166666667,32.6875
0.999843615293188,-111.6875,32.6875
0.999945033847576,-111.645833333333,32.6875
0.999981847363229,-111.604166666667,32.6875
0.99999262379004,-111.5625,32.6875
0.999997967935306,-111.520833333333,32.6875
0.999999453687131,-111.479166666667,32.6875
0.999999866778637,-111.4375,32.6875
0.999999997781207,-111.395833333333,32.6875
0.99999997738519,-111.354166666667,32.6875
0.999999700137085,-111.3125,32.6875
0.999997757180555,-111.270833333333,32.6875
0.99997929021088,-111.229166666667,32.6875
0.99992307468252,-111.1875,32.6875
0.999774936427328,-111.145833333333,32.6875
0.998997479867849,-111.104166666667,32.6875
0.997270970179537,-111.0625,32.6875
0.998817024868646,-111.020833333333,32.6875
0.999895113659428,-110.979166666667,32.6875
0.999973095435378,-110.9375,32.6875
0.99994230209125,-110.895833333333,32.6875
0.999807602350611,-110.854166666667,32.6875
0.999952803440213,-110.8125,32.6875
0.999997501379738,-110.770833333333,32.6875
0.999841918847721,-110.729166666667,32.6875
0.989855475520582,-110.6875,32.6875
0.968883155248253,-110.645833333333,32.6875
0.977823224269532,-110.604166666667,32.6875
0.996215818384985,-110.5625,32.6875
0.998923317276376,-110.520833333333,32.6875
0.998060373314323,-110.479166666667,32.6875
0.967077535376491,-110.4375,32.6875
0.930589663139264,-110.395833333333,32.6875
0.979078462083888,-110.354166666667,32.6875
0.987466140215986,-110.3125,32.6875
0.995153993400443,-110.270833333333,32.6875
0.988440367423886,-110.229166666667,32.6875
0.96888762010867,-110.1875,32.6875
0.950929344736755,-110.145833333333,32.6875
0.938603610254694,-110.104166666667,32.6875
0.887277110886029,-110.0625,32.6875
0.798350785718774,-110.020833333333,32.6875
0.633118305138063,-109.979166666667,32.6875
0.851105099350561,-109.8125,32.6875
0.918190714688919,-109.770833333333,32.6875
0.776482730893603,-109.729166666667,32.6875
0.683502867001083,-109.6875,32.6875
0.679957045467498,-109.645833333333,32.6875
0.651747505287481,-109.604166666667,32.6875
0.604730115483985,-109.5625,32.6875
0.560992843333125,-109.520833333333,32.6875
0.532376171592765,-109.479166666667,32.6875
0.527204259198571,-109.4375,32.6875
0.50997938989256,-116.854166666667,32.6458333333333
0.544955675475076,-116.8125,32.6458333333333
0.606171696995653,-116.770833333333,32.6458333333333
0.736110618977048,-116.729166666667,32.6458333333333
0.539505317803038,-116.6875,32.6458333333333
0.57272563688318,-116.645833333333,32.6458333333333
0.501005705310126,-116.520833333333,32.6458333333333
0.532802210056728,-116.354166666667,32.6458333333333
0.52476301648853,-116.3125,32.6458333333333
0.622317190267301,-116.145833333333,32.6458333333333
0.724499113757991,-116.104166666667,32.6458333333333
0.699150876747666,-116.0625,32.6458333333333
0.531138889421434,-116.020833333333,32.6458333333333
0.571026029359141,-115.979166666667,32.6458333333333
0.579638217740773,-115.9375,32.6458333333333
0.949620940912679,-115.5625,32.6458333333333
0.948820969330205,-115.520833333333,32.6458333333333
0.950259931526581,-115.479166666667,32.6458333333333
0.950708889817543,-115.4375,32.6458333333333
0.951723558266907,-115.395833333333,32.6458333333333
0.949434087030179,-115.354166666667,32.6458333333333
0.946925260761481,-115.3125,32.6458333333333
0.945425356374508,-115.270833333333,32.6458333333333
0.946700079187876,-115.229166666667,32.6458333333333
0.950314161231898,-115.1875,32.6458333333333
0.953819685438772,-115.145833333333,32.6458333333333
0.950579825232484,-115.104166666667,32.6458333333333
0.948181662169225,-115.0625,32.6458333333333
0.947129961177132,-115.020833333333,32.6458333333333
0.945453084690527,-114.979166666667,32.6458333333333
0.946693294685518,-114.9375,32.6458333333333
0.946395857142169,-114.895833333333,32.6458333333333
0.944838515959597,-114.854166666667,32.6458333333333
0.943257770240457,-114.8125,32.6458333333333
0.938316408963766,-114.770833333333,32.6458333333333
0.935461771427906,-114.729166666667,32.6458333333333
0.947529874428246,-114.6875,32.6458333333333
0.977007952251637,-114.645833333333,32.6458333333333
0.993959004497363,-114.604166666667,32.6458333333333
0.996769053292492,-114.5625,32.6458333333333
0.997008081590265,-114.520833333333,32.6458333333333
0.996992767330528,-114.479166666667,32.6458333333333
0.997734430971704,-114.4375,32.6458333333333
0.99871522252489,-114.395833333333,32.6458333333333
0.999226874651805,-114.354166666667,32.6458333333333
0.995963044113024,-114.3125,32.6458333333333
0.964171597781169,-114.270833333333,32.6458333333333
0.977124728626206,-114.229166666667,32.6458333333333
0.96471106929093,-114.1875,32.6458333333333
0.960755487551277,-114.145833333333,32.6458333333333
0.956982895334291,-114.104166666667,32.6458333333333
0.955222223189543,-114.0625,32.6458333333333
0.963861548491138,-114.020833333333,32.6458333333333
0.967375423128578,-113.979166666667,32.6458333333333
0.972364600788064,-113.9375,32.6458333333333
0.97363650031489,-113.895833333333,32.6458333333333
0.981100896043146,-113.854166666667,32.6458333333333
0.987942836083706,-113.8125,32.6458333333333
0.992979933753192,-113.770833333333,32.6458333333333
0.995840167282498,-113.729166666667,32.6458333333333
0.99824900967637,-113.6875,32.6458333333333
0.997982349346624,-113.645833333333,32.6458333333333
0.978640713419491,-113.604166666667,32.6458333333333
0.97480342270617,-113.5625,32.6458333333333
0.978194644599833,-113.520833333333,32.6458333333333
0.982570626280197,-113.479166666667,32.6458333333333
0.987510836805472,-113.4375,32.6458333333333
0.998941883082106,-113.395833333333,32.6458333333333
0.999241349429839,-113.354166666667,32.6458333333333
0.9984616773549,-113.3125,32.6458333333333
0.997425794422511,-113.270833333333,32.6458333333333
0.997239327991209,-113.229166666667,32.6458333333333
0.997202029934029,-113.1875,32.6458333333333
0.99753826544737,-113.145833333333,32.6458333333333
0.997356838393493,-113.104166666667,32.6458333333333
0.996775166972349,-113.0625,32.6458333333333
0.995915963165622,-113.020833333333,32.6458333333333
0.992546827275997,-112.979166666667,32.6458333333333
0.989348661277412,-112.9375,32.6458333333333
0.988830112714277,-112.895833333333,32.6458333333333
0.98164859568199,-112.854166666667,32.6458333333333
0.976001173802194,-112.8125,32.6458333333333
0.987056195075317,-112.770833333333,32.6458333333333
0.991945967121749,-112.729166666667,32.6458333333333
0.982585646640145,-112.6875,32.6458333333333
0.968763280395894,-112.645833333333,32.6458333333333
0.95516479522986,-112.604166666667,32.6458333333333
0.938861646290517,-112.5625,32.6458333333333
0.933288154266503,-112.520833333333,32.6458333333333
0.926827910241765,-112.479166666667,32.6458333333333
0.935501217478574,-112.4375,32.6458333333333
0.973245774594063,-112.395833333333,32.6458333333333
0.990813463691271,-112.354166666667,32.6458333333333
0.995064817815467,-112.3125,32.6458333333333
0.991715631217808,-112.270833333333,32.6458333333333
0.982404421243824,-112.229166666667,32.6458333333333
0.984900164039818,-112.1875,32.6458333333333
0.997042441844119,-112.145833333333,32.6458333333333
0.998839129102113,-112.104166666667,32.6458333333333
0.998135507006948,-112.0625,32.6458333333333
0.997029275829479,-112.020833333333,32.6458333333333
0.997375415158721,-111.979166666667,32.6458333333333
0.998752220373947,-111.9375,32.6458333333333
0.999757651554508,-111.895833333333,32.6458333333333
0.999729419457208,-111.854166666667,32.6458333333333
0.999574894194839,-111.8125,32.6458333333333
0.999804574546965,-111.770833333333,32.6458333333333
0.999896864679077,-111.729166666667,32.6458333333333
0.999902940185272,-111.6875,32.6458333333333
0.999944803107664,-111.645833333333,32.6458333333333
0.999983135544936,-111.604166666667,32.6458333333333
0.999995336268728,-111.5625,32.6458333333333
0.999998925704782,-111.520833333333,32.6458333333333
0.999999744072953,-111.479166666667,32.6458333333333
0.999999956568314,-111.4375,32.6458333333333
0.99999998545225,-111.395833333333,32.6458333333333
0.999999926920854,-111.354166666667,32.6458333333333
0.999999534973802,-111.3125,32.6458333333333
0.999996789015609,-111.270833333333,32.6458333333333
0.999976519373758,-111.229166666667,32.6458333333333
0.999919072256804,-111.1875,32.6458333333333
0.999737431151574,-111.145833333333,32.6458333333333
0.998851808371558,-111.104166666667,32.6458333333333
0.997595745896782,-111.0625,32.6458333333333
0.999197952977113,-111.020833333333,32.6458333333333
0.999859885004087,-110.979166666667,32.6458333333333
0.999885757624439,-110.9375,32.6458333333333
0.999894532588845,-110.895833333333,32.6458333333333
0.999975132680436,-110.854166666667,32.6458333333333
0.999999464083745,-110.8125,32.6458333333333
0.99999999525161,-110.770833333333,32.6458333333333
0.999998512596811,-110.729166666667,32.6458333333333
0.997479447044851,-110.6875,32.6458333333333
0.971882735302891,-110.645833333333,32.6458333333333
0.960916348567454,-110.604166666667,32.6458333333333
0.985550232477076,-110.5625,32.6458333333333
0.995415340980981,-110.520833333333,32.6458333333333
0.995941397607521,-110.479166666667,32.6458333333333
0.980940921643332,-110.4375,32.6458333333333
0.897924320261977,-110.395833333333,32.6458333333333
0.886180510038527,-110.354166666667,32.6458333333333
0.817676251021637,-110.3125,32.6458333333333
0.910920611329697,-110.270833333333,32.6458333333333
0.947745864021613,-110.229166666667,32.6458333333333
0.91270874599105,-110.1875,32.6458333333333
0.878067944199685,-110.145833333333,32.6458333333333
0.874766554082077,-110.104166666667,32.6458333333333
0.861171642319188,-110.0625,32.6458333333333
0.816879861429862,-110.020833333333,32.6458333333333
0.76114245494462,-109.979166666667,32.6458333333333
0.676256535332293,-109.9375,32.6458333333333
0.618635948781501,-109.8125,32.6458333333333
0.876329668756926,-109.770833333333,32.6458333333333
0.842301820830259,-109.729166666667,32.6458333333333
0.814451040829747,-109.6875,32.6458333333333
0.804025185345837,-109.645833333333,32.6458333333333
0.727470749299714,-109.604166666667,32.6458333333333
0.646992262874338,-109.5625,32.6458333333333
0.565881439172142,-109.520833333333,32.6458333333333
0.520635523940817,-109.479166666667,32.6458333333333
0.549398669952456,-109.4375,32.6458333333333
0.502917990721178,-109.395833333333,32.6458333333333
0.771108691206846,-116.854166666667,32.6041666666667
0.793659460556615,-116.8125,32.6041666666667
0.601527054404549,-116.770833333333,32.6041666666667
0.559100809500428,-116.729166666667,32.6041666666667
0.530827326772483,-116.6875,32.6041666666667
0.538914554590545,-116.645833333333,32.6041666666667
0.526417411160111,-116.395833333333,32.6041666666667
0.588939668396686,-116.354166666667,32.6041666666667
0.584171130708188,-116.3125,32.6041666666667
0.510788486351653,-116.270833333333,32.6041666666667
0.754497298143135,-116.104166666667,32.6041666666667
0.839002236390054,-116.0625,32.6041666666667
0.576898969810736,-116.020833333333,32.6041666666667
0.553735096067749,-115.9375,32.6041666666667
0.933397496876638,-115.270833333333,32.6041666666667
0.932643165304306,-115.229166666667,32.6041666666667
0.931242401768979,-115.1875,32.6041666666667
0.931562495040365,-115.145833333333,32.6041666666667
0.930139756585861,-115.104166666667,32.6041666666667
0.928640762211568,-115.0625,32.6041666666667
0.930530953168447,-115.020833333333,32.6041666666667
0.932125196147588,-114.979166666667,32.6041666666667
0.934909047403153,-114.9375,32.6041666666667
0.938134602219205,-114.895833333333,32.6041666666667
0.945082668769394,-114.854166666667,32.6041666666667
0.952754468338624,-114.8125,32.6041666666667
0.949833078558939,-114.770833333333,32.6041666666667
0.943858559844706,-114.729166666667,32.6041666666667
0.946950136105961,-114.6875,32.6041666666667
0.971777771641057,-114.645833333333,32.6041666666667
0.989350037499479,-114.604166666667,32.6041666666667
0.994216925030698,-114.5625,32.6041666666667
0.995740937650411,-114.520833333333,32.6041666666667
0.996698358017115,-114.479166666667,32.6041666666667
0.997954497016456,-114.4375,32.6041666666667
0.998641815742113,-114.395833333333,32.6041666666667
0.99889529502187,-114.354166666667,32.6041666666667
0.998251833434133,-114.3125,32.6041666666667
0.974516114799467,-114.270833333333,32.6041666666667
0.984772010231903,-114.229166666667,32.6041666666667
0.979440581017673,-114.1875,32.6041666666667
0.976496452719997,-114.145833333333,32.6041666666667
0.967072627909134,-114.104166666667,32.6041666666667
0.962066408484617,-114.0625,32.6041666666667
0.971757375576859,-114.020833333333,32.6041666666667
0.977643663646776,-113.979166666667,32.6041666666667
0.981336491295509,-113.9375,32.6041666666667
0.981322248068648,-113.895833333333,32.6041666666667
0.984569370852491,-113.854166666667,32.6041666666667
0.989112584863701,-113.8125,32.6041666666667
0.991941322657079,-113.770833333333,32.6041666666667
0.994959029305161,-113.729166666667,32.6041666666667
0.997558872559183,-113.6875,32.6041666666667
0.998962062549774,-113.645833333333,32.6041666666667
0.997522279570088,-113.604166666667,32.6041666666667
0.995929507374124,-113.5625,32.6041666666667
0.996079037617442,-113.520833333333,32.6041666666667
0.997154207479533,-113.479166666667,32.6041666666667
0.99844257744856,-113.4375,32.6041666666667
0.998716331927997,-113.395833333333,32.6041666666667
0.998776475603589,-113.354166666667,32.6041666666667
0.998598158133056,-113.3125,32.6041666666667
0.998105013462449,-113.270833333333,32.6041666666667
0.997737955697533,-113.229166666667,32.6041666666667
0.997568978944979,-113.1875,32.6041666666667
0.996992239492428,-113.145833333333,32.6041666666667
0.99594768910417,-113.104166666667,32.6041666666667
0.995496179084479,-113.0625,32.6041666666667
0.995495956003017,-113.020833333333,32.6041666666667
0.992595563456979,-112.979166666667,32.6041666666667
0.984959931669822,-112.9375,32.6041666666667
0.979899544087485,-112.895833333333,32.6041666666667
0.967703770618576,-112.854166666667,32.6041666666667
0.950145775199785,-112.8125,32.6041666666667
0.956688454048486,-112.770833333333,32.6041666666667
0.972479472964689,-112.729166666667,32.6041666666667
0.970995870620438,-112.6875,32.6041666666667
0.960281079626039,-112.645833333333,32.6041666666667
0.938863687227284,-112.604166666667,32.6041666666667
0.914574398441869,-112.5625,32.6041666666667
0.91771015515946,-112.520833333333,32.6041666666667
0.928983865547067,-112.479166666667,32.6041666666667
0.937326256486427,-112.4375,32.6041666666667
0.967948335529068,-112.395833333333,32.6041666666667
0.984796737844037,-112.354166666667,32.6041666666667
0.987291164449069,-112.3125,32.6041666666667
0.982573530667413,-112.270833333333,32.6041666666667
0.963534683698273,-112.229166666667,32.6041666666667
0.968548169734288,-112.1875,32.6041666666667
0.994320973780427,-112.145833333333,32.6041666666667
0.997858062937255,-112.104166666667,32.6041666666667
0.995046252069632,-112.0625,32.6041666666667
0.993047324288319,-112.020833333333,32.6041666666667
0.996134737948249,-111.979166666667,32.6041666666667
0.998812098344081,-111.9375,32.6041666666667
0.999580084839453,-111.895833333333,32.6041666666667
0.999378817247622,-111.854166666667,32.6041666666667
0.999389520655039,-111.8125,32.6041666666667
0.999842298688368,-111.770833333333,32.6041666666667
0.999935543047965,-111.729166666667,32.6041666666667
0.999888606493153,-111.6875,32.6041666666667
0.999936370465916,-111.645833333333,32.6041666666667
0.999982039934749,-111.604166666667,32.6041666666667
0.999994262657633,-111.5625,32.6041666666667
0.9999980705141,-111.520833333333,32.6041666666667
0.999999501521324,-111.479166666667,32.6041666666667
0.999999882319157,-111.4375,32.6041666666667
0.999999930537809,-111.395833333333,32.6041666666667
0.999999706890736,-111.354166666667,32.6041666666667
0.999998417124018,-111.3125,32.6041666666667
0.999993284223226,-111.270833333333,32.6041666666667
0.999952098657951,-111.229166666667,32.6041666666667
0.999875986467524,-111.1875,32.6041666666667
0.999732494616038,-111.145833333333,32.6041666666667
0.998937407122288,-111.104166666667,32.6041666666667
0.998744525381057,-111.0625,32.6041666666667
0.999802451692304,-111.020833333333,32.6041666666667
0.999876512377193,-110.979166666667,32.6041666666667
0.999748480696185,-110.9375,32.6041666666667
0.999894384599735,-110.895833333333,32.6041666666667
0.999991579030148,-110.854166666667,32.6041666666667
0.999999963514273,-110.8125,32.6041666666667
0.999999999999614,-110.770833333333,32.6041666666667
0.999999999953924,-110.729166666667,32.6041666666667
0.999980460885178,-110.6875,32.6041666666667
0.99311984591679,-110.645833333333,32.6041666666667
0.964161848877174,-110.604166666667,32.6041666666667
0.971589586161586,-110.5625,32.6041666666667
0.987526399071654,-110.520833333333,32.6041666666667
0.989881776105904,-110.479166666667,32.6041666666667
0.984507903699944,-110.4375,32.6041666666667
0.926961566575745,-110.395833333333,32.6041666666667
0.796875014221333,-110.354166666667,32.6041666666667
0.674167316129334,-110.3125,32.6041666666667
0.719809332807091,-110.270833333333,32.6041666666667
0.873507269493766,-110.229166666667,32.6041666666667
0.863759773167247,-110.1875,32.6041666666667
0.818293578802612,-110.145833333333,32.6041666666667
0.798737694196697,-110.104166666667,32.6041666666667
0.810183342826958,-110.0625,32.6041666666667
0.792115598104221,-110.020833333333,32.6041666666667
0.762789877150963,-109.979166666667,32.6041666666667
0.749944361498595,-109.9375,32.6041666666667
0.699599884584102,-109.895833333333,32.6041666666667
0.558326895123146,-109.854166666667,32.6041666666667
0.505487353664587,-109.8125,32.6041666666667
0.680550567581033,-109.770833333333,32.6041666666667
0.799923619919861,-109.729166666667,32.6041666666667
0.809047405527505,-109.6875,32.6041666666667
0.793683079929224,-109.645833333333,32.6041666666667
0.727345602067752,-109.604166666667,32.6041666666667
0.666011277787719,-109.5625,32.6041666666667
0.600664777686498,-109.520833333333,32.6041666666667
0.531655499017808,-109.479166666667,32.6041666666667
0.527088268827581,-109.4375,32.6041666666667
0.501457189335579,-109.395833333333,32.6041666666667
0.641191047471151,-116.854166666667,32.5625
0.667855846324144,-116.8125,32.5625
0.507521885289251,-116.770833333333,32.5625
0.534845878424284,-116.729166666667,32.5625
0.67545783878603,-116.6875,32.5625
0.53000149458709,-116.645833333333,32.5625
0.579399676347996,-116.395833333333,32.5625
0.599854487744809,-116.354166666667,32.5625
0.599336146929082,-116.3125,32.5625
0.590977091436872,-116.270833333333,32.5625
0.531285716487566,-116.229166666667,32.5625
0.569046920125904,-116.145833333333,32.5625
0.717461693266693,-116.104166666667,32.5625
0.788489324103546,-116.0625,32.5625
0.632549899863738,-116.020833333333,32.5625
0.925141900202214,-115.270833333333,32.5625
0.926118966235143,-115.229166666667,32.5625
0.923635159678814,-115.1875,32.5625
0.922697519188782,-115.145833333333,32.5625
0.926958484101699,-115.104166666667,32.5625
0.92425911311691,-115.0625,32.5625
0.924359187881373,-115.020833333333,32.5625
0.926303845796726,-114.979166666667,32.5625
0.929903106193493,-114.9375,32.5625
0.936115364494389,-114.895833333333,32.5625
0.947812137488525,-114.854166666667,32.5625
0.957432698056815,-114.8125,32.5625
0.9552077350771,-114.770833333333,32.5625
0.952627415176171,-114.729166666667,32.5625
0.956089047755034,-114.6875,32.5625
0.97159247791531,-114.645833333333,32.5625
0.985060836830047,-114.604166666667,32.5625
0.991689352440883,-114.5625,32.5625
0.99409622826546,-114.520833333333,32.5625
0.995817907351951,-114.479166666667,32.5625
0.997974044729359,-114.4375,32.5625
0.998931254698126,-114.395833333333,32.5625
0.998852719370532,-114.354166666667,32.5625
0.998447175370359,-114.3125,32.5625
0.990187496739663,-114.270833333333,32.5625
0.967912866219536,-114.229166666667,32.5625
0.989757368783192,-114.1875,32.5625
0.990383617094442,-114.145833333333,32.5625
0.982867607724994,-114.104166666667,32.5625
0.976076364431329,-114.0625,32.5625
0.98373568321946,-114.020833333333,32.5625
0.990411469698228,-113.979166666667,32.5625
0.990917811474155,-113.9375,32.5625
0.987938969443119,-113.895833333333,32.5625
0.987555225174068,-113.854166666667,32.5625
0.989958065199883,-113.8125,32.5625
0.991915888250802,-113.770833333333,32.5625
0.993525968496318,-113.729166666667,32.5625
0.995200786028725,-113.6875,32.5625
0.997654805999315,-113.645833333333,32.5625
0.997987859387931,-113.604166666667,32.5625
0.996497553484745,-113.5625,32.5625
0.995264920740597,-113.520833333333,32.5625
0.995929327604308,-113.479166666667,32.5625
0.997736393847038,-113.4375,32.5625
0.99855569594898,-113.395833333333,32.5625
0.998532648287296,-113.354166666667,32.5625
0.998282043027384,-113.3125,32.5625
0.998236651615476,-113.270833333333,32.5625
0.997899024294204,-113.229166666667,32.5625
0.997792991709449,-113.1875,32.5625
0.996996471072338,-113.145833333333,32.5625
0.994540802105042,-113.104166666667,32.5625
0.990885491494358,-113.0625,32.5625
0.987577510625123,-113.020833333333,32.5625
0.981833494202224,-112.979166666667,32.5625
0.974703846790332,-112.9375,32.5625
0.966998910497287,-112.895833333333,32.5625
0.956696525326725,-112.854166666667,32.5625
0.934144494719559,-112.8125,32.5625
0.923061849035442,-112.770833333333,32.5625
0.94146774745923,-112.729166666667,32.5625
0.954621594247363,-112.6875,32.5625
0.952688216927248,-112.645833333333,32.5625
0.935123439805987,-112.604166666667,32.5625
0.92144045851192,-112.5625,32.5625
0.922277318120714,-112.520833333333,32.5625
0.933864889231109,-112.479166666667,32.5625
0.94535650239849,-112.4375,32.5625
0.957769625524928,-112.395833333333,32.5625
0.965465622874638,-112.354166666667,32.5625
0.955522195061138,-112.3125,32.5625
0.941849540807471,-112.270833333333,32.5625
0.927219052131974,-112.229166666667,32.5625
0.947227919081422,-112.1875,32.5625
0.975898807208628,-112.145833333333,32.5625
0.989186335449542,-112.104166666667,32.5625
0.982282064476714,-112.0625,32.5625
0.981994858398274,-112.020833333333,32.5625
0.991069413256174,-111.979166666667,32.5625
0.997649786033224,-111.9375,32.5625
0.999802871790526,-111.895833333333,32.5625
0.99954617786279,-111.854166666667,32.5625
0.998915632526273,-111.8125,32.5625
0.999420159611334,-111.770833333333,32.5625
0.999719397863462,-111.729166666667,32.5625
0.999797560038621,-111.6875,32.5625
0.999895054277309,-111.645833333333,32.5625
0.999953139645574,-111.604166666667,32.5625
0.999980577586318,-111.5625,32.5625
0.999990523327611,-111.520833333333,32.5625
0.999996576692389,-111.479166666667,32.5625
0.999998497972118,-111.4375,32.5625
0.999998703776369,-111.395833333333,32.5625
0.999995135931356,-111.354166666667,32.5625
0.999982409777362,-111.3125,32.5625
0.99997189482107,-111.270833333333,32.5625
0.999911729630718,-111.229166666667,32.5625
0.999801453114735,-111.1875,32.5625
0.999677524243682,-111.145833333333,32.5625
0.99899342144963,-111.104166666667,32.5625
0.998336647963001,-111.0625,32.5625
0.99899740092343,-111.020833333333,32.5625
0.998605347081291,-110.979166666667,32.5625
0.998682261458145,-110.9375,32.5625
0.999729521117527,-110.895833333333,32.5625
0.999967228285711,-110.854166666667,32.5625
0.999999966714064,-110.8125,32.5625
0.999999999999533,-110.770833333333,32.5625
0.999999999999991,-110.729166666667,32.5625
0.999999981807426,-110.6875,32.5625
0.999155573257652,-110.645833333333,32.5625
0.977369740037043,-110.604166666667,32.5625
0.963927997877002,-110.5625,32.5625
0.977050779434625,-110.520833333333,32.5625
0.982315502393385,-110.479166666667,32.5625
0.976391109506361,-110.4375,32.5625
0.947185497680556,-110.395833333333,32.5625
0.807246319666783,-110.354166666667,32.5625
0.73994788670929,-110.3125,32.5625
0.697120190233815,-110.270833333333,32.5625
0.841676250933795,-110.229166666667,32.5625
0.851810957577607,-110.1875,32.5625
0.793520640659406,-110.145833333333,32.5625
0.712760407937512,-110.104166666667,32.5625
0.692287480303583,-110.0625,32.5625
0.713235035749854,-110.020833333333,32.5625
0.713856132254358,-109.979166666667,32.5625
0.726860702683276,-109.9375,32.5625
0.731697996428932,-109.895833333333,32.5625
0.640961133052664,-109.854166666667,32.5625
0.530310035050188,-109.8125,32.5625
0.567192730961906,-109.770833333333,32.5625
0.65832216665199,-109.729166666667,32.5625
0.699887318090961,-109.6875,32.5625
0.709169349114557,-109.645833333333,32.5625
0.691754988020602,-109.604166666667,32.5625
0.67041651476102,-109.5625,32.5625
0.66101709925123,-109.520833333333,32.5625
0.610265804351667,-109.479166666667,32.5625
0.539214071084833,-109.4375,32.5625
0.500361293412764,-109.395833333333,32.5625
0.556608129071503,-116.8125,32.5208333333333
0.528136512068547,-116.729166666667,32.5208333333333
0.586075943383692,-116.6875,32.5208333333333
0.5761503134685,-116.645833333333,32.5208333333333
0.533725791445005,-116.604166666667,32.5208333333333
0.512954782685565,-116.5625,32.5208333333333
0.552193562943684,-116.4375,32.5208333333333
0.608208422486187,-116.395833333333,32.5208333333333
0.60700695229082,-116.354166666667,32.5208333333333
0.623039132890799,-116.3125,32.5208333333333
0.640614667514552,-116.270833333333,32.5208333333333
0.649157581009343,-116.229166666667,32.5208333333333
0.634203957569815,-116.1875,32.5208333333333
0.66247907020629,-116.145833333333,32.5208333333333
0.650756787505121,-116.104166666667,32.5208333333333
0.606865359988429,-116.0625,32.5208333333333
0.55908964206323,-116.020833333333,32.5208333333333
0.516712307925898,-115.979166666667,32.5208333333333
0.553320776297056,-115.9375,32.5208333333333
0.500732423652602,-115.895833333333,32.5208333333333
0.918825850283989,-115.229166666667,32.5208333333333
0.91877656020024,-115.1875,32.5208333333333
0.920177244429411,-115.145833333333,32.5208333333333
0.926288524455971,-115.104166666667,32.5208333333333
0.923870964572286,-115.0625,32.5208333333333
0.923345377209825,-115.020833333333,32.5208333333333
0.925309835628747,-114.979166666667,32.5208333333333
0.927969702684592,-114.9375,32.5208333333333
0.934802881786518,-114.895833333333,32.5208333333333
0.951689986933319,-114.854166666667,32.5208333333333
0.96241038479736,-114.8125,32.5208333333333
0.96324578267596,-114.770833333333,32.5208333333333
0.964853433144074,-114.729166666667,32.5208333333333
0.970053664645506,-114.6875,32.5208333333333
0.977204703128641,-114.645833333333,32.5208333333333
0.985599492657732,-114.604166666667,32.5208333333333
0.991116279687987,-114.5625,32.5208333333333
0.992914096376243,-114.520833333333,32.5208333333333
0.994742720406624,-114.479166666667,32.5208333333333
0.997085576417486,-114.4375,32.5208333333333
0.998458078157606,-114.395833333333,32.5208333333333
0.99864663505292,-114.354166666667,32.5208333333333
0.998075281588983,-114.3125,32.5208333333333
0.997062779025696,-114.270833333333,32.5208333333333
0.989393343149824,-114.229166666667,32.5208333333333
0.995600962420585,-114.1875,32.5208333333333
0.996212940804517,-114.145833333333,32.5208333333333
0.992756440238802,-114.104166666667,32.5208333333333
0.987160601071815,-114.0625,32.5208333333333
0.99283503466596,-114.020833333333,32.5208333333333
0.996884689976608,-113.979166666667,32.5208333333333
0.994545315154447,-113.9375,32.5208333333333
0.990414884467975,-113.895833333333,32.5208333333333
0.988239181141983,-113.854166666667,32.5208333333333
0.98960997511011,-113.8125,32.5208333333333
0.991298233304922,-113.770833333333,32.5208333333333
0.991013248620685,-113.729166666667,32.5208333333333
0.991699209231021,-113.6875,32.5208333333333
0.993878449872608,-113.645833333333,32.5208333333333
0.996006406766448,-113.604166666667,32.5208333333333
0.996496105628532,-113.5625,32.5208333333333
0.996115111173012,-113.520833333333,32.5208333333333
0.994530161010606,-113.479166666667,32.5208333333333
0.996643315503616,-113.4375,32.5208333333333
0.998361638433716,-113.395833333333,32.5208333333333
0.998735894690611,-113.354166666667,32.5208333333333
0.998453456406788,-113.3125,32.5208333333333
0.998215842069081,-113.270833333333,32.5208333333333
0.997700604850169,-113.229166666667,32.5208333333333
0.997748947487429,-113.1875,32.5208333333333
0.998153062850231,-113.145833333333,32.5208333333333
0.996562655108537,-113.104166666667,32.5208333333333
0.99163947745281,-113.0625,32.5208333333333
0.987143721613434,-113.020833333333,32.5208333333333
0.979131996888464,-112.979166666667,32.5208333333333
0.972483467952143,-112.9375,32.5208333333333
0.964911063852709,-112.895833333333,32.5208333333333
0.954296068705049,-112.854166666667,32.5208333333333
0.939605703445651,-112.8125,32.5208333333333
0.934555492053158,-112.770833333333,32.5208333333333
0.942215605644778,-112.729166666667,32.5208333333333
0.950495368600124,-112.6875,32.5208333333333
0.957594761437743,-112.645833333333,32.5208333333333
0.948652868870111,-112.604166666667,32.5208333333333
0.93274802839821,-112.5625,32.5208333333333
0.919137202630636,-112.520833333333,32.5208333333333
0.932641418077916,-112.479166666667,32.5208333333333
0.944865925814624,-112.4375,32.5208333333333
0.933082467078438,-112.395833333333,32.5208333333333
0.924901389514679,-112.354166666667,32.5208333333333
0.892282682276178,-112.3125,32.5208333333333
0.856192437558669,-112.270833333333,32.5208333333333
0.879348149348465,-112.229166666667,32.5208333333333
0.913941112216096,-112.1875,32.5208333333333
0.915642422872207,-112.145833333333,32.5208333333333
0.928292104933577,-112.104166666667,32.5208333333333
0.934109359023625,-112.0625,32.5208333333333
0.947725246011678,-112.020833333333,32.5208333333333
0.967681692650658,-111.979166666667,32.5208333333333
0.98572829289747,-111.9375,32.5208333333333
0.998219225905539,-111.895833333333,32.5208333333333
0.999110441457781,-111.854166666667,32.5208333333333
0.997301229820686,-111.8125,32.5208333333333
0.997987983409533,-111.770833333333,32.5208333333333
0.999345560797972,-111.729166666667,32.5208333333333
0.999856825202821,-111.6875,32.5208333333333
0.999937692104153,-111.645833333333,32.5208333333333
0.999948552263998,-111.604166666667,32.5208333333333
0.999962768046312,-111.5625,32.5208333333333
0.99998013679877,-111.520833333333,32.5208333333333
0.999992452631208,-111.479166666667,32.5208333333333
0.999990837733144,-111.4375,32.5208333333333
0.999977052640026,-111.395833333333,32.5208333333333
0.999926759220135,-111.354166666667,32.5208333333333
0.999843845410493,-111.3125,32.5208333333333
0.99986524046254,-111.270833333333,32.5208333333333
0.999795972812096,-111.229166666667,32.5208333333333
0.999554830996024,-111.1875,32.5208333333333
0.999517369952627,-111.145833333333,32.5208333333333
0.998974820680605,-111.104166666667,32.5208333333333
0.996613110222123,-111.0625,32.5208333333333
0.994474445181295,-111.020833333333,32.5208333333333
0.992637972648475,-110.979166666667,32.5208333333333
0.993305054322724,-110.9375,32.5208333333333
0.997976124657924,-110.895833333333,32.5208333333333
0.999918097581657,-110.854166666667,32.5208333333333
0.999999999101115,-110.8125,32.5208333333333
0.999999999743533,-110.770833333333,32.5208333333333
0.999999999998358,-110.729166666667,32.5208333333333
0.999999999921399,-110.6875,32.5208333333333
0.999902300174521,-110.645833333333,32.5208333333333
0.98803505516713,-110.604166666667,32.5208333333333
0.961597062221501,-110.5625,32.5208333333333
0.963842988304914,-110.520833333333,32.5208333333333
0.971044969047031,-110.479166666667,32.5208333333333
0.959125043544635,-110.4375,32.5208333333333
0.939236059704067,-110.395833333333,32.5208333333333
0.852933678903506,-110.354166666667,32.5208333333333
0.838704542388938,-110.3125,32.5208333333333
0.74943367573413,-110.270833333333,32.5208333333333
0.826651426180523,-110.229166666667,32.5208333333333
0.845446926848741,-110.1875,32.5208333333333
0.801912188404191,-110.145833333333,32.5208333333333
0.673950351246966,-110.104166666667,32.5208333333333
0.575194774688449,-110.0625,32.5208333333333
0.587071680928687,-110.020833333333,32.5208333333333
0.628595256591998,-109.979166666667,32.5208333333333
0.658614482180707,-109.9375,32.5208333333333
0.68288772911917,-109.895833333333,32.5208333333333
0.640792000793796,-109.854166666667,32.5208333333333
0.521115699818004,-109.8125,32.5208333333333
0.50953383039054,-109.729166666667,32.5208333333333
0.587672029865014,-109.6875,32.5208333333333
0.63049116408729,-109.645833333333,32.5208333333333
0.655617923452161,-109.604166666667,32.5208333333333
0.665482274217733,-109.5625,32.5208333333333
0.694105959367052,-109.520833333333,32.5208333333333
0.687987877698105,-109.479166666667,32.5208333333333
0.620509236943538,-109.4375,32.5208333333333
0.546959809742203,-109.395833333333,32.5208333333333
0.522733235438068,-109.354166666667,32.5208333333333
0.53964383794722,-116.6875,32.4791666666667
0.591886790048391,-116.645833333333,32.4791666666667
0.597317114177895,-116.604166666667,32.4791666666667
0.602213593401449,-116.5625,32.4791666666667
0.569806919075525,-116.520833333333,32.4791666666667
0.583454920376733,-116.479166666667,32.4791666666667
0.591646116052906,-116.4375,32.4791666666667
0.588622083655479,-116.395833333333,32.4791666666667
0.600926854053905,-116.354166666667,32.4791666666667
0.619409808884296,-116.3125,32.4791666666667
0.641850597111618,-116.270833333333,32.4791666666667
0.64028569383709,-116.229166666667,32.4791666666667
0.640168902925742,-116.1875,32.4791666666667
0.636662710103516,-116.145833333333,32.4791666666667
0.572154190819459,-116.104166666667,32.4791666666667
0.533509221969143,-116.0625,32.4791666666667
0.52701095478156,-116.020833333333,32.4791666666667
0.520143626473732,-115.979166666667,32.4791666666667
0.510764061716378,-115.9375,32.4791666666667
0.912105150263746,-115.229166666667,32.4791666666667
0.912394409599424,-115.1875,32.4791666666667
0.914947250659778,-115.145833333333,32.4791666666667
0.921458097421439,-115.104166666667,32.4791666666667
0.922244188186184,-115.0625,32.4791666666667
0.922582951139189,-115.020833333333,32.4791666666667
0.923960856019756,-114.979166666667,32.4791666666667
0.927212092762337,-114.9375,32.4791666666667
0.934546443178444,-114.895833333333,32.4791666666667
0.950999964917619,-114.854166666667,32.4791666666667
0.966293250768608,-114.8125,32.4791666666667
0.973457650979674,-114.770833333333,32.4791666666667
0.976161142595141,-114.729166666667,32.4791666666667
0.979121355722602,-114.6875,32.4791666666667
0.982628639863191,-114.645833333333,32.4791666666667
0.986615461066056,-114.604166666667,32.4791666666667
0.990242080244113,-114.5625,32.4791666666667
0.992388827451957,-114.520833333333,32.4791666666667
0.994190693874516,-114.479166666667,32.4791666666667
0.995697515061236,-114.4375,32.4791666666667
0.996850698156487,-114.395833333333,32.4791666666667
0.997956483111478,-114.354166666667,32.4791666666667
0.998470590621101,-114.3125,32.4791666666667
0.997768382554249,-114.270833333333,32.4791666666667
0.994000451768425,-114.229166666667,32.4791666666667
0.992648049892045,-114.1875,32.4791666666667
0.99900736336886,-114.145833333333,32.4791666666667
0.997074265310316,-114.104166666667,32.4791666666667
0.98991424969717,-114.0625,32.4791666666667
0.988095413178932,-114.020833333333,32.4791666666667
0.995721149914051,-113.979166666667,32.4791666666667
0.993959878097338,-113.9375,32.4791666666667
0.991112481980104,-113.895833333333,32.4791666666667
0.989009258094864,-113.854166666667,32.4791666666667
0.989156016828541,-113.8125,32.4791666666667
0.989891970734876,-113.770833333333,32.4791666666667
0.988797451836964,-113.729166666667,32.4791666666667
0.989128037745747,-113.6875,32.4791666666667
0.990757096687491,-113.645833333333,32.4791666666667
0.992791613101915,-113.604166666667,32.4791666666667
0.994608757453074,-113.5625,32.4791666666667
0.995741844047271,-113.520833333333,32.4791666666667
0.993312679309159,-113.479166666667,32.4791666666667
0.995592295612059,-113.4375,32.4791666666667
0.997997039065652,-113.395833333333,32.4791666666667
0.998869601653928,-113.354166666667,32.4791666666667
0.998753940786258,-113.3125,32.4791666666667
0.998232505796336,-113.270833333333,32.4791666666667
0.997592508911673,-113.229166666667,32.4791666666667
0.997637313285862,-113.1875,32.4791666666667
0.998311504065059,-113.145833333333,32.4791666666667
0.998456487814165,-113.104166666667,32.4791666666667
0.994763900849273,-113.0625,32.4791666666667
0.988429568594129,-113.020833333333,32.4791666666667
0.98761239064609,-112.979166666667,32.4791666666667
0.988717752178082,-112.9375,32.4791666666667
0.979885619235307,-112.895833333333,32.4791666666667
0.960072413364849,-112.854166666667,32.4791666666667
0.961030587466997,-112.8125,32.4791666666667
0.97377081966534,-112.770833333333,32.4791666666667
0.980258165558879,-112.729166666667,32.4791666666667
0.965810497001202,-112.6875,32.4791666666667
0.967298635439813,-112.645833333333,32.4791666666667
0.957717801690709,-112.604166666667,32.4791666666667
0.916851279560813,-112.5625,32.4791666666667
0.877088535005204,-112.520833333333,32.4791666666667
0.886916516739739,-112.479166666667,32.4791666666667
0.917903139853549,-112.4375,32.4791666666667
0.909574529550938,-112.395833333333,32.4791666666667
0.884338061001191,-112.354166666667,32.4791666666667
0.815254610998217,-112.3125,32.4791666666667
0.754839524855949,-112.270833333333,32.4791666666667
0.825599246268036,-112.229166666667,32.4791666666667
0.885583836026636,-112.1875,32.4791666666667
0.893273929853628,-112.145833333333,32.4791666666667
0.889658818610096,-112.104166666667,32.4791666666667
0.874477228166321,-112.0625,32.4791666666667
0.884045402847897,-112.020833333333,32.4791666666667
0.909929893870669,-111.979166666667,32.4791666666667
0.943851567256301,-111.9375,32.4791666666667
0.978268975365835,-111.895833333333,32.4791666666667
0.991031198998049,-111.854166666667,32.4791666666667
0.991755292263214,-111.8125,32.4791666666667
0.995074284223969,-111.770833333333,32.4791666666667
0.99856764569835,-111.729166666667,32.4791666666667
0.999807528681315,-111.6875,32.4791666666667
0.999975702241437,-111.645833333333,32.4791666666667
0.999979321735117,-111.604166666667,32.4791666666667
0.999984364117519,-111.5625,32.4791666666667
0.999990778517251,-111.520833333333,32.4791666666667
0.99999541020087,-111.479166666667,32.4791666666667
0.99997858053673,-111.4375,32.4791666666667
0.999868766788566,-111.395833333333,32.4791666666667
0.999721637357463,-111.354166666667,32.4791666666667
0.999614328245229,-111.3125,32.4791666666667
0.999706485099513,-111.270833333333,32.4791666666667
0.999705825346107,-111.229166666667,32.4791666666667
0.999286916375645,-111.1875,32.4791666666667
0.999149663550677,-111.145833333333,32.4791666666667
0.999181478951094,-111.104166666667,32.4791666666667
0.99796382433313,-111.0625,32.4791666666667
0.994849479631852,-111.020833333333,32.4791666666667
0.989895367437454,-110.979166666667,32.4791666666667
0.985828998719603,-110.9375,32.4791666666667
0.994327104221509,-110.895833333333,32.4791666666667
0.999852494586825,-110.854166666667,32.4791666666667
0.999999697294262,-110.8125,32.4791666666667
0.999995247281509,-110.770833333333,32.4791666666667
0.999999678907633,-110.729166666667,32.4791666666667
0.999999998425126,-110.6875,32.4791666666667
0.999986580116918,-110.645833333333,32.4791666666667
0.995222387213601,-110.604166666667,32.4791666666667
0.959970838929537,-110.5625,32.4791666666667
0.942891815447183,-110.520833333333,32.4791666666667
0.948136614389978,-110.479166666667,32.4791666666667
0.93599803147554,-110.4375,32.4791666666667
0.919746187603233,-110.395833333333,32.4791666666667
0.883816036779626,-110.354166666667,32.4791666666667
0.856577420254229,-110.3125,32.4791666666667
0.760729101139945,-110.270833333333,32.4791666666667
0.781154682456063,-110.229166666667,32.4791666666667
0.808126612196482,-110.1875,32.4791666666667
0.80536273840976,-110.145833333333,32.4791666666667
0.696933485410123,-110.104166666667,32.4791666666667
0.544039754875088,-110.0625,32.4791666666667
0.502738601560912,-109.979166666667,32.4791666666667
0.530182133519288,-109.9375,32.4791666666667
0.564306520169917,-109.895833333333,32.4791666666667
0.60179756653028,-109.854166666667,32.4791666666667
0.554624869147117,-109.8125,32.4791666666667
0.513605424120584,-109.6875,32.4791666666667
0.568956807454441,-109.645833333333,32.4791666666667
0.610815467874392,-109.604166666667,32.4791666666667
0.64520684004413,-109.5625,32.4791666666667
0.689478679336964,-109.520833333333,32.4791666666667
0.711758287117155,-109.479166666667,32.4791666666667
0.682194470818611,-109.4375,32.4791666666667
0.60890872058434,-109.395833333333,32.4791666666667
0.563126098153597,-109.354166666667,32.4791666666667
0.502257003913642,-109.3125,32.4791666666667
0.509642685344347,-116.770833333333,32.4375
0.527750596087597,-116.729166666667,32.4375
0.521372451110533,-116.6875,32.4375
0.55365815391599,-116.645833333333,32.4375
0.568562213028465,-116.604166666667,32.4375
0.566860434556982,-116.5625,32.4375
0.569172210415315,-116.520833333333,32.4375
0.56211716919695,-116.479166666667,32.4375
0.562388528508508,-116.4375,32.4375
0.584879452282483,-116.395833333333,32.4375
0.586467479103852,-116.354166666667,32.4375
0.584018552293973,-116.3125,32.4375
0.611221886765033,-116.270833333333,32.4375
0.609428555105386,-116.229166666667,32.4375
0.63158383101987,-116.1875,32.4375
0.603732730294508,-116.145833333333,32.4375
0.552867143862676,-116.104166666667,32.4375
0.520266125848832,-116.0625,32.4375
0.907580758080099,-115.229166666667,32.4375
0.907095955134419,-115.1875,32.4375
0.907307721425295,-115.145833333333,32.4375
0.91368309623976,-115.104166666667,32.4375
0.918424794557238,-115.0625,32.4375
0.922027285689674,-115.020833333333,32.4375
0.921986293684405,-114.979166666667,32.4375
0.92424475750044,-114.9375,32.4375
0.93240631143278,-114.895833333333,32.4375
0.947060860954498,-114.854166666667,32.4375
0.96301224262329,-114.8125,32.4375
0.97614035803798,-114.770833333333,32.4375
0.981790068634867,-114.729166666667,32.4375
0.983396575329526,-114.6875,32.4375
0.984658062466092,-114.645833333333,32.4375
0.986663183508157,-114.604166666667,32.4375
0.989157676549715,-114.5625,32.4375
0.991862318750159,-114.520833333333,32.4375
0.993832584627786,-114.479166666667,32.4375
0.994723922020132,-114.4375,32.4375
0.995696977487287,-114.395833333333,32.4375
0.997139900034752,-114.354166666667,32.4375
0.998097971571595,-114.3125,32.4375
0.997307838316644,-114.270833333333,32.4375
0.994187739403523,-114.229166666667,32.4375
0.996099978994744,-114.1875,32.4375
0.996352349675308,-114.145833333333,32.4375
0.986147142412456,-114.104166666667,32.4375
0.988388973280415,-114.0625,32.4375
0.970520036869486,-114.020833333333,32.4375
0.978319001485407,-113.979166666667,32.4375
0.987442082934817,-113.9375,32.4375
0.989692232927785,-113.895833333333,32.4375
0.989697482548024,-113.854166666667,32.4375
0.989791639871853,-113.8125,32.4375
0.98948504951942,-113.770833333333,32.4375
0.988579137253907,-113.729166666667,32.4375
0.989440019436396,-113.6875,32.4375
0.990935149976464,-113.645833333333,32.4375
0.991031168151185,-113.604166666667,32.4375
0.991501532008205,-113.5625,32.4375
0.993129332662328,-113.520833333333,32.4375
0.994122257458522,-113.479166666667,32.4375
0.995042399729439,-113.4375,32.4375
0.997411760848902,-113.395833333333,32.4375
0.998721402636237,-113.354166666667,32.4375
0.999217811062041,-113.3125,32.4375
0.998629813599456,-113.270833333333,32.4375
0.997720304385025,-113.229166666667,32.4375
0.997568871640083,-113.1875,32.4375
0.997796389149104,-113.145833333333,32.4375
0.998842003794791,-113.104166666667,32.4375
0.997331154227428,-113.0625,32.4375
0.990562551910226,-113.020833333333,32.4375
0.992082576927171,-112.979166666667,32.4375
0.997333315171386,-112.9375,32.4375
0.992547233440749,-112.895833333333,32.4375
0.981839712285798,-112.854166666667,32.4375
0.979059684944943,-112.8125,32.4375
0.983377046057916,-112.770833333333,32.4375
0.988702542164465,-112.729166666667,32.4375
0.976544702450702,-112.6875,32.4375
0.970009079517571,-112.645833333333,32.4375
0.96212079793292,-112.604166666667,32.4375
0.914897224859317,-112.5625,32.4375
0.859290349234876,-112.520833333333,32.4375
0.850641746694258,-112.479166666667,32.4375
0.896826181744497,-112.4375,32.4375
0.934557702977121,-112.395833333333,32.4375
0.890500497213692,-112.354166666667,32.4375
0.757845522109494,-112.3125,32.4375
0.705051497914643,-112.270833333333,32.4375
0.809979116140563,-112.229166666667,32.4375
0.858150816040689,-112.1875,32.4375
0.883179393886326,-112.145833333333,32.4375
0.867234989144292,-112.104166666667,32.4375
0.809847960757868,-112.0625,32.4375
0.811243712050991,-112.020833333333,32.4375
0.84837997993245,-111.979166666667,32.4375
0.910119231866896,-111.9375,32.4375
0.977577713842831,-111.895833333333,32.4375
0.99312814740823,-111.854166666667,32.4375
0.990267951893777,-111.8125,32.4375
0.991154123949516,-111.770833333333,32.4375
0.996843016716757,-111.729166666667,32.4375
0.999253618081327,-111.6875,32.4375
0.999916604935894,-111.645833333333,32.4375
0.999979671370239,-111.604166666667,32.4375
0.999993193711461,-111.5625,32.4375
0.999996918021677,-111.520833333333,32.4375
0.999992204464175,-111.479166666667,32.4375
0.999929538492969,-111.4375,32.4375
0.999717474332594,-111.395833333333,32.4375
0.999633008346362,-111.354166666667,32.4375
0.999615217720925,-111.3125,32.4375
0.999634332012922,-111.270833333333,32.4375
0.999623080555192,-111.229166666667,32.4375
0.999319128480656,-111.1875,32.4375
0.99884621447562,-111.145833333333,32.4375
0.998968324609043,-111.104166666667,32.4375
0.998794984276917,-111.0625,32.4375
0.997185892928717,-111.020833333333,32.4375
0.993385919735742,-110.979166666667,32.4375
0.988964730060955,-110.9375,32.4375
0.994266913890228,-110.895833333333,32.4375
0.999599077172346,-110.854166666667,32.4375
0.999802512085898,-110.8125,32.4375
0.996493635593257,-110.770833333333,32.4375
0.996284096801572,-110.729166666667,32.4375
0.999978035064701,-110.6875,32.4375
0.999999044344819,-110.645833333333,32.4375
0.998329215731325,-110.604166666667,32.4375
0.951719289095641,-110.5625,32.4375
0.919319032176685,-110.520833333333,32.4375
0.912098186034246,-110.479166666667,32.4375
0.906726973161283,-110.4375,32.4375
0.890190225881628,-110.395833333333,32.4375
0.868893955029332,-110.354166666667,32.4375
0.845449045336523,-110.3125,32.4375
0.756956346840362,-110.270833333333,32.4375
0.71081655830175,-110.229166666667,32.4375
0.711517198251041,-110.1875,32.4375
0.727598806603803,-110.145833333333,32.4375
0.738423314474246,-110.104166666667,32.4375
0.643430683979736,-110.0625,32.4375
0.536272344930752,-109.8125,32.4375
0.542225600713673,-109.645833333333,32.4375
0.574000592965749,-109.604166666667,32.4375
0.622805281576282,-109.5625,32.4375
0.673736362318317,-109.520833333333,32.4375
0.708079312885884,-109.479166666667,32.4375
0.711653470675272,-109.4375,32.4375
0.647627949247182,-109.395833333333,32.4375
0.576724272753846,-109.354166666667,32.4375
0.518464249222118,-109.3125,32.4375
0.504063377958566,-116.604166666667,32.3958333333333
0.511068700894601,-116.5625,32.3958333333333
0.518445693876516,-116.520833333333,32.3958333333333
0.530783983099846,-116.479166666667,32.3958333333333
0.544771677322088,-116.4375,32.3958333333333
0.553610337420146,-116.395833333333,32.3958333333333
0.550890461173749,-116.354166666667,32.3958333333333
0.550627848295267,-116.3125,32.3958333333333
0.584887916957153,-116.270833333333,32.3958333333333
0.618696315916662,-116.229166666667,32.3958333333333
0.637959241147188,-116.1875,32.3958333333333
0.565893536224708,-116.145833333333,32.3958333333333
0.523084040003184,-116.104166666667,32.3958333333333
0.901051206934379,-115.1875,32.3958333333333
0.898566826386795,-115.145833333333,32.3958333333333
0.900187968610108,-115.104166666667,32.3958333333333
0.906309096094166,-115.0625,32.3958333333333
0.913029039210932,-115.020833333333,32.3958333333333
0.916276112387334,-114.979166666667,32.3958333333333
0.918276469930442,-114.9375,32.3958333333333
0.925674765785944,-114.895833333333,32.3958333333333
0.938383168593882,-114.854166666667,32.3958333333333
0.952339744529796,-114.8125,32.3958333333333
0.966025677542183,-114.770833333333,32.3958333333333
0.975021559483438,-114.729166666667,32.3958333333333
0.977447357009512,-114.6875,32.3958333333333
0.979407769582225,-114.645833333333,32.3958333333333
0.983627622248806,-114.604166666667,32.3958333333333
0.987862386797772,-114.5625,32.3958333333333
0.990647008619765,-114.520833333333,32.3958333333333
0.992863933449718,-114.479166666667,32.3958333333333
0.99427281440823,-114.4375,32.3958333333333
0.995374849030536,-114.395833333333,32.3958333333333
0.996228757335131,-114.354166666667,32.3958333333333
0.996108737657671,-114.3125,32.3958333333333
0.990746130253943,-114.270833333333,32.3958333333333
0.980191057205082,-114.229166666667,32.3958333333333
0.98515096418945,-114.1875,32.3958333333333
0.989770677904173,-114.145833333333,32.3958333333333
0.974197864150197,-114.104166666667,32.3958333333333
0.980900100131582,-114.0625,32.3958333333333
0.962856117210039,-114.020833333333,32.3958333333333
0.96196835869196,-113.979166666667,32.3958333333333
0.980519752783903,-113.9375,32.3958333333333
0.990318878721555,-113.895833333333,32.3958333333333
0.990823170033647,-113.854166666667,32.3958333333333
0.99173250336199,-113.8125,32.3958333333333
0.990734947121416,-113.770833333333,32.3958333333333
0.989705542116115,-113.729166666667,32.3958333333333
0.990824512438715,-113.6875,32.3958333333333
0.994203411301853,-113.645833333333,32.3958333333333
0.994783571077917,-113.604166666667,32.3958333333333
0.993044762116145,-113.5625,32.3958333333333
0.994294989909664,-113.520833333333,32.3958333333333
0.996236760147543,-113.479166666667,32.3958333333333
0.996440259947544,-113.4375,32.3958333333333
0.997322106633534,-113.395833333333,32.3958333333333
0.998732920576861,-113.354166666667,32.3958333333333
0.999370655080738,-113.3125,32.3958333333333
0.998934936181777,-113.270833333333,32.3958333333333
0.997852924700553,-113.229166666667,32.3958333333333
0.997248460238294,-113.1875,32.3958333333333
0.997303007771033,-113.145833333333,32.3958333333333
0.998710235989215,-113.104166666667,32.3958333333333
0.99757312293511,-113.0625,32.3958333333333
0.994867109280727,-113.020833333333,32.3958333333333
0.996109331415578,-112.979166666667,32.3958333333333
0.998498933578486,-112.9375,32.3958333333333
0.998700805936004,-112.895833333333,32.3958333333333
0.997493136947248,-112.854166666667,32.3958333333333
0.992877656174751,-112.8125,32.3958333333333
0.986512384180808,-112.770833333333,32.3958333333333
0.984121346938698,-112.729166666667,32.3958333333333
0.973171695953176,-112.6875,32.3958333333333
0.973435648630077,-112.645833333333,32.3958333333333
0.973696590857221,-112.604166666667,32.3958333333333
0.933931200634187,-112.5625,32.3958333333333
0.864318215643868,-112.520833333333,32.3958333333333
0.827346966279636,-112.479166666667,32.3958333333333
0.869170921722109,-112.4375,32.3958333333333
0.907640677477114,-112.395833333333,32.3958333333333
0.869804335741558,-112.354166666667,32.3958333333333
0.709507499400504,-112.3125,32.3958333333333
0.695371148488243,-112.270833333333,32.3958333333333
0.780896764378715,-112.229166666667,32.3958333333333
0.792356646036443,-112.1875,32.3958333333333
0.813474863818999,-112.145833333333,32.3958333333333
0.814098003653787,-112.104166666667,32.3958333333333
0.748911689707556,-112.0625,32.3958333333333
0.746230759643933,-112.020833333333,32.3958333333333
0.788062117522026,-111.979166666667,32.3958333333333
0.896181174352923,-111.9375,32.3958333333333
0.991033388913179,-111.895833333333,32.3958333333333
0.998788186057709,-111.854166666667,32.3958333333333
0.993506898253226,-111.8125,32.3958333333333
0.984196780768602,-111.770833333333,32.3958333333333
0.992749846367451,-111.729166666667,32.3958333333333
0.99759634313679,-111.6875,32.3958333333333
0.9994258076808,-111.645833333333,32.3958333333333
0.999883298732147,-111.604166666667,32.3958333333333
0.999981631014415,-111.5625,32.3958333333333
0.999993148868882,-111.520833333333,32.3958333333333
0.999974048673295,-111.479166666667,32.3958333333333
0.999825611273967,-111.4375,32.3958333333333
0.999584052667975,-111.395833333333,32.3958333333333
0.999649058689872,-111.354166666667,32.3958333333333
0.999607716128801,-111.3125,32.3958333333333
0.999498796951199,-111.270833333333,32.3958333333333
0.999388116097914,-111.229166666667,32.3958333333333
0.999086154953131,-111.1875,32.3958333333333
0.99845481175927,-111.145833333333,32.3958333333333
0.998148086808063,-111.104166666667,32.3958333333333
0.99824249961677,-111.0625,32.3958333333333
0.997391047882905,-111.020833333333,32.3958333333333
0.995954962118237,-110.979166666667,32.3958333333333
0.997234932251962,-110.9375,32.3958333333333
0.998213034963107,-110.895833333333,32.3958333333333
0.998282823919343,-110.854166666667,32.3958333333333
0.996712126556934,-110.8125,32.3958333333333
0.988854900751492,-110.770833333333,32.3958333333333
0.957807637431951,-110.729166666667,32.3958333333333
0.991461530174167,-110.6875,32.3958333333333
0.99995609388901,-110.645833333333,32.3958333333333
0.998437240703549,-110.604166666667,32.3958333333333
0.947770708050025,-110.5625,32.3958333333333
0.908617846665315,-110.520833333333,32.3958333333333
0.877632439573899,-110.479166666667,32.3958333333333
0.874083350290228,-110.4375,32.3958333333333
0.860938733061186,-110.395833333333,32.3958333333333
0.839293258119304,-110.354166666667,32.3958333333333
0.817693967959951,-110.3125,32.3958333333333
0.751948845621637,-110.270833333333,32.3958333333333
0.674071701714899,-110.229166666667,32.3958333333333
0.60269880936043,-110.1875,32.3958333333333
0.599234962931798,-110.145833333333,32.3958333333333
0.780102099491286,-110.104166666667,32.3958333333333
0.819531610655569,-110.0625,32.3958333333333
0.522539410519779,-109.645833333333,32.3958333333333
0.553572894365844,-109.604166666667,32.3958333333333
0.597681040144512,-109.5625,32.3958333333333
0.651833951839735,-109.520833333333,32.3958333333333
0.689927677408924,-109.479166666667,32.3958333333333
0.710229762253763,-109.4375,32.3958333333333
0.664923339325961,-109.395833333333,32.3958333333333
0.587587222899716,-109.354166666667,32.3958333333333
0.52660051178081,-109.3125,32.3958333333333
0.507681701287592,-116.395833333333,32.3541666666667
0.511039330147427,-116.354166666667,32.3541666666667
0.5405871416516,-116.3125,32.3541666666667
0.570876337533793,-116.270833333333,32.3541666666667
0.582500504577592,-116.229166666667,32.3541666666667
0.596490411679312,-116.1875,32.3541666666667
0.523806318264558,-116.145833333333,32.3541666666667
0.900704932535385,-115.229166666667,32.3541666666667
0.896676051773345,-115.1875,32.3541666666667
0.89111586994677,-115.145833333333,32.3541666666667
0.889615425994999,-115.104166666667,32.3541666666667
0.891914551136021,-115.0625,32.3541666666667
0.89492478944372,-115.020833333333,32.3541666666667
0.900157767040175,-114.979166666667,32.3541666666667
0.902532755560077,-114.9375,32.3541666666667
0.91130591607269,-114.895833333333,32.3541666666667
0.924922766336258,-114.854166666667,32.3541666666667
0.939368546053533,-114.8125,32.3541666666667
0.950542787983356,-114.770833333333,32.3541666666667
0.958181243548416,-114.729166666667,32.3541666666667
0.962652500677183,-114.6875,32.3541666666667
0.967544639333369,-114.645833333333,32.3541666666667
0.97386573644167,-114.604166666667,32.3541666666667
0.979960642915161,-114.5625,32.3541666666667
0.983637880348068,-114.520833333333,32.3541666666667
0.989634957944169,-114.479166666667,32.3541666666667
0.993320879021303,-114.4375,32.3541666666667
0.994790870699062,-114.395833333333,32.3541666666667
0.995717251764826,-114.354166666667,32.3541666666667
0.994578186675685,-114.3125,32.3541666666667
0.977045454799255,-114.270833333333,32.3541666666667
0.944089231071532,-114.229166666667,32.3541666666667
0.949847752567213,-114.1875,32.3541666666667
0.950249187592887,-114.145833333333,32.3541666666667
0.942395213853485,-114.104166666667,32.3541666666667
0.919091330528498,-114.0625,32.3541666666667
0.968170739219462,-114.020833333333,32.3541666666667
0.971985802071065,-113.979166666667,32.3541666666667
0.980909851505879,-113.9375,32.3541666666667
0.990106075238036,-113.895833333333,32.3541666666667
0.994547399310459,-113.854166666667,32.3541666666667
0.995211081459182,-113.8125,32.3541666666667
0.993795366618162,-113.770833333333,32.3541666666667
0.993057271969534,-113.729166666667,32.3541666666667
0.993551274721166,-113.6875,32.3541666666667
0.99643599967095,-113.645833333333,32.3541666666667
0.998523447496775,-113.604166666667,32.3541666666667
0.996623563405947,-113.5625,32.3541666666667
0.995924743325156,-113.520833333333,32.3541666666667
0.995840218801378,-113.479166666667,32.3541666666667
0.996515854094872,-113.4375,32.3541666666667
0.998400755787372,-113.395833333333,32.3541666666667
0.999149653961752,-113.354166666667,32.3541666666667
0.999462399297616,-113.3125,32.3541666666667
0.999343895809683,-113.270833333333,32.3541666666667
0.99837978653121,-113.229166666667,32.3541666666667
0.997404919634297,-113.1875,32.3541666666667
0.996337897347404,-113.145833333333,32.3541666666667
0.997548436779544,-113.104166666667,32.3541666666667
0.999079436809663,-113.0625,32.3541666666667
0.997994885572306,-113.020833333333,32.3541666666667
0.998758185197089,-112.979166666667,32.3541666666667
0.99956594615801,-112.9375,32.3541666666667
0.999770555693748,-112.895833333333,32.3541666666667
0.999469058007773,-112.854166666667,32.3541666666667
0.997249736545125,-112.8125,32.3541666666667
0.990565785033547,-112.770833333333,32.3541666666667
0.988988188777354,-112.729166666667,32.3541666666667
0.982512605940917,-112.6875,32.3541666666667
0.983212660840692,-112.645833333333,32.3541666666667
0.98482444963154,-112.604166666667,32.3541666666667
0.948961740364211,-112.5625,32.3541666666667
0.856832457642792,-112.520833333333,32.3541666666667
0.800519775959431,-112.479166666667,32.3541666666667
0.811931808820855,-112.4375,32.3541666666667
0.827354608472391,-112.395833333333,32.3541666666667
0.771011348780747,-112.354166666667,32.3541666666667
0.662411263445456,-112.3125,32.3541666666667
0.66333953165747,-112.270833333333,32.3541666666667
0.718460782805165,-112.229166666667,32.3541666666667
0.705490332795593,-112.1875,32.3541666666667
0.705598546531993,-112.145833333333,32.3541666666667
0.703147936288787,-112.104166666667,32.3541666666667
0.699636968558764,-112.0625,32.3541666666667
0.702510634286812,-112.020833333333,32.3541666666667
0.734959609058579,-111.979166666667,32.3541666666667
0.845239498436746,-111.9375,32.3541666666667
0.978348658554106,-111.895833333333,32.3541666666667
0.996401768450253,-111.854166666667,32.3541666666667
0.986162420289763,-111.8125,32.3541666666667
0.963814126607538,-111.770833333333,32.3541666666667
0.978721461943532,-111.729166666667,32.3541666666667
0.993238833262413,-111.6875,32.3541666666667
0.997850638531271,-111.645833333333,32.3541666666667
0.999502600082853,-111.604166666667,32.3541666666667
0.999869639845113,-111.5625,32.3541666666667
0.999936802180663,-111.520833333333,32.3541666666667
0.999947624831843,-111.479166666667,32.3541666666667
0.999657114242321,-111.4375,32.3541666666667
0.999365399352935,-111.395833333333,32.3541666666667
0.999522273295145,-111.354166666667,32.3541666666667
0.99942132013184,-111.3125,32.3541666666667
0.998971937000401,-111.270833333333,32.3541666666667
0.99867827120571,-111.229166666667,32.3541666666667
0.99808631974998,-111.1875,32.3541666666667
0.997306447931363,-111.145833333333,32.3541666666667
0.997044451866429,-111.104166666667,32.3541666666667
0.996941140282679,-111.0625,32.3541666666667
0.996158715784478,-111.020833333333,32.3541666666667
0.996462360268076,-110.979166666667,32.3541666666667
0.999189575493141,-110.9375,32.3541666666667
0.999345318419165,-110.895833333333,32.3541666666667
0.99742924203818,-110.854166666667,32.3541666666667
0.996586060256508,-110.8125,32.3541666666667
0.997903543056326,-110.770833333333,32.3541666666667
0.993628221802085,-110.729166666667,32.3541666666667
0.994887670495978,-110.6875,32.3541666666667
0.999754029833221,-110.645833333333,32.3541666666667
0.999260058592524,-110.604166666667,32.3541666666667
0.976839263992125,-110.5625,32.3541666666667
0.924655044057879,-110.520833333333,32.3541666666667
0.856312585093795,-110.479166666667,32.3541666666667
0.830920064275579,-110.4375,32.3541666666667
0.81627433889533,-110.395833333333,32.3541666666667
0.795386881516621,-110.354166666667,32.3541666666667
0.786133148872285,-110.3125,32.3541666666667
0.726194711831835,-110.270833333333,32.3541666666667
0.656833017278621,-110.229166666667,32.3541666666667
0.548175367197792,-110.1875,32.3541666666667
0.503951251129646,-110.145833333333,32.3541666666667
0.696100697003661,-110.104166666667,32.3541666666667
0.832820342337377,-110.0625,32.3541666666667
0.594115540450902,-110.020833333333,32.3541666666667
0.543167631537322,-109.604166666667,32.3541666666667
0.581333841218695,-109.5625,32.3541666666667
0.62928805229135,-109.520833333333,32.3541666666667
0.666925899411485,-109.479166666667,32.3541666666667
0.676892135970563,-109.4375,32.3541666666667
0.640971305977199,-109.395833333333,32.3541666666667
0.580834401582114,-109.354166666667,32.3541666666667
0.506420582851594,-109.3125,32.3541666666667
0.504849924148462,-116.729166666667,32.3125
0.533615267170784,-116.6875,32.3125
0.511189047902996,-116.3125,32.3125
0.534502502358708,-116.270833333333,32.3125
0.554820875362108,-116.229166666667,32.3125
0.562118580989025,-116.1875,32.3125
0.51355649980249,-116.145833333333,32.3125
0.891615303335259,-115.1875,32.3125
0.881570182542412,-115.145833333333,32.3125
0.877642906918461,-115.104166666667,32.3125
0.880018612095028,-115.0625,32.3125
0.880497566482741,-115.020833333333,32.3125
0.883217071399723,-114.979166666667,32.3125
0.88807072985989,-114.9375,32.3125
0.897170325785189,-114.895833333333,32.3125
0.90907303235113,-114.854166666667,32.3125
0.919713560941154,-114.8125,32.3125
0.934002739973563,-114.770833333333,32.3125
0.946007528922616,-114.729166666667,32.3125
0.951939460936141,-114.6875,32.3125
0.957961836327828,-114.645833333333,32.3125
0.962463352973923,-114.604166666667,32.3125
0.96431451262869,-114.5625,32.3125
0.96911123289964,-114.520833333333,32.3125
0.978270514627338,-114.479166666667,32.3125
0.985481713559469,-114.4375,32.3125
0.987660955538289,-114.395833333333,32.3125
0.992406911521667,-114.354166666667,32.3125
0.993282047438976,-114.3125,32.3125
0.976419864253913,-114.270833333333,32.3125
0.928003157064924,-114.229166666667,32.3125
0.923784627448555,-114.1875,32.3125
0.924968961103727,-114.145833333333,32.3125
0.9668147627369,-114.104166666667,32.3125
0.919951849946356,-114.0625,32.3125
0.928515045451207,-114.020833333333,32.3125
0.984717842272672,-113.979166666667,32.3125
0.964451230745759,-113.9375,32.3125
0.994836642970254,-113.895833333333,32.3125
0.997050183396244,-113.854166666667,32.3125
0.99755041150432,-113.8125,32.3125
0.997164124924272,-113.770833333333,32.3125
0.99672159225712,-113.729166666667,32.3125
0.995929204032438,-113.6875,32.3125
0.996055718859895,-113.645833333333,32.3125
0.998428576850255,-113.604166666667,32.3125
0.998892152315716,-113.5625,32.3125
0.997877088743241,-113.520833333333,32.3125
0.997411314699138,-113.479166666667,32.3125
0.997890954214437,-113.4375,32.3125
0.999307992744676,-113.395833333333,32.3125
0.99948007965597,-113.354166666667,32.3125
0.999437367846138,-113.3125,32.3125
0.999501248014778,-113.270833333333,32.3125
0.998908870141833,-113.229166666667,32.3125
0.997895967739996,-113.1875,32.3125
0.996760383326241,-113.145833333333,32.3125
0.996623662884789,-113.104166666667,32.3125
0.999383207473773,-113.0625,32.3125
0.999204883949164,-113.020833333333,32.3125
0.999247045131746,-112.979166666667,32.3125
0.999571472429167,-112.9375,32.3125
0.99959678968108,-112.895833333333,32.3125
0.999451703273527,-112.854166666667,32.3125
0.997596932553014,-112.8125,32.3125
0.992451002207218,-112.770833333333,32.3125
0.99324906384014,-112.729166666667,32.3125
0.990095340286374,-112.6875,32.3125
0.984610906999734,-112.645833333333,32.3125
0.980338674739588,-112.604166666667,32.3125
0.943719502469543,-112.5625,32.3125
0.875916836473913,-112.520833333333,32.3125
0.795803253164894,-112.479166666667,32.3125
0.766850446193429,-112.4375,32.3125
0.756679911428324,-112.395833333333,32.3125
0.714704907989943,-112.354166666667,32.3125
0.664235457641823,-112.3125,32.3125
0.665483832060215,-112.270833333333,32.3125
0.693471686578637,-112.229166666667,32.3125
0.684124130056013,-112.1875,32.3125
0.671622111949627,-112.145833333333,32.3125
0.668926636636579,-112.104166666667,32.3125
0.671404738193544,-112.0625,32.3125
0.682502729463829,-112.020833333333,32.3125
0.709596608811945,-111.979166666667,32.3125
0.779706831803779,-111.9375,32.3125
0.890168427274626,-111.895833333333,32.3125
0.948692712049027,-111.854166666667,32.3125
0.942723446749489,-111.8125,32.3125
0.915743222721497,-111.770833333333,32.3125
0.939036981309796,-111.729166666667,32.3125
0.98140043079177,-111.6875,32.3125
0.994505658778958,-111.645833333333,32.3125
0.998181876205805,-111.604166666667,32.3125
0.99928068481046,-111.5625,32.3125
0.999423861258141,-111.520833333333,32.3125
0.999412631658259,-111.479166666667,32.3125
0.99864453599658,-111.4375,32.3125
0.998238129447945,-111.395833333333,32.3125
0.998887500528481,-111.354166666667,32.3125
0.998695065609173,-111.3125,32.3125
0.997834778645256,-111.270833333333,32.3125
0.997221161336214,-111.229166666667,32.3125
0.996349521923353,-111.1875,32.3125
0.996273776594659,-111.145833333333,32.3125
0.996667685554101,-111.104166666667,32.3125
0.995528260574333,-111.0625,32.3125
0.99359740085226,-111.020833333333,32.3125
0.993466072358949,-110.979166666667,32.3125
0.997028463323887,-110.9375,32.3125
0.998441357383572,-110.895833333333,32.3125
0.998721707773423,-110.854166666667,32.3125
0.99830277379932,-110.8125,32.3125
0.998463537466304,-110.770833333333,32.3125
0.998400058679744,-110.729166666667,32.3125
0.998571477744688,-110.6875,32.3125
0.999222751064532,-110.645833333333,32.3125
0.999032530630202,-110.604166666667,32.3125
0.991308134341719,-110.5625,32.3125
0.938151907830138,-110.520833333333,32.3125
0.86581791257765,-110.479166666667,32.3125
0.845361299826036,-110.4375,32.3125
0.800295788822423,-110.395833333333,32.3125
0.755653583077098,-110.354166666667,32.3125
0.740050634217927,-110.3125,32.3125
0.694376870517006,-110.270833333333,32.3125
0.627448152470669,-110.229166666667,32.3125
0.551842495430978,-110.1875,32.3125
0.525792077596449,-110.104166666667,32.3125
0.692270850751894,-110.0625,32.3125
0.66287304727302,-110.020833333333,32.3125
0.50830326943187,-109.5625,32.3125
0.574071667762519,-109.520833333333,32.3125
0.619664576603269,-109.479166666667,32.3125
0.626028070073164,-109.4375,32.3125
0.597404749614628,-109.395833333333,32.3125
0.554382023261527,-109.354166666667,32.3125
0.510587411318713,-116.3125,32.2708333333333
0.546901715877607,-116.270833333333,32.2708333333333
0.558071879527401,-116.229166666667,32.2708333333333
0.544167604915586,-116.1875,32.2708333333333
0.872763990993284,-115.1875,32.2708333333333
0.860732975972852,-115.145833333333,32.2708333333333
0.859373065012488,-115.104166666667,32.2708333333333
0.865611380314311,-115.0625,32.2708333333333
0.868933197305726,-115.020833333333,32.2708333333333
0.873373144613996,-114.979166666667,32.2708333333333
0.881121929208876,-114.9375,32.2708333333333
0.888142987709297,-114.895833333333,32.2708333333333
0.896451568007444,-114.854166666667,32.2708333333333
0.90467104411994,-114.8125,32.2708333333333
0.915593668328788,-114.770833333333,32.2708333333333
0.928050441785153,-114.729166666667,32.2708333333333
0.936070796599462,-114.6875,32.2708333333333
0.942989528775909,-114.645833333333,32.2708333333333
0.948391429040372,-114.604166666667,32.2708333333333
0.952517129325205,-114.5625,32.2708333333333
0.95580797098072,-114.520833333333,32.2708333333333
0.959875019428409,-114.479166666667,32.2708333333333
0.963218525145813,-114.4375,32.2708333333333
0.96543425102184,-114.395833333333,32.2708333333333
0.975391689340595,-114.354166666667,32.2708333333333
0.98038532239552,-114.3125,32.2708333333333
0.965675135590056,-114.270833333333,32.2708333333333
0.936366939239258,-114.229166666667,32.2708333333333
0.92566533304096,-114.1875,32.2708333333333
0.927594938140369,-114.145833333333,32.2708333333333
0.918132829971055,-114.104166666667,32.2708333333333
0.925492540596902,-114.0625,32.2708333333333
0.940855262619729,-114.020833333333,32.2708333333333
0.989043233187043,-113.979166666667,32.2708333333333
0.971883433553927,-113.9375,32.2708333333333
0.983621910861353,-113.895833333333,32.2708333333333
0.998102943615475,-113.854166666667,32.2708333333333
0.998717444240078,-113.8125,32.2708333333333
0.99872079761351,-113.770833333333,32.2708333333333
0.997913590485629,-113.729166666667,32.2708333333333
0.996602502420036,-113.6875,32.2708333333333
0.995797877929938,-113.645833333333,32.2708333333333
0.996951601675258,-113.604166666667,32.2708333333333
0.999123692216034,-113.5625,32.2708333333333
0.999323990273714,-113.520833333333,32.2708333333333
0.998996698846096,-113.479166666667,32.2708333333333
0.99909560688109,-113.4375,32.2708333333333
0.999490976916161,-113.395833333333,32.2708333333333
0.999639295221043,-113.354166666667,32.2708333333333
0.999465692391696,-113.3125,32.2708333333333
0.999418851015681,-113.270833333333,32.2708333333333
0.999062383647795,-113.229166666667,32.2708333333333
0.998342739311666,-113.1875,32.2708333333333
0.997724678165983,-113.145833333333,32.2708333333333
0.997161813380587,-113.104166666667,32.2708333333333
0.998788158146777,-113.0625,32.2708333333333
0.999676484887442,-113.020833333333,32.2708333333333
0.999448978689809,-112.979166666667,32.2708333333333
0.99924670458845,-112.9375,32.2708333333333
0.998605533868902,-112.895833333333,32.2708333333333
0.997534383208261,-112.854166666667,32.2708333333333
0.995606571272722,-112.8125,32.2708333333333
0.992779517097083,-112.770833333333,32.2708333333333
0.991999914274269,-112.729166666667,32.2708333333333
0.98804525777489,-112.6875,32.2708333333333
0.977579837031028,-112.645833333333,32.2708333333333
0.964012236527633,-112.604166666667,32.2708333333333
0.929710768607359,-112.5625,32.2708333333333
0.889352555666013,-112.520833333333,32.2708333333333
0.834752991416144,-112.479166666667,32.2708333333333
0.797718363082011,-112.4375,32.2708333333333
0.768790040054014,-112.395833333333,32.2708333333333
0.733034966758229,-112.354166666667,32.2708333333333
0.702051460641211,-112.3125,32.2708333333333
0.733709037257557,-112.270833333333,32.2708333333333
0.748386823700586,-112.229166666667,32.2708333333333
0.735382115648421,-112.1875,32.2708333333333
0.721120398452373,-112.145833333333,32.2708333333333
0.696240284838155,-112.104166666667,32.2708333333333
0.673505337858202,-112.0625,32.2708333333333
0.683133738210216,-112.020833333333,32.2708333333333
0.714425296606241,-111.979166666667,32.2708333333333
0.77131859849622,-111.9375,32.2708333333333
0.849936369405763,-111.895833333333,32.2708333333333
0.892125627966536,-111.854166666667,32.2708333333333
0.895769763290797,-111.8125,32.2708333333333
0.882043649243385,-111.770833333333,32.2708333333333
0.896499324237632,-111.729166666667,32.2708333333333
0.957161178805975,-111.6875,32.2708333333333
0.987121087176328,-111.645833333333,32.2708333333333
0.994574247957677,-111.604166666667,32.2708333333333
0.99673263082942,-111.5625,32.2708333333333
0.99701503149064,-111.520833333333,32.2708333333333
0.996689818736128,-111.479166666667,32.2708333333333
0.994765165344644,-111.4375,32.2708333333333
0.994117279621745,-111.395833333333,32.2708333333333
0.996492838544041,-111.354166666667,32.2708333333333
0.996837898610131,-111.3125,32.2708333333333
0.996520314541739,-111.270833333333,32.2708333333333
0.996171656165019,-111.229166666667,32.2708333333333
0.995687268308107,-111.1875,32.2708333333333
0.995997999053989,-111.145833333333,32.2708333333333
0.995873466811223,-111.104166666667,32.2708333333333
0.993714727113312,-111.0625,32.2708333333333
0.986605273878763,-111.020833333333,32.2708333333333
0.984764734842143,-110.979166666667,32.2708333333333
0.990396603442021,-110.9375,32.2708333333333
0.995939260398283,-110.895833333333,32.2708333333333
0.998652755821982,-110.854166666667,32.2708333333333
0.998855742903187,-110.8125,32.2708333333333
0.99751769437014,-110.770833333333,32.2708333333333
0.996581752095051,-110.729166666667,32.2708333333333
0.996488078848583,-110.6875,32.2708333333333
0.994183224010771,-110.645833333333,32.2708333333333
0.990731451178474,-110.604166666667,32.2708333333333
0.939768242588983,-110.5625,32.2708333333333
0.819107450108917,-110.520833333333,32.2708333333333
0.832022036557735,-110.479166666667,32.2708333333333
0.859140453861307,-110.4375,32.2708333333333
0.82920779348271,-110.395833333333,32.2708333333333
0.770936174006551,-110.354166666667,32.2708333333333
0.698156101300041,-110.3125,32.2708333333333
0.662735087130251,-110.270833333333,32.2708333333333
0.629286712876886,-110.229166666667,32.2708333333333
0.575367650557672,-110.1875,32.2708333333333
0.576203799775014,-110.0625,32.2708333333333
0.581515761686541,-110.020833333333,32.2708333333333
0.549375262146295,-109.479166666667,32.2708333333333
0.570414585943159,-109.4375,32.2708333333333
0.556977438167308,-109.395833333333,32.2708333333333
0.517920496793406,-109.354166666667,32.2708333333333
0.532505191856117,-116.270833333333,32.2291666666667
0.536930396037284,-116.229166666667,32.2291666666667
0.504063637148503,-116.1875,32.2291666666667
0.848513647239767,-115.1875,32.2291666666667
0.839691312786901,-115.145833333333,32.2291666666667
0.843819439840114,-115.104166666667,32.2291666666667
0.847254506766789,-115.0625,32.2291666666667
0.849688847503733,-115.020833333333,32.2291666666667
0.85504782768998,-114.979166666667,32.2291666666667
0.866857952284393,-114.9375,32.2291666666667
0.876258930098068,-114.895833333333,32.2291666666667
0.885109638141384,-114.854166666667,32.2291666666667
0.893538781993583,-114.8125,32.2291666666667
0.902528793567533,-114.770833333333,32.2291666666667
0.910541056993677,-114.729166666667,32.2291666666667
0.917787276749621,-114.6875,32.2291666666667
0.924936761616331,-114.645833333333,32.2291666666667
0.93114193127398,-114.604166666667,32.2291666666667
0.938154467921994,-114.5625,32.2291666666667
0.939304388429785,-114.520833333333,32.2291666666667
0.940185304394017,-114.479166666667,32.2291666666667
0.944870345168204,-114.4375,32.2291666666667
0.947756926573021,-114.395833333333,32.2291666666667
0.950688174762225,-114.354166666667,32.2291666666667
0.948543088720559,-114.3125,32.2291666666667
0.942367125467377,-114.270833333333,32.2291666666667
0.937578817487063,-114.229166666667,32.2291666666667
0.934765761688785,-114.1875,32.2291666666667
0.934472343717455,-114.145833333333,32.2291666666667
0.932323485064838,-114.104166666667,32.2291666666667
0.928764424892398,-114.0625,32.2291666666667
0.937319403580005,-114.020833333333,32.2291666666667
0.991091083665345,-113.979166666667,32.2291666666667
0.992858982559603,-113.9375,32.2291666666667
0.994351922880888,-113.895833333333,32.2291666666667
0.997230668533047,-113.854166666667,32.2291666666667
0.997992222609453,-113.8125,32.2291666666667
0.997691684330153,-113.770833333333,32.2291666666667
0.995554613202076,-113.729166666667,32.2291666666667
0.995364911229105,-113.6875,32.2291666666667
0.995234543120675,-113.645833333333,32.2291666666667
0.996386084733717,-113.604166666667,32.2291666666667
0.998172920302377,-113.5625,32.2291666666667
0.999471287440747,-113.520833333333,32.2291666666667
0.999734876156186,-113.479166666667,32.2291666666667
0.999645773322628,-113.4375,32.2291666666667
0.999621333860503,-113.395833333333,32.2291666666667
0.999609558082931,-113.354166666667,32.2291666666667
0.99955136724481,-113.3125,32.2291666666667
0.999428347886397,-113.270833333333,32.2291666666667
0.999094041992896,-113.229166666667,32.2291666666667
0.998554679734168,-113.1875,32.2291666666667
0.997886143552977,-113.145833333333,32.2291666666667
0.997005244525341,-113.104166666667,32.2291666666667
0.997575499621574,-113.0625,32.2291666666667
0.999574265859338,-113.020833333333,32.2291666666667
0.999590185692244,-112.979166666667,32.2291666666667
0.998975653713864,-112.9375,32.2291666666667
0.996855733612738,-112.895833333333,32.2291666666667
0.994595202948002,-112.854166666667,32.2291666666667
0.993918884409946,-112.8125,32.2291666666667
0.99294084123201,-112.770833333333,32.2291666666667
0.990876584406264,-112.729166666667,32.2291666666667
0.985134935064554,-112.6875,32.2291666666667
0.97319083438572,-112.645833333333,32.2291666666667
0.953982070581085,-112.604166666667,32.2291666666667
0.924628248062874,-112.5625,32.2291666666667
0.894582646861878,-112.520833333333,32.2291666666667
0.875968815548145,-112.479166666667,32.2291666666667
0.858257673617985,-112.4375,32.2291666666667
0.822563605163477,-112.395833333333,32.2291666666667
0.783074753986284,-112.354166666667,32.2291666666667
0.74511314554324,-112.3125,32.2291666666667
0.792439103488437,-112.270833333333,32.2291666666667
0.825219183924578,-112.229166666667,32.2291666666667
0.799062282822754,-112.1875,32.2291666666667
0.794052181309746,-112.145833333333,32.2291666666667
0.751733357040596,-112.104166666667,32.2291666666667
0.711680628053145,-112.0625,32.2291666666667
0.710657936909408,-112.020833333333,32.2291666666667
0.751984659680666,-111.979166666667,32.2291666666667
0.80784220266223,-111.9375,32.2291666666667
0.865065311883362,-111.895833333333,32.2291666666667
0.888017052695993,-111.854166666667,32.2291666666667
0.902131142627518,-111.8125,32.2291666666667
0.908808108013163,-111.770833333333,32.2291666666667
0.91083153794651,-111.729166666667,32.2291666666667
0.945547482547744,-111.6875,32.2291666666667
0.971837791237266,-111.645833333333,32.2291666666667
0.982194427939308,-111.604166666667,32.2291666666667
0.986947790723882,-111.5625,32.2291666666667
0.987650789704462,-111.520833333333,32.2291666666667
0.985061617398446,-111.479166666667,32.2291666666667
0.982830195305359,-111.4375,32.2291666666667
0.985777418589417,-111.395833333333,32.2291666666667
0.990671639835906,-111.354166666667,32.2291666666667
0.992705545056872,-111.3125,32.2291666666667
0.994581186276687,-111.270833333333,32.2291666666667
0.994678402284444,-111.229166666667,32.2291666666667
0.993107546962559,-111.1875,32.2291666666667
0.991336737465419,-111.145833333333,32.2291666666667
0.99291647258402,-111.104166666667,32.2291666666667
0.990791255924892,-111.0625,32.2291666666667
0.979663170422183,-111.020833333333,32.2291666666667
0.972696316858411,-110.979166666667,32.2291666666667
0.979908562077374,-110.9375,32.2291666666667
0.989917897835264,-110.895833333333,32.2291666666667
0.996263273556351,-110.854166666667,32.2291666666667
0.997731131573079,-110.8125,32.2291666666667
0.99573150191655,-110.770833333333,32.2291666666667
0.992251991703923,-110.729166666667,32.2291666666667
0.984802702836482,-110.6875,32.2291666666667
0.953800821786878,-110.645833333333,32.2291666666667
0.901711749757914,-110.604166666667,32.2291666666667
0.635853413211428,-110.5625,32.2291666666667
0.680295280360864,-110.479166666667,32.2291666666667
0.785396693544171,-110.4375,32.2291666666667
0.823118949065968,-110.395833333333,32.2291666666667
0.801937085066141,-110.354166666667,32.2291666666667
0.676422801223905,-110.3125,32.2291666666667
0.625891208887181,-110.270833333333,32.2291666666667
0.613189659641129,-110.229166666667,32.2291666666667
0.542520281494788,-110.1875,32.2291666666667
0.507204605199978,-109.4375,32.2291666666667
0.506416397320809,-116.270833333333,32.1875
0.510554504174303,-116.229166666667,32.1875
0.828110793720853,-115.1875,32.1875
0.825257428551451,-115.145833333333,32.1875
0.833994747141759,-115.104166666667,32.1875
0.830608724486904,-115.0625,32.1875
0.829764886749363,-115.020833333333,32.1875
0.838206400206053,-114.979166666667,32.1875
0.848481494681663,-114.9375,32.1875
0.857683529257713,-114.895833333333,32.1875
0.865085222949273,-114.854166666667,32.1875
0.876313915080355,-114.8125,32.1875
0.887853868704588,-114.770833333333,32.1875
0.897158974478452,-114.729166666667,32.1875
0.903787249256697,-114.6875,32.1875
0.909576949744308,-114.645833333333,32.1875
0.916873108102273,-114.604166666667,32.1875
0.922159097081766,-114.5625,32.1875
0.923201594487537,-114.520833333333,32.1875
0.923908087851826,-114.479166666667,32.1875
0.931568013056685,-114.4375,32.1875
0.936557742023522,-114.395833333333,32.1875
0.936670651121026,-114.354166666667,32.1875
0.93494543745899,-114.3125,32.1875
0.934123579269135,-114.270833333333,32.1875
0.933047245020437,-114.229166666667,32.1875
0.933678274504263,-114.1875,32.1875
0.936101289867765,-114.145833333333,32.1875
0.940714433420425,-114.104166666667,32.1875
0.940836821339551,-114.0625,32.1875
0.941026337563249,-114.020833333333,32.1875
0.98880500360661,-113.979166666667,32.1875
0.992774778082193,-113.9375,32.1875
0.991101313419847,-113.895833333333,32.1875
0.993618898030317,-113.854166666667,32.1875
0.995603969684222,-113.8125,32.1875
0.9965971289591,-113.770833333333,32.1875
0.996332643830356,-113.729166666667,32.1875
0.993433963712372,-113.6875,32.1875
0.99215378143433,-113.645833333333,32.1875
0.995901370881195,-113.604166666667,32.1875
0.998401430732107,-113.5625,32.1875
0.99949346843854,-113.520833333333,32.1875
0.999863527703614,-113.479166666667,32.1875
0.999886575819064,-113.4375,32.1875
0.999717480218108,-113.395833333333,32.1875
0.999577066536317,-113.354166666667,32.1875
0.999554857370446,-113.3125,32.1875
0.99950325298628,-113.270833333333,32.1875
0.999172647353482,-113.229166666667,32.1875
0.998755136477812,-113.1875,32.1875
0.997945311928574,-113.145833333333,32.1875
0.996691475237514,-113.104166666667,32.1875
0.996161145488765,-113.0625,32.1875
0.997259783133507,-113.020833333333,32.1875
0.99846084246308,-112.979166666667,32.1875
0.998179841934708,-112.9375,32.1875
0.995602069398669,-112.895833333333,32.1875
0.993450018627092,-112.854166666667,32.1875
0.992791544379099,-112.8125,32.1875
0.992566580961235,-112.770833333333,32.1875
0.989694844967978,-112.729166666667,32.1875
0.98378517571288,-112.6875,32.1875
0.970720667641745,-112.645833333333,32.1875
0.950653174077252,-112.604166666667,32.1875
0.928020612088324,-112.5625,32.1875
0.910814763826237,-112.520833333333,32.1875
0.894267214390944,-112.479166666667,32.1875
0.883115693967764,-112.4375,32.1875
0.859060362530002,-112.395833333333,32.1875
0.827825545927795,-112.354166666667,32.1875
0.797614143632051,-112.3125,32.1875
0.804903934431511,-112.270833333333,32.1875
0.837704724317351,-112.229166666667,32.1875
0.847094174642235,-112.1875,32.1875
0.848356373939168,-112.145833333333,32.1875
0.79612040444817,-112.104166666667,32.1875
0.759483280150882,-112.0625,32.1875
0.761981033585388,-112.020833333333,32.1875
0.805949604480886,-111.979166666667,32.1875
0.848917797960266,-111.9375,32.1875
0.87529769672216,-111.895833333333,32.1875
0.884783438756537,-111.854166666667,32.1875
0.914169160382959,-111.8125,32.1875
0.937608316548627,-111.770833333333,32.1875
0.934357085885282,-111.729166666667,32.1875
0.94203363295382,-111.6875,32.1875
0.943980342644669,-111.645833333333,32.1875
0.941768573971325,-111.604166666667,32.1875
0.953273635317925,-111.5625,32.1875
0.957374313657731,-111.520833333333,32.1875
0.952988009071841,-111.479166666667,32.1875
0.95615575521277,-111.4375,32.1875
0.969974352062744,-111.395833333333,32.1875
0.979097596811591,-111.354166666667,32.1875
0.982949069117395,-111.3125,32.1875
0.987412514588515,-111.270833333333,32.1875
0.990159230919418,-111.229166666667,32.1875
0.988818055044759,-111.1875,32.1875
0.987247945429819,-111.145833333333,32.1875
0.984811976955658,-111.104166666667,32.1875
0.979719506638987,-111.0625,32.1875
0.969750007833614,-111.020833333333,32.1875
0.961764051422832,-110.979166666667,32.1875
0.96301790289464,-110.9375,32.1875
0.970572969251684,-110.895833333333,32.1875
0.981188953668764,-110.854166666667,32.1875
0.989415152452822,-110.8125,32.1875
0.99104489832092,-110.770833333333,32.1875
0.991995335408631,-110.729166666667,32.1875
0.984573450891764,-110.6875,32.1875
0.924330740179989,-110.645833333333,32.1875
0.848545202069761,-110.604166666667,32.1875
0.558075670117111,-110.5625,32.1875
0.551892416503865,-110.479166666667,32.1875
0.612396539224001,-110.4375,32.1875
0.676913559076599,-110.395833333333,32.1875
0.702023581896508,-110.354166666667,32.1875
0.595193842271542,-110.3125,32.1875
0.548752118210316,-110.270833333333,32.1875
0.554300185052856,-110.229166666667,32.1875
0.814194655112722,-115.1875,32.1458333333333
0.812795670696528,-115.145833333333,32.1458333333333
0.816681884713219,-115.104166666667,32.1458333333333
0.813656401738564,-115.0625,32.1458333333333
0.817556535837882,-115.020833333333,32.1458333333333
0.826811123278663,-114.979166666667,32.1458333333333
0.834709402699078,-114.9375,32.1458333333333
0.840877314723877,-114.895833333333,32.1458333333333
0.84700090757388,-114.854166666667,32.1458333333333
0.857585361663093,-114.8125,32.1458333333333
0.866727695391992,-114.770833333333,32.1458333333333
0.875711880727296,-114.729166666667,32.1458333333333
0.886076239845679,-114.6875,32.1458333333333
0.891327814904049,-114.645833333333,32.1458333333333
0.898682568449659,-114.604166666667,32.1458333333333
0.905908841041873,-114.5625,32.1458333333333
0.909221973621087,-114.520833333333,32.1458333333333
0.910158854355664,-114.479166666667,32.1458333333333
0.914428479657692,-114.4375,32.1458333333333
0.919946777745494,-114.395833333333,32.1458333333333
0.923945005455932,-114.354166666667,32.1458333333333
0.926756552889901,-114.3125,32.1458333333333
0.926967749706975,-114.270833333333,32.1458333333333
0.929100378293913,-114.229166666667,32.1458333333333
0.927308437979,-114.1875,32.1458333333333
0.928442234321692,-114.145833333333,32.1458333333333
0.932304209424028,-114.104166666667,32.1458333333333
0.939380091959367,-114.0625,32.1458333333333
0.981927169623638,-114.020833333333,32.1458333333333
0.984796638492616,-113.979166666667,32.1458333333333
0.991047090341697,-113.9375,32.1458333333333
0.991849624383548,-113.895833333333,32.1458333333333
0.989336942270167,-113.854166666667,32.1458333333333
0.991908780049969,-113.8125,32.1458333333333
0.996212023170446,-113.770833333333,32.1458333333333
0.998467729561954,-113.729166666667,32.1458333333333
0.995382929559794,-113.6875,32.1458333333333
0.990552912804026,-113.645833333333,32.1458333333333
0.995518806459443,-113.604166666667,32.1458333333333
0.999006844361005,-113.5625,32.1458333333333
0.999721414616976,-113.520833333333,32.1458333333333
0.999815577646706,-113.479166666667,32.1458333333333
0.999826816563856,-113.4375,32.1458333333333
0.999750291612975,-113.395833333333,32.1458333333333
0.999553943703943,-113.354166666667,32.1458333333333
0.999519594172747,-113.3125,32.1458333333333
0.999445889670444,-113.270833333333,32.1458333333333
0.999152113596559,-113.229166666667,32.1458333333333
0.998763267627736,-113.1875,32.1458333333333
0.998102406119669,-113.145833333333,32.1458333333333
0.996886831873785,-113.104166666667,32.1458333333333
0.995845830607864,-113.0625,32.1458333333333
0.995125571637338,-113.020833333333,32.1458333333333
0.996433278214518,-112.979166666667,32.1458333333333
0.997706374942611,-112.9375,32.1458333333333
0.994936420766742,-112.895833333333,32.1458333333333
0.992351893242098,-112.854166666667,32.1458333333333
0.990636701941801,-112.8125,32.1458333333333
0.989042249971049,-112.770833333333,32.1458333333333
0.985409057967488,-112.729166666667,32.1458333333333
0.979829699942208,-112.6875,32.1458333333333
0.964392861213654,-112.645833333333,32.1458333333333
0.943344321947794,-112.604166666667,32.1458333333333
0.922352417868054,-112.5625,32.1458333333333
0.907026080706304,-112.520833333333,32.1458333333333
0.898118251503721,-112.479166666667,32.1458333333333
0.894448029981619,-112.4375,32.1458333333333
0.885817353849244,-112.395833333333,32.1458333333333
0.867292324548619,-112.354166666667,32.1458333333333
0.840797053484744,-112.3125,32.1458333333333
0.829600781947138,-112.270833333333,32.1458333333333
0.835442578331756,-112.229166666667,32.1458333333333
0.866753465342971,-112.1875,32.1458333333333
0.86130173111195,-112.145833333333,32.1458333333333
0.801505100610101,-112.104166666667,32.1458333333333
0.776963347828571,-112.0625,32.1458333333333
0.794218524280298,-112.020833333333,32.1458333333333
0.828448861771932,-111.979166666667,32.1458333333333
0.84730490559049,-111.9375,32.1458333333333
0.865434890390959,-111.895833333333,32.1458333333333
0.896395463649899,-111.854166666667,32.1458333333333
0.91743940170085,-111.8125,32.1458333333333
0.922827244699843,-111.770833333333,32.1458333333333
0.909638810776264,-111.729166666667,32.1458333333333
0.892437089921694,-111.6875,32.1458333333333
0.882870329637893,-111.645833333333,32.1458333333333
0.871194820987453,-111.604166666667,32.1458333333333
0.878715658723281,-111.5625,32.1458333333333
0.87945693962797,-111.520833333333,32.1458333333333
0.879002772125525,-111.479166666667,32.1458333333333
0.889410782109465,-111.4375,32.1458333333333
0.916490790154662,-111.395833333333,32.1458333333333
0.941808233718662,-111.354166666667,32.1458333333333
0.958340600756096,-111.3125,32.1458333333333
0.970629235066335,-111.270833333333,32.1458333333333
0.976255111392211,-111.229166666667,32.1458333333333
0.97761208975245,-111.1875,32.1458333333333
0.973863110031943,-111.145833333333,32.1458333333333
0.966055067392578,-111.104166666667,32.1458333333333
0.954128737493531,-111.0625,32.1458333333333
0.951717018882739,-111.020833333333,32.1458333333333
0.950967869142729,-110.979166666667,32.1458333333333
0.947469137126635,-110.9375,32.1458333333333
0.951317114271857,-110.895833333333,32.1458333333333
0.96267833753261,-110.854166666667,32.1458333333333
0.976757324971835,-110.8125,32.1458333333333
0.984440821954879,-110.770833333333,32.1458333333333
0.988287869508636,-110.729166666667,32.1458333333333
0.976523168959006,-110.6875,32.1458333333333
0.946052042158641,-110.645833333333,32.1458333333333
0.939846455851408,-110.604166666667,32.1458333333333
0.71612573710489,-110.5625,32.1458333333333
0.801147208973185,-115.1875,32.1041666666667
0.796803424856967,-115.145833333333,32.1041666666667
0.796078225490234,-115.104166666667,32.1041666666667
0.797731344054182,-115.0625,32.1041666666667
0.806383764424607,-115.020833333333,32.1041666666667
0.815409527651908,-114.979166666667,32.1041666666667
0.818195574281638,-114.9375,32.1041666666667
0.821809844933031,-114.895833333333,32.1041666666667
0.82762883346352,-114.854166666667,32.1041666666667
0.835793884646088,-114.8125,32.1041666666667
0.841568531658733,-114.770833333333,32.1041666666667
0.849928767081268,-114.729166666667,32.1041666666667
0.86311147989991,-114.6875,32.1041666666667
0.870158803833934,-114.645833333333,32.1041666666667
0.880209914464446,-114.604166666667,32.1041666666667
0.890605132792921,-114.5625,32.1041666666667
0.895881968943325,-114.520833333333,32.1041666666667
0.895945208050768,-114.479166666667,32.1041666666667
0.896938451030037,-114.4375,32.1041666666667
0.901585348840614,-114.395833333333,32.1041666666667
0.908375826706883,-114.354166666667,32.1041666666667
0.913638221736259,-114.3125,32.1041666666667
0.914247839139384,-114.270833333333,32.1041666666667
0.919281411894623,-114.229166666667,32.1041666666667
0.922904349830883,-114.1875,32.1041666666667
0.919065440995924,-114.145833333333,32.1041666666667
0.921716525423233,-114.104166666667,32.1041666666667
0.925892776002735,-114.0625,32.1041666666667
0.934102206385015,-114.020833333333,32.1041666666667
0.979704957784412,-113.979166666667,32.1041666666667
0.983694184222106,-113.9375,32.1041666666667
0.988967260792272,-113.895833333333,32.1041666666667
0.988302282069439,-113.854166666667,32.1041666666667
0.98851431293567,-113.8125,32.1041666666667
0.993418380351558,-113.770833333333,32.1041666666667
0.996271449337547,-113.729166666667,32.1041666666667
0.996091373742977,-113.6875,32.1041666666667
0.99331938925367,-113.645833333333,32.1041666666667
0.995362218988739,-113.604166666667,32.1041666666667
0.999061947853333,-113.5625,32.1041666666667
0.999660062743302,-113.520833333333,32.1041666666667
0.999755683926593,-113.479166666667,32.1041666666667
0.999643084696727,-113.4375,32.1041666666667
0.999597791333144,-113.395833333333,32.1041666666667
0.999558773004244,-113.354166666667,32.1041666666667
0.999531284909351,-113.3125,32.1041666666667
0.99945347480059,-113.270833333333,32.1041666666667
0.999112280747955,-113.229166666667,32.1041666666667
0.998667927780931,-113.1875,32.1041666666667
0.998130745691942,-113.145833333333,32.1041666666667
0.996882383555175,-113.104166666667,32.1041666666667
0.995431856652282,-113.0625,32.1041666666667
0.994799732154046,-113.020833333333,32.1041666666667
0.997221827791479,-112.979166666667,32.1041666666667
0.997660102118787,-112.9375,32.1041666666667
0.994106172171409,-112.895833333333,32.1041666666667
0.990267954044051,-112.854166666667,32.1041666666667
0.987990070089145,-112.8125,32.1041666666667
0.982797396928996,-112.770833333333,32.1041666666667
0.978757652361678,-112.729166666667,32.1041666666667
0.972593306437423,-112.6875,32.1041666666667
0.946636496070057,-112.645833333333,32.1041666666667
0.931605673383745,-112.604166666667,32.1041666666667
0.914940348991077,-112.5625,32.1041666666667
0.89955034009337,-112.520833333333,32.1041666666667
0.901592970473322,-112.479166666667,32.1041666666667
0.911677724038208,-112.4375,32.1041666666667
0.912015202715766,-112.395833333333,32.1041666666667
0.896823354639548,-112.354166666667,32.1041666666667
0.872495144500586,-112.3125,32.1041666666667
0.85946265741714,-112.270833333333,32.1041666666667
0.850618154319496,-112.229166666667,32.1041666666667
0.851662643463075,-112.1875,32.1041666666667
0.846943639345537,-112.145833333333,32.1041666666667
0.781637221857687,-112.104166666667,32.1041666666667
0.773042231420183,-112.0625,32.1041666666667
0.807473473969853,-112.020833333333,32.1041666666667
0.830641639372359,-111.979166666667,32.1041666666667
0.833923174605828,-111.9375,32.1041666666667
0.847836312304203,-111.895833333333,32.1041666666667
0.882702806914509,-111.854166666667,32.1041666666667
0.890127926160983,-111.8125,32.1041666666667
0.864773386779061,-111.770833333333,32.1041666666667
0.827088380840416,-111.729166666667,32.1041666666667
0.789548490341535,-111.6875,32.1041666666667
0.786885960180206,-111.645833333333,32.1041666666667
0.782469972689616,-111.604166666667,32.1041666666667
0.782411098773419,-111.5625,32.1041666666667
0.778451984040622,-111.520833333333,32.1041666666667
0.776256873728955,-111.479166666667,32.1041666666667
0.794573117054289,-111.4375,32.1041666666667
0.833575402841755,-111.395833333333,32.1041666666667
0.872539817539243,-111.354166666667,32.1041666666667
0.914490644271081,-111.3125,32.1041666666667
0.938015851011341,-111.270833333333,32.1041666666667
0.941704136306089,-111.229166666667,32.1041666666667
0.94142462788875,-111.1875,32.1041666666667
0.936209395663908,-111.145833333333,32.1041666666667
0.924477995689538,-111.104166666667,32.1041666666667
0.910019652590344,-111.0625,32.1041666666667
0.924140616823306,-111.020833333333,32.1041666666667
0.937768291404063,-110.979166666667,32.1041666666667
0.938712007934142,-110.9375,32.1041666666667
0.947147548947109,-110.895833333333,32.1041666666667
0.958777625686056,-110.854166666667,32.1041666666667
0.967836620247214,-110.8125,32.1041666666667
0.975237785427088,-110.770833333333,32.1041666666667
0.974950821950487,-110.729166666667,32.1041666666667
0.964676072670935,-110.6875,32.1041666666667
0.954469185851232,-110.645833333333,32.1041666666667
0.944679364882076,-110.604166666667,32.1041666666667
0.755201391274404,-110.5625,32.1041666666667
0.791730424110972,-115.229166666667,32.0625
0.787158981290908,-115.1875,32.0625
0.782786277577837,-115.145833333333,32.0625
0.781419012908225,-115.104166666667,32.0625
0.784820846699693,-115.0625,32.0625
0.789855293121085,-115.020833333333,32.0625
0.793461822540258,-114.979166666667,32.0625
0.795474357515649,-114.9375,32.0625
0.801243598114641,-114.895833333333,32.0625
0.80909419172248,-114.854166666667,32.0625
0.817276589797649,-114.8125,32.0625
0.825604407946582,-114.770833333333,32.0625
0.832446395657142,-114.729166666667,32.0625
0.842373753202618,-114.6875,32.0625
0.848844200664688,-114.645833333333,32.0625
0.85708054129281,-114.604166666667,32.0625
0.87294711110626,-114.5625,32.0625
0.881283978260302,-114.520833333333,32.0625
0.882429637082739,-114.479166666667,32.0625
0.882827174165373,-114.4375,32.0625
0.886845701897754,-114.395833333333,32.0625
0.891875557378502,-114.354166666667,32.0625
0.896772242425461,-114.3125,32.0625
0.896910689341436,-114.270833333333,32.0625
0.904355293033529,-114.229166666667,32.0625
0.910859900292776,-114.1875,32.0625
0.911491346525158,-114.145833333333,32.0625
0.914069224487687,-114.104166666667,32.0625
0.916062286125242,-114.0625,32.0625
0.921614179668301,-114.020833333333,32.0625
0.976723028448784,-113.979166666667,32.0625
0.979920525850021,-113.9375,32.0625
0.982036891766598,-113.895833333333,32.0625
0.98520591094886,-113.854166666667,32.0625
0.986821911594044,-113.8125,32.0625
0.988993460506302,-113.770833333333,32.0625
0.992073330213684,-113.729166666667,32.0625
0.99272441608099,-113.6875,32.0625
0.993525718631305,-113.645833333333,32.0625
0.99536014267067,-113.604166666667,32.0625
0.997956577808636,-113.5625,32.0625
0.998937852029398,-113.520833333333,32.0625
0.999453467987732,-113.479166666667,32.0625
0.999518672271028,-113.4375,32.0625
0.999456938011906,-113.395833333333,32.0625
0.999444400581914,-113.354166666667,32.0625
0.999471562592323,-113.3125,32.0625
0.999378161149336,-113.270833333333,32.0625
0.999086910770181,-113.229166666667,32.0625
0.999053010573795,-113.1875,32.0625
0.998726358426488,-113.145833333333,32.0625
0.996737810222466,-113.104166666667,32.0625
0.994173821586206,-113.0625,32.0625
0.99345825132357,-113.020833333333,32.0625
0.994880055381533,-112.979166666667,32.0625
0.993791892255074,-112.9375,32.0625
0.990272064212672,-112.895833333333,32.0625
0.98532957900583,-112.854166666667,32.0625
0.98229095660524,-112.8125,32.0625
0.972678508090854,-112.770833333333,32.0625
0.961447416329577,-112.729166666667,32.0625
0.946357972497816,-112.6875,32.0625
0.917946754260319,-112.645833333333,32.0625
0.922846131046646,-112.604166666667,32.0625
0.916210287148957,-112.5625,32.0625
0.906496579292816,-112.520833333333,32.0625
0.912641159376684,-112.479166666667,32.0625
0.929560179208565,-112.4375,32.0625
0.934208935289216,-112.395833333333,32.0625
0.923777896671272,-112.354166666667,32.0625
0.90681024483368,-112.3125,32.0625
0.888653089893432,-112.270833333333,32.0625
0.867048039464854,-112.229166666667,32.0625
0.847336901750633,-112.1875,32.0625
0.81773421147601,-112.145833333333,32.0625
0.76470316090939,-112.104166666667,32.0625
0.777754613296222,-112.0625,32.0625
0.817558316589294,-112.020833333333,32.0625
0.835551125393759,-111.979166666667,32.0625
0.834882095420257,-111.9375,32.0625
0.855144175496947,-111.895833333333,32.0625
0.87468226597575,-111.854166666667,32.0625
0.86238676400017,-111.8125,32.0625
0.808981228311061,-111.770833333333,32.0625
0.738332451727795,-111.729166666667,32.0625
0.699947413591177,-111.6875,32.0625
0.702212848661164,-111.645833333333,32.0625
0.698132640915675,-111.604166666667,32.0625
0.695006518128597,-111.5625,32.0625
0.68334682917791,-111.520833333333,32.0625
0.674634340665785,-111.479166666667,32.0625
0.68228628798259,-111.4375,32.0625
0.728245719550505,-111.395833333333,32.0625
0.791252865842785,-111.354166666667,32.0625
0.839321122799939,-111.3125,32.0625
0.866088018059746,-111.270833333333,32.0625
0.869996414133012,-111.229166666667,32.0625
0.856160957854228,-111.1875,32.0625
0.83738810545436,-111.145833333333,32.0625
0.812904778305465,-111.104166666667,32.0625
0.807692361381193,-111.0625,32.0625
0.85684069195814,-111.020833333333,32.0625
0.914386805404511,-110.979166666667,32.0625
0.936051156039425,-110.9375,32.0625
0.944568336946999,-110.895833333333,32.0625
0.951833384888566,-110.854166666667,32.0625
0.958941081190766,-110.8125,32.0625
0.962357037940635,-110.770833333333,32.0625
0.959927433947858,-110.729166666667,32.0625
0.95439242619431,-110.6875,32.0625
0.947778928690398,-110.645833333333,32.0625
0.935156262211889,-110.604166666667,32.0625
0.81361229028717,-110.5625,32.0625
0.769855417931365,-115.229166666667,32.0208333333333
0.76761378923496,-115.1875,32.0208333333333
0.765293736176935,-115.145833333333,32.0208333333333
0.761470936638274,-115.104166666667,32.0208333333333
0.765009184480029,-115.0625,32.0208333333333
0.770691037883062,-115.020833333333,32.0208333333333
0.772913025934325,-114.979166666667,32.0208333333333
0.774290131407875,-114.9375,32.0208333333333
0.785105282972213,-114.895833333333,32.0208333333333
0.793656801345528,-114.854166666667,32.0208333333333
0.80000591686286,-114.8125,32.0208333333333
0.808300465839484,-114.770833333333,32.0208333333333
0.814299346670937,-114.729166666667,32.0208333333333
0.82437310253537,-114.6875,32.0208333333333
0.830073028269111,-114.645833333333,32.0208333333333
0.833483296378402,-114.604166666667,32.0208333333333
0.843235078327368,-114.5625,32.0208333333333
0.853911167069017,-114.520833333333,32.0208333333333
0.863214092221502,-114.479166666667,32.0208333333333
0.868848385596592,-114.4375,32.0208333333333
0.871492406545932,-114.395833333333,32.0208333333333
0.876040664787277,-114.354166666667,32.0208333333333
0.878655589507611,-114.3125,32.0208333333333
0.879975221583079,-114.270833333333,32.0208333333333
0.885521367669646,-114.229166666667,32.0208333333333
0.891300279669044,-114.1875,32.0208333333333
0.900758759617689,-114.145833333333,32.0208333333333
0.905990567016658,-114.104166666667,32.0208333333333
0.910310355351225,-114.0625,32.0208333333333
0.914563069625583,-114.020833333333,32.0208333333333
0.972910743718168,-113.979166666667,32.0208333333333
0.977111585975641,-113.9375,32.0208333333333
0.977385398073498,-113.895833333333,32.0208333333333
0.980004304578837,-113.854166666667,32.0208333333333
0.982772652677096,-113.8125,32.0208333333333
0.98585832871144,-113.770833333333,32.0208333333333
0.99055765074201,-113.729166666667,32.0208333333333
0.993498947260898,-113.6875,32.0208333333333
0.994172733697198,-113.645833333333,32.0208333333333
0.995496588815258,-113.604166666667,32.0208333333333
0.996499711126137,-113.5625,32.0208333333333
0.997644787962965,-113.520833333333,32.0208333333333
0.998730941420192,-113.479166666667,32.0208333333333
0.999194475143238,-113.4375,32.0208333333333
0.999173719202118,-113.395833333333,32.0208333333333
0.999223265056463,-113.354166666667,32.0208333333333
0.999286563865695,-113.3125,32.0208333333333
0.999133337621324,-113.270833333333,32.0208333333333
0.99887401280802,-113.229166666667,32.0208333333333
0.999024519749295,-113.1875,32.0208333333333
0.999182495195661,-113.145833333333,32.0208333333333
0.997020124476473,-113.104166666667,32.0208333333333
0.993361342063628,-113.0625,32.0208333333333
0.993499599613325,-113.020833333333,32.0208333333333
0.992895963075658,-112.979166666667,32.0208333333333
0.990139597444791,-112.9375,32.0208333333333
0.986766494827032,-112.895833333333,32.0208333333333
0.976282153617757,-112.854166666667,32.0208333333333
0.972590202104149,-112.8125,32.0208333333333
0.963599016524908,-112.770833333333,32.0208333333333
0.941836968781167,-112.729166666667,32.0208333333333
0.92830511980604,-112.6875,32.0208333333333
0.905985671257084,-112.645833333333,32.0208333333333
0.915464237455837,-112.604166666667,32.0208333333333
0.923311727764764,-112.5625,32.0208333333333
0.917727136065537,-112.520833333333,32.0208333333333
0.919136377744118,-112.479166666667,32.0208333333333
0.932792546892269,-112.4375,32.0208333333333
0.94011354141023,-112.395833333333,32.0208333333333
0.939784374807632,-112.354166666667,32.0208333333333
0.931254453642836,-112.3125,32.0208333333333
0.915017837461107,-112.270833333333,32.0208333333333
0.8898794413566,-112.229166666667,32.0208333333333
0.867829284783656,-112.1875,32.0208333333333
0.835920362378819,-112.145833333333,32.0208333333333
0.789515298750184,-112.104166666667,32.0208333333333
0.802393414214753,-112.0625,32.0208333333333
0.826898621992628,-112.020833333333,32.0208333333333
0.833637222471727,-111.979166666667,32.0208333333333
0.823654742210885,-111.9375,32.0208333333333
0.853043566260926,-111.895833333333,32.0208333333333
0.879755122162881,-111.854166666667,32.0208333333333
0.834153288910278,-111.8125,32.0208333333333
0.756020121194386,-111.770833333333,32.0208333333333
0.700960739018529,-111.729166666667,32.0208333333333
0.689081468485168,-111.6875,32.0208333333333
0.684899961677288,-111.645833333333,32.0208333333333
0.679984469087416,-111.604166666667,32.0208333333333
0.71774480892061,-111.5625,32.0208333333333
0.722072681847306,-111.520833333333,32.0208333333333
0.615217799951153,-111.479166666667,32.0208333333333
0.579728443941249,-111.4375,32.0208333333333
0.636955965860533,-111.395833333333,32.0208333333333
0.695569951966228,-111.354166666667,32.0208333333333
0.734201883672892,-111.3125,32.0208333333333
0.77359001949145,-111.270833333333,32.0208333333333
0.768628733615841,-111.229166666667,32.0208333333333
0.731385020884803,-111.1875,32.0208333333333
0.69040574047216,-111.145833333333,32.0208333333333
0.639358555242249,-111.104166666667,32.0208333333333
0.632829845883746,-111.0625,32.0208333333333
0.717148973501923,-111.020833333333,32.0208333333333
0.873926328411395,-110.979166666667,32.0208333333333
0.926553792674099,-110.9375,32.0208333333333
0.932277577650144,-110.895833333333,32.0208333333333
0.934861279469128,-110.854166666667,32.0208333333333
0.946531003496699,-110.8125,32.0208333333333
0.953556337748143,-110.770833333333,32.0208333333333
0.95403159115605,-110.729166666667,32.0208333333333
0.9421848234901,-110.6875,32.0208333333333
0.925663701006189,-110.645833333333,32.0208333333333
0.9015166872136,-110.604166666667,32.0208333333333
0.842031305701377,-110.5625,32.0208333333333
0.688951774748147,-110.520833333333,32.0208333333333
0.506391154448711,-109.979166666667,32.0208333333333
0.748591451903284,-115.229166666667,31.9791666666667
0.74636598410721,-115.1875,31.9791666666667
0.74130200086337,-115.145833333333,31.9791666666667
0.736655334128611,-115.104166666667,31.9791666666667
0.741578643069999,-115.0625,31.9791666666667
0.746533422458772,-115.020833333333,31.9791666666667
0.748808565147743,-114.979166666667,31.9791666666667
0.751491996407884,-114.9375,31.9791666666667
0.758947867318531,-114.895833333333,31.9791666666667
0.762975580223193,-114.854166666667,31.9791666666667
0.767817314520772,-114.8125,31.9791666666667
0.775556243587151,-114.770833333333,31.9791666666667
0.784081061074976,-114.729166666667,31.9791666666667
0.794160083171832,-114.6875,31.9791666666667
0.800643992775917,-114.645833333333,31.9791666666667
0.805004407343043,-114.604166666667,31.9791666666667
0.809583590856913,-114.5625,31.9791666666667
0.815577500277923,-114.520833333333,31.9791666666667
0.830853948900075,-114.479166666667,31.9791666666667
0.845308067155492,-114.4375,31.9791666666667
0.851676650363687,-114.395833333333,31.9791666666667
0.858621980454301,-114.354166666667,31.9791666666667
0.860020812639307,-114.3125,31.9791666666667
0.8617707845734,-114.270833333333,31.9791666666667
0.868067648629576,-114.229166666667,31.9791666666667
0.874796673908283,-114.1875,31.9791666666667
0.884127056484441,-114.145833333333,31.9791666666667
0.888323134133509,-114.104166666667,31.9791666666667
0.898707681175367,-114.0625,31.9791666666667
0.908060449097104,-114.020833333333,31.9791666666667
0.966587511731756,-113.979166666667,31.9791666666667
0.972441704764405,-113.9375,31.9791666666667
0.973470526034116,-113.895833333333,31.9791666666667
0.975106643957407,-113.854166666667,31.9791666666667
0.978131694618411,-113.8125,31.9791666666667
0.982500195322911,-113.770833333333,31.9791666666667
0.987166723607284,-113.729166666667,31.9791666666667
0.99127572488794,-113.6875,31.9791666666667
0.993045983836956,-113.645833333333,31.9791666666667
0.994727369009558,-113.604166666667,31.9791666666667
0.995967223147212,-113.5625,31.9791666666667
0.996884279932663,-113.520833333333,31.9791666666667
0.997744059875729,-113.479166666667,31.9791666666667
0.998315737173931,-113.4375,31.9791666666667
0.998531746840912,-113.395833333333,31.9791666666667
0.998757389507892,-113.354166666667,31.9791666666667
0.99885968881624,-113.3125,31.9791666666667
0.998807805930612,-113.270833333333,31.9791666666667
0.998551890550725,-113.229166666667,31.9791666666667
0.998334321664655,-113.1875,31.9791666666667
0.997915067372707,-113.145833333333,31.9791666666667
0.995927573691253,-113.104166666667,31.9791666666667
0.994247668959837,-113.0625,31.9791666666667
0.993885563405898,-113.020833333333,31.9791666666667
0.991054019981742,-112.979166666667,31.9791666666667
0.989211984975177,-112.9375,31.9791666666667
0.984317341763595,-112.895833333333,31.9791666666667
0.970685552339687,-112.854166666667,31.9791666666667
0.96512741450178,-112.8125,31.9791666666667
0.958384027525404,-112.770833333333,31.9791666666667
0.94031015596479,-112.729166666667,31.9791666666667
0.928396535969328,-112.6875,31.9791666666667
0.916853451337579,-112.645833333333,31.9791666666667
0.908320575195025,-112.604166666667,31.9791666666667
0.924986811060838,-112.5625,31.9791666666667
0.925379376106513,-112.520833333333,31.9791666666667
0.92092078707693,-112.479166666667,31.9791666666667
0.92729600559841,-112.4375,31.9791666666667
0.937721762522887,-112.395833333333,31.9791666666667
0.944126668093463,-112.354166666667,31.9791666666667
0.941201107136723,-112.3125,31.9791666666667
0.928028024859082,-112.270833333333,31.9791666666667
0.913000237660405,-112.229166666667,31.9791666666667
0.896660573881995,-112.1875,31.9791666666667
0.869373890880067,-112.145833333333,31.9791666666667
0.834003919699644,-112.104166666667,31.9791666666667
0.829750571907481,-112.0625,31.9791666666667
0.829991848884041,-112.020833333333,31.9791666666667
0.835988990199905,-111.979166666667,31.9791666666667
0.812647047572275,-111.9375,31.9791666666667
0.797538378314392,-111.895833333333,31.9791666666667
0.808388832690007,-111.854166666667,31.9791666666667
0.767831438721476,-111.8125,31.9791666666667
0.70838408605022,-111.770833333333,31.9791666666667
0.684156337769498,-111.729166666667,31.9791666666667
0.715694712565196,-111.6875,31.9791666666667
0.77788915379349,-111.645833333333,31.9791666666667
0.836202158124617,-111.604166666667,31.9791666666667
0.825721029440187,-111.5625,31.9791666666667
0.773878757198286,-111.520833333333,31.9791666666667
0.591934993708507,-111.479166666667,31.9791666666667
0.518140306480618,-111.4375,31.9791666666667
0.554054586798815,-111.395833333333,31.9791666666667
0.607805014011136,-111.354166666667,31.9791666666667
0.667941681729318,-111.3125,31.9791666666667
0.725649082607607,-111.270833333333,31.9791666666667
0.70576161018154,-111.229166666667,31.9791666666667
0.657530282027352,-111.1875,31.9791666666667
0.62536624003129,-111.145833333333,31.9791666666667
0.561499570334336,-111.104166666667,31.9791666666667
0.508482714408164,-111.0625,31.9791666666667
0.582886539018719,-111.020833333333,31.9791666666667
0.819690362764866,-110.979166666667,31.9791666666667
0.905664846324208,-110.9375,31.9791666666667
0.912100219852672,-110.895833333333,31.9791666666667
0.920646919811965,-110.854166666667,31.9791666666667
0.942803045088424,-110.8125,31.9791666666667
0.962171121119254,-110.770833333333,31.9791666666667
0.967360142387041,-110.729166666667,31.9791666666667
0.949849147703215,-110.6875,31.9791666666667
0.917250808200642,-110.645833333333,31.9791666666667
0.861653369984212,-110.604166666667,31.9791666666667
0.80724853931605,-110.5625,31.9791666666667
0.742619372290467,-110.520833333333,31.9791666666667
0.598436502345753,-110.479166666667,31.9791666666667
0.68897366046824,-109.979166666667,31.9791666666667
0.722771989066795,-115.229166666667,31.9375
0.725254779435982,-115.1875,31.9375
0.720195942550754,-115.145833333333,31.9375
0.715044178328199,-115.104166666667,31.9375
0.720567869917849,-115.0625,31.9375
0.719657991226835,-115.020833333333,31.9375
0.725414499975259,-114.979166666667,31.9375
0.732031066659482,-114.9375,31.9375
0.735761177634363,-114.895833333333,31.9375
0.73414503113082,-114.854166666667,31.9375
0.735174742738554,-114.8125,31.9375
0.739879765584117,-114.770833333333,31.9375
0.747037835542523,-114.729166666667,31.9375
0.759699460245497,-114.6875,31.9375
0.768402671521142,-114.645833333333,31.9375
0.777176127981433,-114.604166666667,31.9375
0.786489609823763,-114.5625,31.9375
0.78939406731027,-114.520833333333,31.9375
0.80235462769247,-114.479166666667,31.9375
0.817665802556874,-114.4375,31.9375
0.83384712254491,-114.395833333333,31.9375
0.841658334766594,-114.354166666667,31.9375
0.844182520241987,-114.3125,31.9375
0.849597719397086,-114.270833333333,31.9375
0.854873145725629,-114.229166666667,31.9375
0.859116715187392,-114.1875,31.9375
0.867608663111665,-114.145833333333,31.9375
0.870846217877639,-114.104166666667,31.9375
0.877317462982597,-114.0625,31.9375
0.893062757832028,-114.020833333333,31.9375
0.95998043212744,-113.979166666667,31.9375
0.963238669946188,-113.9375,31.9375
0.968991733339884,-113.895833333333,31.9375
0.972995714699187,-113.854166666667,31.9375
0.975773451249147,-113.8125,31.9375
0.977828450196589,-113.770833333333,31.9375
0.980187319932334,-113.729166666667,31.9375
0.984783188780056,-113.6875,31.9375
0.99081222727584,-113.645833333333,31.9375
0.993809535679093,-113.604166666667,31.9375
0.995073112188988,-113.5625,31.9375
0.995669939840678,-113.520833333333,31.9375
0.996479834917031,-113.479166666667,31.9375
0.997205700313684,-113.4375,31.9375
0.997656811111504,-113.395833333333,31.9375
0.998063140796211,-113.354166666667,31.9375
0.998208397653196,-113.3125,31.9375
0.998221847991132,-113.270833333333,31.9375
0.998225607031551,-113.229166666667,31.9375
0.997973787938081,-113.1875,31.9375
0.997309581442203,-113.145833333333,31.9375
0.996637427258049,-113.104166666667,31.9375
0.996169524452589,-113.0625,31.9375
0.994955851927357,-113.020833333333,31.9375
0.992968086179431,-112.979166666667,31.9375
0.991085354149906,-112.9375,31.9375
0.985185658629741,-112.895833333333,31.9375
0.973068063133421,-112.854166666667,31.9375
0.967974852710085,-112.8125,31.9375
0.964164023971851,-112.770833333333,31.9375
0.957347566585358,-112.729166666667,31.9375
0.948163021110716,-112.6875,31.9375
0.934741621999202,-112.645833333333,31.9375
0.920924617943099,-112.604166666667,31.9375
0.928801124403994,-112.5625,31.9375
0.928934608636867,-112.520833333333,31.9375
0.924979251873959,-112.479166666667,31.9375
0.925408307147683,-112.4375,31.9375
0.941975466497258,-112.395833333333,31.9375
0.944962762528588,-112.354166666667,31.9375
0.942994496259243,-112.3125,31.9375
0.931694696122941,-112.270833333333,31.9375
0.921276400002138,-112.229166666667,31.9375
0.913297864582323,-112.1875,31.9375
0.889865753039013,-112.145833333333,31.9375
0.867270113585102,-112.104166666667,31.9375
0.851191204693697,-112.0625,31.9375
0.833715974231856,-112.020833333333,31.9375
0.831803906634684,-111.979166666667,31.9375
0.812266623094322,-111.9375,31.9375
0.770034732781591,-111.895833333333,31.9375
0.743057186851041,-111.854166666667,31.9375
0.729722005627391,-111.8125,31.9375
0.706056546522018,-111.770833333333,31.9375
0.685579263302416,-111.729166666667,31.9375
0.734830438864829,-111.6875,31.9375
0.84250957770808,-111.645833333333,31.9375
0.89514468927677,-111.604166666667,31.9375
0.78791793447235,-111.5625,31.9375
0.658823074278642,-111.520833333333,31.9375
0.538788637706116,-111.479166666667,31.9375
0.509287655667837,-111.395833333333,31.9375
0.559679312268591,-111.354166666667,31.9375
0.656439246757452,-111.3125,31.9375
0.732561489915405,-111.270833333333,31.9375
0.686146999715828,-111.229166666667,31.9375
0.614822152911116,-111.1875,31.9375
0.645591430242128,-111.145833333333,31.9375
0.606292437998961,-111.104166666667,31.9375
0.516670018882378,-111.0625,31.9375
0.558300134610332,-111.020833333333,31.9375
0.767265081626637,-110.979166666667,31.9375
0.861732221611112,-110.9375,31.9375
0.884523394615096,-110.895833333333,31.9375
0.92277993735022,-110.854166666667,31.9375
0.967051747076508,-110.8125,31.9375
0.984305536840482,-110.770833333333,31.9375
0.984268273670478,-110.729166666667,31.9375
0.966777441063257,-110.6875,31.9375
0.929157490404949,-110.645833333333,31.9375
0.840793889604148,-110.604166666667,31.9375
0.735753687826428,-110.5625,31.9375
0.693243053330967,-110.520833333333,31.9375
0.615886340771794,-110.479166666667,31.9375
0.684172965867352,-109.979166666667,31.9375
0.647075301344443,-109.9375,31.9375
0.706376445529214,-115.229166666667,31.8958333333333
0.702226683629322,-115.1875,31.8958333333333
0.699572445228771,-115.145833333333,31.8958333333333
0.697340938369566,-115.104166666667,31.8958333333333
0.701834383215668,-115.0625,31.8958333333333
0.702730116580432,-115.020833333333,31.8958333333333
0.707663930317919,-114.979166666667,31.8958333333333
0.709650750499144,-114.9375,31.8958333333333
0.711091244511683,-114.895833333333,31.8958333333333
0.707001109087386,-114.854166666667,31.8958333333333
0.707035490023815,-114.8125,31.8958333333333
0.712051270096751,-114.770833333333,31.8958333333333
0.717449154945611,-114.729166666667,31.8958333333333
0.726360104475585,-114.6875,31.8958333333333
0.740146718566339,-114.645833333333,31.8958333333333
0.748776392333683,-114.604166666667,31.8958333333333
0.758404045365253,-114.5625,31.8958333333333
0.759065060297349,-114.520833333333,31.8958333333333
0.77072269030625,-114.479166666667,31.8958333333333
0.787620977247537,-114.4375,31.8958333333333
0.810605400859155,-114.395833333333,31.8958333333333
0.825033936439235,-114.354166666667,31.8958333333333
0.828842055285753,-114.3125,31.8958333333333
0.836194042220494,-114.270833333333,31.8958333333333
0.843606978299221,-114.229166666667,31.8958333333333
0.846147754880412,-114.1875,31.8958333333333
0.850408619311995,-114.145833333333,31.8958333333333
0.859008757559692,-114.104166666667,31.8958333333333
0.863803417410775,-114.0625,31.8958333333333
0.871334109224969,-114.020833333333,31.8958333333333
0.883627064516739,-113.979166666667,31.8958333333333
0.95303717390417,-113.9375,31.8958333333333
0.960293665987351,-113.895833333333,31.8958333333333
0.968588086152221,-113.854166666667,31.8958333333333
0.973544107231259,-113.8125,31.8958333333333
0.974731894074824,-113.770833333333,31.8958333333333
0.975790872323751,-113.729166666667,31.8958333333333
0.980738412491977,-113.6875,31.8958333333333
0.986017445263709,-113.645833333333,31.8958333333333
0.990735051734851,-113.604166666667,31.8958333333333
0.992423029023579,-113.5625,31.8958333333333
0.993887853537289,-113.520833333333,31.8958333333333
0.994747136087728,-113.479166666667,31.8958333333333
0.995842006084492,-113.4375,31.8958333333333
0.996548259171643,-113.395833333333,31.8958333333333
0.996995053128207,-113.354166666667,31.8958333333333
0.997245646891859,-113.3125,31.8958333333333
0.997034938595723,-113.270833333333,31.8958333333333
0.997151586538048,-113.229166666667,31.8958333333333
0.997066230146684,-113.1875,31.8958333333333
0.996222944620299,-113.145833333333,31.8958333333333
0.996170539151665,-113.104166666667,31.8958333333333
0.995569686522219,-113.0625,31.8958333333333
0.994011940182223,-113.020833333333,31.8958333333333
0.992048383060154,-112.979166666667,31.8958333333333
0.990540806170337,-112.9375,31.8958333333333
0.986062135309889,-112.895833333333,31.8958333333333
0.97830081618554,-112.854166666667,31.8958333333333
0.975235699721484,-112.8125,31.8958333333333
0.974947941936745,-112.770833333333,31.8958333333333
0.972712369048965,-112.729166666667,31.8958333333333
0.962606155206318,-112.6875,31.8958333333333
0.948811805999062,-112.645833333333,31.8958333333333
0.936610355406528,-112.604166666667,31.8958333333333
0.937539117049134,-112.5625,31.8958333333333
0.937373250394876,-112.520833333333,31.8958333333333
0.932646951278425,-112.479166666667,31.8958333333333
0.928792429902953,-112.4375,31.8958333333333
0.943266624921368,-112.395833333333,31.8958333333333
0.946067964311234,-112.354166666667,31.8958333333333
0.941352781579053,-112.3125,31.8958333333333
0.927324077479157,-112.270833333333,31.8958333333333
0.914996107372864,-112.229166666667,31.8958333333333
0.910131026111856,-112.1875,31.8958333333333
0.89506018820693,-112.145833333333,31.8958333333333
0.8774128924902,-112.104166666667,31.8958333333333
0.853249957178996,-112.0625,31.8958333333333
0.830006803880803,-112.020833333333,31.8958333333333
0.816504837878988,-111.979166666667,31.8958333333333
0.800366231723418,-111.9375,31.8958333333333
0.765096304016311,-111.895833333333,31.8958333333333
0.73245411416748,-111.854166666667,31.8958333333333
0.721927037541897,-111.8125,31.8958333333333
0.703663216913256,-111.770833333333,31.8958333333333
0.689357306739135,-111.729166666667,31.8958333333333
0.726464220846784,-111.6875,31.8958333333333
0.805169614759544,-111.645833333333,31.8958333333333
0.889347104121372,-111.604166666667,31.8958333333333
0.754947065760788,-111.5625,31.8958333333333
0.570802718999658,-111.520833333333,31.8958333333333
0.504211465694673,-111.479166666667,31.8958333333333
0.503890930837703,-111.395833333333,31.8958333333333
0.542219670686151,-111.354166666667,31.8958333333333
0.650472871944444,-111.3125,31.8958333333333
0.748033549635751,-111.270833333333,31.8958333333333
0.700663515407445,-111.229166666667,31.8958333333333
0.581782213157661,-111.1875,31.8958333333333
0.62569618823438,-111.145833333333,31.8958333333333
0.632231075191728,-111.104166666667,31.8958333333333
0.583072086342982,-111.0625,31.8958333333333
0.590836315289383,-111.020833333333,31.8958333333333
0.715889477050215,-110.979166666667,31.8958333333333
0.789650527400817,-110.9375,31.8958333333333
0.848095907459678,-110.895833333333,31.8958333333333
0.938210601044231,-110.854166666667,31.8958333333333
0.985008704785704,-110.8125,31.8958333333333
0.989542239517099,-110.770833333333,31.8958333333333
0.982312073158884,-110.729166666667,31.8958333333333
0.954594762116746,-110.6875,31.8958333333333
0.904671745248875,-110.645833333333,31.8958333333333
0.781374007340699,-110.604166666667,31.8958333333333
0.607477356075239,-110.5625,31.8958333333333
0.545309015780116,-110.520833333333,31.8958333333333
0.529955984289033,-110.479166666667,31.8958333333333
0.533022320799966,-109.979166666667,31.8958333333333
0.682023885737375,-109.9375,31.8958333333333
0.51483260321575,-109.895833333333,31.8958333333333
0.695073350209906,-115.229166666667,31.8541666666667
0.687827905616663,-115.1875,31.8541666666667
0.684327147828498,-115.145833333333,31.8541666666667
0.67648992316145,-115.104166666667,31.8541666666667
0.676341954665277,-115.0625,31.8541666666667
0.680379581002935,-115.020833333333,31.8541666666667
0.685373945395337,-114.979166666667,31.8541666666667
0.679779236967651,-114.9375,31.8541666666667
0.678030200237165,-114.895833333333,31.8541666666667
0.678359116938595,-114.854166666667,31.8541666666667
0.683078990431716,-114.8125,31.8541666666667
0.690060864925652,-114.770833333333,31.8541666666667
0.697627120606983,-114.729166666667,31.8541666666667
0.705085765108464,-114.6875,31.8541666666667
0.71790902259427,-114.645833333333,31.8541666666667
0.727949531270693,-114.604166666667,31.8541666666667
0.728346378135755,-114.5625,31.8541666666667
0.727933752482181,-114.520833333333,31.8541666666667
0.735521030227301,-114.479166666667,31.8541666666667
0.752971831043305,-114.4375,31.8541666666667
0.774722617089091,-114.395833333333,31.8541666666667
0.799930981760727,-114.354166666667,31.8541666666667
0.812789375684483,-114.3125,31.8541666666667
0.823019274711671,-114.270833333333,31.8541666666667
0.830265211865781,-114.229166666667,31.8541666666667
0.834406291202327,-114.1875,31.8541666666667
0.837938407960264,-114.145833333333,31.8541666666667
0.845004619780339,-114.104166666667,31.8541666666667
0.854358032753576,-114.0625,31.8541666666667
0.858961814844502,-114.020833333333,31.8541666666667
0.865061572800553,-113.979166666667,31.8541666666667
0.874314734068427,-113.9375,31.8541666666667
0.94966625660407,-113.895833333333,31.8541666666667
0.959095906061999,-113.854166666667,31.8541666666667
0.967398913365116,-113.8125,31.8541666666667
0.971738163809312,-113.770833333333,31.8541666666667
0.974209054030586,-113.729166666667,31.8541666666667
0.977522262652033,-113.6875,31.8541666666667
0.981691820842862,-113.645833333333,31.8541666666667
0.987321138215666,-113.604166666667,31.8541666666667
0.991172796331982,-113.5625,31.8541666666667
0.991471210990035,-113.520833333333,31.8541666666667
0.991400922916293,-113.479166666667,31.8541666666667
0.994118982678699,-113.4375,31.8541666666667
0.994856724927997,-113.395833333333,31.8541666666667
0.994918781130559,-113.354166666667,31.8541666666667
0.994818168222674,-113.3125,31.8541666666667
0.994621017893238,-113.270833333333,31.8541666666667
0.99485105933348,-113.229166666667,31.8541666666667
0.994896604257791,-113.1875,31.8541666666667
0.994139749266709,-113.145833333333,31.8541666666667
0.992484541687499,-113.104166666667,31.8541666666667
0.990086424014564,-113.0625,31.8541666666667
0.987316531719111,-113.020833333333,31.8541666666667
0.985652165659552,-112.979166666667,31.8541666666667
0.985692880023714,-112.9375,31.8541666666667
0.982609257147834,-112.895833333333,31.8541666666667
0.977693955616851,-112.854166666667,31.8541666666667
0.978131306389071,-112.8125,31.8541666666667
0.978563328740707,-112.770833333333,31.8541666666667
0.978820963646214,-112.729166666667,31.8541666666667
0.975807619374681,-112.6875,31.8541666666667
0.968824614200804,-112.645833333333,31.8541666666667
0.953421956320028,-112.604166666667,31.8541666666667
0.946776590872851,-112.5625,31.8541666666667
0.947781740834502,-112.520833333333,31.8541666666667
0.944231172769067,-112.479166666667,31.8541666666667
0.934976253754464,-112.4375,31.8541666666667
0.944144473760365,-112.395833333333,31.8541666666667
0.946060373242651,-112.354166666667,31.8541666666667
0.939342264476352,-112.3125,31.8541666666667
0.921828641602627,-112.270833333333,31.8541666666667
0.910628417992379,-112.229166666667,31.8541666666667
0.903100141405435,-112.1875,31.8541666666667
0.891201060311487,-112.145833333333,31.8541666666667
0.873252549936415,-112.104166666667,31.8541666666667
0.845275677950052,-112.0625,31.8541666666667
0.816008063787301,-112.020833333333,31.8541666666667
0.798933620766785,-111.979166666667,31.8541666666667
0.78287410447207,-111.9375,31.8541666666667
0.753490578616979,-111.895833333333,31.8541666666667
0.722922058300526,-111.854166666667,31.8541666666667
0.699138732485284,-111.8125,31.8541666666667
0.678485487160576,-111.770833333333,31.8541666666667
0.666630002448543,-111.729166666667,31.8541666666667
0.679562610571838,-111.6875,31.8541666666667
0.695782770492136,-111.645833333333,31.8541666666667
0.803518890171843,-111.604166666667,31.8541666666667
0.789106361270081,-111.5625,31.8541666666667
0.54143909315402,-111.520833333333,31.8541666666667
0.51140610524127,-111.395833333333,31.8541666666667
0.528056065643583,-111.354166666667,31.8541666666667
0.601031644785274,-111.3125,31.8541666666667
0.690322303607757,-111.270833333333,31.8541666666667
0.684926708679781,-111.229166666667,31.8541666666667
0.589092788120872,-111.1875,31.8541666666667
0.571121478708017,-111.145833333333,31.8541666666667
0.568111586643788,-111.104166666667,31.8541666666667
0.565438052255411,-111.0625,31.8541666666667
0.586422951560575,-111.020833333333,31.8541666666667
0.648948343109185,-110.979166666667,31.8541666666667
0.725216925730762,-110.9375,31.8541666666667
0.827180399355579,-110.895833333333,31.8541666666667
0.942402761878926,-110.854166666667,31.8541666666667
0.978912019875428,-110.8125,31.8541666666667
0.95832876397473,-110.770833333333,31.8541666666667
0.923090921978901,-110.729166666667,31.8541666666667
0.86637858551444,-110.6875,31.8541666666667
0.739131754180288,-110.645833333333,31.8541666666667
0.549508165448024,-110.604166666667,31.8541666666667
0.554949957216887,-109.9375,31.8541666666667
0.570471059937327,-109.895833333333,31.8541666666667
0.674396131105639,-115.229166666667,31.8125
0.666336777163796,-115.1875,31.8125
0.651006119293744,-115.145833333333,31.8125
0.653213862141486,-115.104166666667,31.8125
0.654099600414173,-115.0625,31.8125
0.657856552110872,-115.020833333333,31.8125
0.65765921316136,-114.979166666667,31.8125
0.650487437312217,-114.9375,31.8125
0.652574639025731,-114.895833333333,31.8125
0.657482774551424,-114.854166666667,31.8125
0.663588527142829,-114.770833333333,31.8125
0.686617552459213,-114.6875,31.8125
0.694758786616869,-114.645833333333,31.8125
0.703678567503902,-114.604166666667,31.8125
0.706393462111545,-114.5625,31.8125
0.702676563589564,-114.520833333333,31.8125
0.701894288343734,-114.479166666667,31.8125
0.71764862394251,-114.4375,31.8125
0.734782767628354,-114.395833333333,31.8125
0.758575556539697,-114.354166666667,31.8125
0.779640470090661,-114.3125,31.8125
0.802033759509508,-114.270833333333,31.8125
0.814704181970317,-114.229166666667,31.8125
0.821461729467766,-114.1875,31.8125
0.828119678421832,-114.145833333333,31.8125
0.835905501467196,-114.104166666667,31.8125
0.844553783503961,-114.0625,31.8125
0.852067423896468,-114.020833333333,31.8125
0.859699028499161,-113.979166666667,31.8125
0.862212763969881,-113.9375,31.8125
0.872594608134087,-113.895833333333,31.8125
0.946244866509954,-113.854166666667,31.8125
0.953295956532941,-113.8125,31.8125
0.960528666310677,-113.770833333333,31.8125
0.96729380316691,-113.729166666667,31.8125
0.973054746380076,-113.6875,31.8125
0.978062778504547,-113.645833333333,31.8125
0.983153661046381,-113.604166666667,31.8125
0.986529517846444,-113.5625,31.8125
0.983654183913493,-113.520833333333,31.8125
0.983263034511763,-113.479166666667,31.8125
0.99092167591893,-113.4375,31.8125
0.99136434044716,-113.395833333333,31.8125
0.990368135292685,-113.354166666667,31.8125
0.99005369395426,-113.3125,31.8125
0.990245033495391,-113.270833333333,31.8125
0.99083989001147,-113.229166666667,31.8125
0.989866729480994,-113.1875,31.8125
0.988797447857641,-113.145833333333,31.8125
0.98816220630454,-113.104166666667,31.8125
0.984434053846468,-113.0625,31.8125
0.978494834258827,-113.020833333333,31.8125
0.972330812747543,-112.979166666667,31.8125
0.971793409247609,-112.9375,31.8125
0.968620609718054,-112.895833333333,31.8125
0.960337767873971,-112.854166666667,31.8125
0.966973292311474,-112.8125,31.8125
0.970494992934405,-112.770833333333,31.8125
0.97009081741623,-112.729166666667,31.8125
0.974427463829531,-112.6875,31.8125
0.975672239448865,-112.645833333333,31.8125
0.960688503270149,-112.604166666667,31.8125
0.950316358850187,-112.5625,31.8125
0.953538899066832,-112.520833333333,31.8125
0.954065987164814,-112.479166666667,31.8125
0.954916709618326,-112.4375,31.8125
0.950515877725195,-112.395833333333,31.8125
0.948587476450875,-112.354166666667,31.8125
0.940565771516787,-112.3125,31.8125
0.926668740231746,-112.270833333333,31.8125
0.914178553513802,-112.229166666667,31.8125
0.903179696354861,-112.1875,31.8125
0.889449722309195,-112.145833333333,31.8125
0.864764461148664,-112.104166666667,31.8125
0.833485948167615,-112.0625,31.8125
0.8038116737098,-112.020833333333,31.8125
0.78658743029683,-111.979166666667,31.8125
0.765976715840891,-111.9375,31.8125
0.741857690643225,-111.895833333333,31.8125
0.709216874715143,-111.854166666667,31.8125
0.681490959253534,-111.8125,31.8125
0.662256075053994,-111.770833333333,31.8125
0.641767806407685,-111.729166666667,31.8125
0.631170270063513,-111.6875,31.8125
0.64922207901741,-111.645833333333,31.8125
0.824230314220778,-111.604166666667,31.8125
0.855014172089408,-111.5625,31.8125
0.60256511895163,-111.520833333333,31.8125
0.518297361107933,-111.395833333333,31.8125
0.50259850824717,-111.354166666667,31.8125
0.509820005339351,-111.3125,31.8125
0.550212235825313,-111.270833333333,31.8125
0.560850641129452,-111.229166666667,31.8125
0.515708336852659,-111.1875,31.8125
0.543718838669631,-110.979166666667,31.8125
0.659305180732065,-110.9375,31.8125
0.786522894915867,-110.895833333333,31.8125
0.890836627488542,-110.854166666667,31.8125
0.907325706928532,-110.8125,31.8125
0.831945529334143,-110.770833333333,31.8125
0.800567232364374,-110.729166666667,31.8125
0.699718559517754,-110.6875,31.8125
0.550719075519155,-109.895833333333,31.8125
0.642124024600937,-115.229166666667,31.7708333333333
0.627549849545559,-115.1875,31.7708333333333
0.614979978886316,-115.145833333333,31.7708333333333
0.634206549214859,-115.104166666667,31.7708333333333
0.641058845377507,-115.0625,31.7708333333333
0.639297678294462,-115.020833333333,31.7708333333333
0.631187148639689,-114.979166666667,31.7708333333333
0.625082920513675,-114.9375,31.7708333333333
0.628443003203603,-114.895833333333,31.7708333333333
0.632919542831591,-114.854166666667,31.7708333333333
0.643901296389657,-114.770833333333,31.7708333333333
0.670915964903598,-114.6875,31.7708333333333
0.67810541324715,-114.645833333333,31.7708333333333
0.685619208430429,-114.604166666667,31.7708333333333
0.685792691561755,-114.5625,31.7708333333333
0.683208286425966,-114.520833333333,31.7708333333333
0.682745170220774,-114.479166666667,31.7708333333333
0.697969807398289,-114.4375,31.7708333333333
0.711284638139653,-114.395833333333,31.7708333333333
0.724468992285237,-114.354166666667,31.7708333333333
0.742148544181564,-114.3125,31.7708333333333
0.769208039351757,-114.270833333333,31.7708333333333
0.795075009643898,-114.229166666667,31.7708333333333
0.803672726732672,-114.1875,31.7708333333333
0.814330809940277,-114.145833333333,31.7708333333333
0.825295442050971,-114.104166666667,31.7708333333333
0.837634970188412,-114.0625,31.7708333333333
0.845237491155237,-114.020833333333,31.7708333333333
0.854733263268558,-113.979166666667,31.7708333333333
0.85670186471325,-113.9375,31.7708333333333
0.861199864139758,-113.895833333333,31.7708333333333
0.867349944061886,-113.854166666667,31.7708333333333
0.941233695976812,-113.8125,31.7708333333333
0.945929987416432,-113.770833333333,31.7708333333333
0.952621661211771,-113.729166666667,31.7708333333333
0.963124971769734,-113.6875,31.7708333333333
0.972015054897378,-113.645833333333,31.7708333333333
0.975575880784106,-113.604166666667,31.7708333333333
0.977874460608322,-113.5625,31.7708333333333
0.97240533441965,-113.520833333333,31.7708333333333
0.968824934067749,-113.479166666667,31.7708333333333
0.98434489706123,-113.4375,31.7708333333333
0.985232757238161,-113.395833333333,31.7708333333333
0.985324341121798,-113.354166666667,31.7708333333333
0.985875127318797,-113.3125,31.7708333333333
0.986416136108876,-113.270833333333,31.7708333333333
0.985974873011384,-113.229166666667,31.7708333333333
0.985268362607497,-113.1875,31.7708333333333
0.983510010715194,-113.145833333333,31.7708333333333
0.98311188115864,-113.104166666667,31.7708333333333
0.97994244212749,-113.0625,31.7708333333333
0.97573872445312,-113.020833333333,31.7708333333333
0.967109081030401,-112.979166666667,31.7708333333333
0.952950384636523,-112.9375,31.7708333333333
0.945402545293134,-112.895833333333,31.7708333333333
0.929918004332861,-112.854166666667,31.7708333333333
0.927843743924092,-112.8125,31.7708333333333
0.944265747837042,-112.770833333333,31.7708333333333
0.946958293124861,-112.729166666667,31.7708333333333
0.957893390950642,-112.6875,31.7708333333333
0.96288689805753,-112.645833333333,31.7708333333333
0.952165289785674,-112.604166666667,31.7708333333333
0.94461895711577,-112.5625,31.7708333333333
0.956311003202754,-112.520833333333,31.7708333333333
0.953640002054738,-112.479166666667,31.7708333333333
0.95764139848711,-112.4375,31.7708333333333
0.956540999834364,-112.395833333333,31.7708333333333
0.954085518990043,-112.354166666667,31.7708333333333
0.946977867481122,-112.3125,31.7708333333333
0.932679344073384,-112.270833333333,31.7708333333333
0.909047425011036,-112.229166666667,31.7708333333333
0.891194172115441,-112.1875,31.7708333333333
0.873524431160074,-112.145833333333,31.7708333333333
0.845288996275159,-112.104166666667,31.7708333333333
0.810603319410327,-112.0625,31.7708333333333
0.789694326893272,-112.020833333333,31.7708333333333
0.764348422609357,-111.979166666667,31.7708333333333
0.744229143110031,-111.9375,31.7708333333333
0.730004925937337,-111.895833333333,31.7708333333333
0.709459497674219,-111.854166666667,31.7708333333333
0.686925184649779,-111.8125,31.7708333333333
0.667501105460591,-111.770833333333,31.7708333333333
0.653221148311373,-111.729166666667,31.7708333333333
0.638730498023049,-111.6875,31.7708333333333
0.681375225739338,-111.645833333333,31.7708333333333
0.908270977764691,-111.604166666667,31.7708333333333
0.873649170704634,-111.5625,31.7708333333333
0.632647371728275,-111.520833333333,31.7708333333333
0.501168915527436,-111.4375,31.7708333333333
0.509914422201279,-111.395833333333,31.7708333333333
0.609113926329478,-110.9375,31.7708333333333
0.715424180629017,-110.895833333333,31.7708333333333
0.710902005821951,-110.854166666667,31.7708333333333
0.691564604331012,-110.8125,31.7708333333333
0.656608378318952,-110.770833333333,31.7708333333333
0.638260110378611,-110.729166666667,31.7708333333333
0.523601838728515,-110.6875,31.7708333333333
0.60589799242529,-115.229166666667,31.7291666666667
0.598449176326588,-115.1875,31.7291666666667
0.583454833947676,-115.145833333333,31.7291666666667
0.601315523567849,-115.104166666667,31.7291666666667
0.622285825393864,-115.0625,31.7291666666667
0.62031989769196,-115.020833333333,31.7291666666667
0.619337684830296,-114.979166666667,31.7291666666667
0.624733754213367,-114.9375,31.7291666666667
0.623098367731689,-114.895833333333,31.7291666666667
0.617806295951326,-114.854166666667,31.7291666666667
0.632977084095081,-114.770833333333,31.7291666666667
0.639581848573322,-114.729166666667,31.7291666666667
0.670726449180564,-114.520833333333,31.7291666666667
0.676559696761463,-114.479166666667,31.7291666666667
0.69134948193821,-114.4375,31.7291666666667
0.700171260472847,-114.395833333333,31.7291666666667
0.705663598229087,-114.354166666667,31.7291666666667
0.717842716621505,-114.3125,31.7291666666667
0.738818084444163,-114.270833333333,31.7291666666667
0.768203337190858,-114.229166666667,31.7291666666667
0.78099267192646,-114.1875,31.7291666666667
0.795493944682025,-114.145833333333,31.7291666666667
0.81039495559565,-114.104166666667,31.7291666666667
0.823397670665121,-114.0625,31.7291666666667
0.835947290787999,-114.020833333333,31.7291666666667
0.844484356010967,-113.979166666667,31.7291666666667
0.847911147351559,-113.9375,31.7291666666667
0.851959092176075,-113.895833333333,31.7291666666667
0.857782931547485,-113.854166666667,31.7291666666667
0.864397390406462,-113.8125,31.7291666666667
0.874135299281299,-113.770833333333,31.7291666666667
0.942655776719042,-113.729166666667,31.7291666666667
0.948974615546043,-113.6875,31.7291666666667
0.962733298357599,-113.645833333333,31.7291666666667
0.967671693415881,-113.604166666667,31.7291666666667
0.969554964384728,-113.5625,31.7291666666667
0.9673479403912,-113.520833333333,31.7291666666667
0.964063385354124,-113.479166666667,31.7291666666667
0.976971845462689,-113.4375,31.7291666666667
0.978406452642085,-113.395833333333,31.7291666666667
0.980016477221261,-113.354166666667,31.7291666666667
0.981684920130476,-113.3125,31.7291666666667
0.983446142541729,-113.270833333333,31.7291666666667
0.982273491771988,-113.229166666667,31.7291666666667
0.980867951442966,-113.1875,31.7291666666667
0.979840115491836,-113.145833333333,31.7291666666667
0.977258676576024,-113.104166666667,31.7291666666667
0.974277795904876,-113.0625,31.7291666666667
0.970656790851649,-113.020833333333,31.7291666666667
0.96555703593981,-112.979166666667,31.7291666666667
0.955351136602696,-112.9375,31.7291666666667
0.942395362465895,-112.895833333333,31.7291666666667
0.929878985017752,-112.854166666667,31.7291666666667
0.897817030737565,-112.8125,31.7291666666667
0.920208665784872,-112.770833333333,31.7291666666667
0.931059727974037,-112.729166666667,31.7291666666667
0.938611779034915,-112.6875,31.7291666666667
0.945112730198831,-112.645833333333,31.7291666666667
0.941359083647889,-112.604166666667,31.7291666666667
0.937567172377816,-112.5625,31.7291666666667
0.942125657038492,-112.520833333333,31.7291666666667
0.949296296553478,-112.479166666667,31.7291666666667
0.951991400293811,-112.4375,31.7291666666667
0.955988608134327,-112.395833333333,31.7291666666667
0.956707828929236,-112.354166666667,31.7291666666667
0.949821916952679,-112.3125,31.7291666666667
0.928411508648416,-112.270833333333,31.7291666666667
0.884784360930429,-112.229166666667,31.7291666666667
0.850162241085092,-112.1875,31.7291666666667
0.822505086380875,-112.145833333333,31.7291666666667
0.794459427451158,-112.104166666667,31.7291666666667
0.760352541580698,-112.0625,31.7291666666667
0.749605626576758,-112.020833333333,31.7291666666667
0.737632413055706,-111.979166666667,31.7291666666667
0.708834987195654,-111.9375,31.7291666666667
0.703516451656871,-111.895833333333,31.7291666666667
0.70395302030141,-111.854166666667,31.7291666666667
0.695929086442175,-111.8125,31.7291666666667
0.691063798312033,-111.770833333333,31.7291666666667
0.692121176141069,-111.729166666667,31.7291666666667
0.691052344901939,-111.6875,31.7291666666667
0.764680355472422,-111.645833333333,31.7291666666667
0.874834988346743,-111.604166666667,31.7291666666667
0.736141410617845,-111.5625,31.7291666666667
0.556528609758456,-111.520833333333,31.7291666666667
0.50029939017543,-111.4375,31.7291666666667
0.657403997984314,-110.9375,31.7291666666667
0.71627139342882,-110.895833333333,31.7291666666667
0.56595500205881,-110.854166666667,31.7291666666667
0.53951283101609,-110.770833333333,31.7291666666667
0.536424626451198,-110.729166666667,31.7291666666667
0.567783542098442,-115.229166666667,31.6875
0.563531058927954,-115.1875,31.6875
0.545202404894609,-115.145833333333,31.6875
0.561624472917672,-115.104166666667,31.6875
0.593581145717077,-115.0625,31.6875
0.602424726571054,-115.020833333333,31.6875
0.613565607474122,-114.979166666667,31.6875
0.628263180667892,-114.9375,31.6875
0.631665053232119,-114.895833333333,31.6875
0.629067941614296,-114.854166666667,31.6875
0.638795501479614,-114.8125,31.6875
0.637560437102569,-114.6875,31.6875
0.639240817559258,-114.645833333333,31.6875
0.668056756854742,-114.479166666667,31.6875
0.677107567694245,-114.4375,31.6875
0.689415318334646,-114.395833333333,31.6875
0.689336733658285,-114.354166666667,31.6875
0.69987781691868,-114.3125,31.6875
0.71661715970604,-114.270833333333,31.6875
0.737685041468976,-114.229166666667,31.6875
0.758961860120693,-114.1875,31.6875
0.77319276791873,-114.145833333333,31.6875
0.787841257335727,-114.104166666667,31.6875
0.803478011404319,-114.0625,31.6875
0.823176527932629,-114.020833333333,31.6875
0.83557293860197,-113.979166666667,31.6875
0.839400102849544,-113.9375,31.6875
0.839549657648966,-113.895833333333,31.6875
0.847455188305402,-113.854166666667,31.6875
0.854301998935233,-113.8125,31.6875
0.862304272327286,-113.770833333333,31.6875
0.870450964222408,-113.729166666667,31.6875
0.940394906229975,-113.6875,31.6875
0.950573218932851,-113.645833333333,31.6875
0.958834888163876,-113.604166666667,31.6875
0.962351675807783,-113.5625,31.6875
0.963149397344717,-113.520833333333,31.6875
0.965415589952899,-113.479166666667,31.6875
0.968395227244493,-113.4375,31.6875
0.972119428868771,-113.395833333333,31.6875
0.977546482687845,-113.354166666667,31.6875
0.977967996250431,-113.3125,31.6875
0.97842606923225,-113.270833333333,31.6875
0.977397138621786,-113.229166666667,31.6875
0.975897541386906,-113.1875,31.6875
0.973428940958945,-113.145833333333,31.6875
0.970331737699591,-113.104166666667,31.6875
0.968209420883813,-113.0625,31.6875
0.965159172908344,-113.020833333333,31.6875
0.961718684091638,-112.979166666667,31.6875
0.957854687374924,-112.9375,31.6875
0.951394642390556,-112.895833333333,31.6875
0.935370535987634,-112.854166666667,31.6875
0.901300917785237,-112.8125,31.6875
0.909397999225597,-112.770833333333,31.6875
0.927969169650736,-112.729166666667,31.6875
0.928744860774469,-112.6875,31.6875
0.931837581283117,-112.645833333333,31.6875
0.93088659470898,-112.604166666667,31.6875
0.932529003088352,-112.5625,31.6875
0.93300828198974,-112.520833333333,31.6875
0.933505257355902,-112.479166666667,31.6875
0.93721885266792,-112.4375,31.6875
0.94461523096592,-112.395833333333,31.6875
0.949151926533794,-112.354166666667,31.6875
0.936793709301429,-112.3125,31.6875
0.907881302375339,-112.270833333333,31.6875
0.856451561063454,-112.229166666667,31.6875
0.800923185156187,-112.1875,31.6875
0.76111059381662,-112.145833333333,31.6875
0.719863000188113,-112.104166666667,31.6875
0.700873635602611,-112.0625,31.6875
0.680669683053059,-112.020833333333,31.6875
0.67906605685857,-111.979166666667,31.6875
0.669519317139549,-111.9375,31.6875
0.678380587130022,-111.895833333333,31.6875
0.696289130084447,-111.854166666667,31.6875
0.706945405929356,-111.8125,31.6875
0.715903936086253,-111.770833333333,31.6875
0.739586954244885,-111.729166666667,31.6875
0.764593702926263,-111.6875,31.6875
0.862107468948201,-111.645833333333,31.6875
0.848462846818955,-111.604166666667,31.6875
0.660845721177085,-111.5625,31.6875
0.519457186092528,-111.520833333333,31.6875
0.503519222899144,-111.4375,31.6875
0.711913337852635,-110.9375,31.6875
0.757282775401366,-110.895833333333,31.6875
0.558081081862706,-110.854166666667,31.6875
0.530485663703619,-115.229166666667,31.6458333333333
0.506049128173737,-115.1875,31.6458333333333
0.507905012360276,-115.104166666667,31.6458333333333
0.574604211176606,-115.0625,31.6458333333333
0.58448171243367,-115.020833333333,31.6458333333333
0.593274350749502,-114.979166666667,31.6458333333333
0.604109856856908,-114.9375,31.6458333333333
0.617703040338819,-114.895833333333,31.6458333333333
0.627213946327457,-114.854166666667,31.6458333333333
0.642997831422843,-114.8125,31.6458333333333
0.661886234677586,-114.4375,31.6458333333333
0.668996651906362,-114.395833333333,31.6458333333333
0.67275336738888,-114.354166666667,31.6458333333333
0.686147714392759,-114.3125,31.6458333333333
0.702389018877116,-114.270833333333,31.6458333333333
0.711704990963549,-114.229166666667,31.6458333333333
0.739076713543138,-114.1875,31.6458333333333
0.754411640339342,-114.145833333333,31.6458333333333
0.763823326435901,-114.104166666667,31.6458333333333
0.775837149862857,-114.0625,31.6458333333333
0.795015482899635,-114.020833333333,31.6458333333333
0.814915429594679,-113.979166666667,31.6458333333333
0.828850894962296,-113.9375,31.6458333333333
0.832358212004398,-113.895833333333,31.6458333333333
0.837241861808953,-113.854166666667,31.6458333333333
0.842910595227998,-113.8125,31.6458333333333
0.848975457564945,-113.770833333333,31.6458333333333
0.859232752424981,-113.729166666667,31.6458333333333
0.933223669551064,-113.6875,31.6458333333333
0.937860395052709,-113.645833333333,31.6458333333333
0.947407646942778,-113.604166666667,31.6458333333333
0.954426195719633,-113.5625,31.6458333333333
0.955984981349334,-113.520833333333,31.6458333333333
0.95669317969052,-113.479166666667,31.6458333333333
0.958968018618367,-113.4375,31.6458333333333
0.965177088296094,-113.395833333333,31.6458333333333
0.968849200127374,-113.354166666667,31.6458333333333
0.970910871308582,-113.3125,31.6458333333333
0.971944079884829,-113.270833333333,31.6458333333333
0.972597208067319,-113.229166666667,31.6458333333333
0.969363597822692,-113.1875,31.6458333333333
0.965728162263269,-113.145833333333,31.6458333333333
0.959787209589632,-113.104166666667,31.6458333333333
0.959599592239692,-113.0625,31.6458333333333
0.957758138050791,-113.020833333333,31.6458333333333
0.954821523726548,-112.979166666667,31.6458333333333
0.95008371534154,-112.9375,31.6458333333333
0.946619070605131,-112.895833333333,31.6458333333333
0.938050259528353,-112.854166666667,31.6458333333333
0.920539274041182,-112.8125,31.6458333333333
0.910635868230528,-112.770833333333,31.6458333333333
0.920975592695037,-112.729166666667,31.6458333333333
0.919193402617482,-112.6875,31.6458333333333
0.919997577269318,-112.645833333333,31.6458333333333
0.921380219865373,-112.604166666667,31.6458333333333
0.921858116120282,-112.5625,31.6458333333333
0.92412855681383,-112.520833333333,31.6458333333333
0.919713761668241,-112.479166666667,31.6458333333333
0.918345578817019,-112.4375,31.6458333333333
0.923638823350517,-112.395833333333,31.6458333333333
0.925988678025776,-112.354166666667,31.6458333333333
0.911065813182028,-112.3125,31.6458333333333
0.881118303990864,-112.270833333333,31.6458333333333
0.846447569749431,-112.229166666667,31.6458333333333
0.807750176329738,-112.1875,31.6458333333333
0.752225311060837,-112.145833333333,31.6458333333333
0.684491409836786,-112.104166666667,31.6458333333333
0.67510159528506,-112.0625,31.6458333333333
0.654125129115765,-112.020833333333,31.6458333333333
0.633091238893097,-111.979166666667,31.6458333333333
0.634781740923608,-111.9375,31.6458333333333
0.660862037062322,-111.895833333333,31.6458333333333
0.695837774117339,-111.854166666667,31.6458333333333
0.728299577556308,-111.8125,31.6458333333333
0.749616872266897,-111.770833333333,31.6458333333333
0.782656974846344,-111.729166666667,31.6458333333333
0.807638816106547,-111.6875,31.6458333333333
0.880416894059843,-111.645833333333,31.6458333333333
0.823561878101515,-111.604166666667,31.6458333333333
0.678526112515466,-111.5625,31.6458333333333
0.562103877213185,-111.520833333333,31.6458333333333
0.508228746198268,-111.479166666667,31.6458333333333
0.603109373425352,-110.9375,31.6458333333333
0.680355195464416,-110.895833333333,31.6458333333333
0.564212279636871,-110.854166666667,31.6458333333333
0.554560829511212,-115.0625,31.6041666666667
0.560560913937918,-115.020833333333,31.6041666666667
0.56547380741047,-114.979166666667,31.6041666666667
0.576739394051757,-114.9375,31.6041666666667
0.589089013228552,-114.895833333333,31.6041666666667
0.595383373294328,-114.854166666667,31.6041666666667
0.614898334234192,-114.8125,31.6041666666667
0.67732319279452,-114.3125,31.6041666666667
0.688880272228256,-114.270833333333,31.6041666666667
0.694535601507816,-114.229166666667,31.6041666666667
0.713704835358971,-114.1875,31.6041666666667
0.73817944481301,-114.145833333333,31.6041666666667
0.746436475547939,-114.104166666667,31.6041666666667
0.756978997414318,-114.0625,31.6041666666667
0.768792388247943,-114.020833333333,31.6041666666667
0.780185161229301,-113.979166666667,31.6041666666667
0.828121967734032,-113.854166666667,31.6041666666667
0.831793409326652,-113.8125,31.6041666666667
0.836637202116436,-113.770833333333,31.6041666666667
0.845820241911879,-113.729166666667,31.6041666666667
0.853364070718757,-113.6875,31.6041666666667
0.854715887476098,-113.645833333333,31.6041666666667
0.933640797832708,-113.604166666667,31.6041666666667
0.940744069271408,-113.5625,31.6041666666667
0.941860849609221,-113.520833333333,31.6041666666667
0.943904672864499,-113.479166666667,31.6041666666667
0.950779965608296,-113.4375,31.6041666666667
0.954104872539807,-113.395833333333,31.6041666666667
0.954191685282379,-113.354166666667,31.6041666666667
0.955253627385929,-113.3125,31.6041666666667
0.957760135906101,-113.270833333333,31.6041666666667
0.962520570998691,-113.229166666667,31.6041666666667
0.961062511853477,-113.1875,31.6041666666667
0.958202932533816,-113.145833333333,31.6041666666667
0.945428508762476,-113.104166666667,31.6041666666667
0.948672494728836,-113.0625,31.6041666666667
0.95070639051599,-113.020833333333,31.6041666666667
0.948897780812047,-112.979166666667,31.6041666666667
0.945004238395484,-112.9375,31.6041666666667
0.939721712257868,-112.895833333333,31.6041666666667
0.934926334409442,-112.854166666667,31.6041666666667
0.921220802683771,-112.8125,31.6041666666667
0.906420965057222,-112.770833333333,31.6041666666667
0.90964236055661,-112.729166666667,31.6041666666667
0.909861158409174,-112.6875,31.6041666666667
0.909875175496739,-112.645833333333,31.6041666666667
0.91540272214152,-112.604166666667,31.6041666666667
0.905065916716249,-112.5625,31.6041666666667
0.902853305591703,-112.520833333333,31.6041666666667
0.904958244071988,-112.479166666667,31.6041666666667
0.907012218930856,-112.4375,31.6041666666667
0.908452048220401,-112.395833333333,31.6041666666667
0.903992651083455,-112.354166666667,31.6041666666667
0.892884472864788,-112.3125,31.6041666666667
0.864143999931152,-112.270833333333,31.6041666666667
0.84280228471912,-112.229166666667,31.6041666666667
0.822971387871393,-112.1875,31.6041666666667
0.769878848146857,-112.145833333333,31.6041666666667
0.71559277328151,-112.104166666667,31.6041666666667
0.706405310238485,-112.0625,31.6041666666667
0.662978267157877,-112.020833333333,31.6041666666667
0.6287925592203,-111.979166666667,31.6041666666667
0.641479606498967,-111.9375,31.6041666666667
0.728673073205289,-111.895833333333,31.6041666666667
0.745245943872332,-111.854166666667,31.6041666666667
0.737947755547993,-111.8125,31.6041666666667
0.781637430771411,-111.770833333333,31.6041666666667
0.820612776401771,-111.729166666667,31.6041666666667
0.845966826284269,-111.6875,31.6041666666667
0.91478312957928,-111.645833333333,31.6041666666667
0.841144250750312,-111.604166666667,31.6041666666667
0.705470313407253,-111.5625,31.6041666666667
0.622927208927635,-111.520833333333,31.6041666666667
0.542923299315629,-111.479166666667,31.6041666666667
0.548660997500056,-110.895833333333,31.6041666666667
0.500757656831836,-110.854166666667,31.6041666666667
0.529257777086537,-115.0625,31.5625
0.535308288492151,-115.020833333333,31.5625
0.540107115535576,-114.979166666667,31.5625
0.555004516269274,-114.9375,31.5625
0.564528827170899,-114.895833333333,31.5625
0.571090258558798,-114.854166666667,31.5625
0.680761392616671,-114.270833333333,31.5625
0.685272117402035,-114.229166666667,31.5625
0.691605656564956,-114.1875,31.5625
0.714846148608087,-114.145833333333,31.5625
0.729436171898592,-114.104166666667,31.5625
0.74047817709447,-114.0625,31.5625
0.752457866416218,-114.020833333333,31.5625
0.762801856421585,-113.979166666667,31.5625
0.828238433784954,-113.770833333333,31.5625
0.835753770398122,-113.729166666667,31.5625
0.840975837948141,-113.6875,31.5625
0.841275375650226,-113.645833333333,31.5625
0.849647206869505,-113.604166666667,31.5625
0.926351425158708,-113.5625,31.5625
0.928253765532863,-113.520833333333,31.5625
0.928192449257375,-113.479166666667,31.5625
0.93993731913776,-113.4375,31.5625
0.939355401525414,-113.395833333333,31.5625
0.941922444005841,-113.354166666667,31.5625
0.942737063908404,-113.3125,31.5625
0.943717726879008,-113.270833333333,31.5625
0.946380636956252,-113.229166666667,31.5625
0.949149386146786,-113.1875,31.5625
0.949617977752015,-113.145833333333,31.5625
0.938428786526919,-113.104166666667,31.5625
0.93513296832925,-113.0625,31.5625
0.939425118556766,-113.020833333333,31.5625
0.938990198812927,-112.979166666667,31.5625
0.93696227074868,-112.9375,31.5625
0.929476822353482,-112.895833333333,31.5625
0.922807103571172,-112.854166666667,31.5625
0.914584187518982,-112.8125,31.5625
0.904181580301553,-112.770833333333,31.5625
0.905770234224425,-112.729166666667,31.5625
0.900935201703953,-112.6875,31.5625
0.89795785931228,-112.645833333333,31.5625
0.902112823125984,-112.604166666667,31.5625
0.887037719582839,-112.5625,31.5625
0.878988959271815,-112.520833333333,31.5625
0.890995437068265,-112.479166666667,31.5625
0.899165197037902,-112.4375,31.5625
0.896406913426645,-112.395833333333,31.5625
0.891367319241986,-112.354166666667,31.5625
0.881729932053097,-112.3125,31.5625
0.860927541886338,-112.270833333333,31.5625
0.833143896337692,-112.229166666667,31.5625
0.811640227956007,-112.1875,31.5625
0.783378631039468,-112.145833333333,31.5625
0.742216201517134,-112.104166666667,31.5625
0.727606777471359,-112.0625,31.5625
0.689603587615724,-112.020833333333,31.5625
0.654112388518526,-111.979166666667,31.5625
0.675099726088989,-111.9375,31.5625
0.754811308622797,-111.895833333333,31.5625
0.766785813602303,-111.854166666667,31.5625
0.73309218271333,-111.8125,31.5625
0.782359186545998,-111.770833333333,31.5625
0.840344023572492,-111.729166666667,31.5625
0.861232929033002,-111.6875,31.5625
0.906622938450838,-111.645833333333,31.5625
0.866152200741725,-111.604166666667,31.5625
0.726211550431865,-111.5625,31.5625
0.652378421766228,-111.520833333333,31.5625
0.578538380384518,-111.479166666667,31.5625
0.512197503618313,-115.020833333333,31.5208333333333
0.522112352029667,-114.979166666667,31.5208333333333
0.537157743135137,-114.9375,31.5208333333333
0.543451729640522,-114.895833333333,31.5208333333333
0.550767605276232,-114.854166666667,31.5208333333333
0.680113110645687,-114.1875,31.5208333333333
0.688171295955548,-114.145833333333,31.5208333333333
0.708332405688339,-114.104166666667,31.5208333333333
0.725356334040918,-114.0625,31.5208333333333
0.738566488553811,-114.020833333333,31.5208333333333
0.829817267287592,-113.645833333333,31.5208333333333
0.83572770172003,-113.604166666667,31.5208333333333
0.912424297815723,-113.5625,31.5208333333333
0.917399253300926,-113.520833333333,31.5208333333333
0.917814837805459,-113.479166666667,31.5208333333333
0.918437166425243,-113.4375,31.5208333333333
0.92272103012982,-113.395833333333,31.5208333333333
0.926262318292914,-113.354166666667,31.5208333333333
0.927320543459965,-113.3125,31.5208333333333
0.932512673357656,-113.270833333333,31.5208333333333
0.934515817859949,-113.229166666667,31.5208333333333
0.934183615935145,-113.1875,31.5208333333333
0.935213257486069,-113.145833333333,31.5208333333333
0.930705987669717,-113.104166666667,31.5208333333333
0.926953229636845,-113.0625,31.5208333333333
0.928496521641726,-113.020833333333,31.5208333333333
0.928938623944733,-112.979166666667,31.5208333333333
0.926860235336513,-112.9375,31.5208333333333
0.920457665655789,-112.895833333333,31.5208333333333
0.905541693888958,-112.854166666667,31.5208333333333
0.906285711301022,-112.8125,31.5208333333333
0.904970498123784,-112.770833333333,31.5208333333333
0.901212075573802,-112.729166666667,31.5208333333333
0.896027048150863,-112.6875,31.5208333333333
0.891521254780809,-112.645833333333,31.5208333333333
0.893390928651357,-112.604166666667,31.5208333333333
0.88193308766325,-112.5625,31.5208333333333
0.871154381740166,-112.520833333333,31.5208333333333
0.880230043861407,-112.479166666667,31.5208333333333
0.883064916246445,-112.4375,31.5208333333333
0.869898318527076,-112.395833333333,31.5208333333333
0.86467244816113,-112.354166666667,31.5208333333333
0.863123029526173,-112.3125,31.5208333333333
0.853711585343204,-112.270833333333,31.5208333333333
0.826808864101588,-112.229166666667,31.5208333333333
0.801147241964726,-112.1875,31.5208333333333
0.780222931921768,-112.145833333333,31.5208333333333
0.722290421249329,-112.104166666667,31.5208333333333
0.705881226268775,-112.0625,31.5208333333333
0.710731368737827,-112.020833333333,31.5208333333333
0.68334270242462,-111.979166666667,31.5208333333333
0.677124668121037,-111.9375,31.5208333333333
0.671921315824447,-111.895833333333,31.5208333333333
0.679120367509655,-111.854166666667,31.5208333333333
0.68954560200294,-111.8125,31.5208333333333
0.718590129876155,-111.770833333333,31.5208333333333
0.797962504215178,-111.729166666667,31.5208333333333
0.837052316873253,-111.6875,31.5208333333333
0.833634060585173,-111.645833333333,31.5208333333333
0.825247394623021,-111.604166666667,31.5208333333333
0.714015253643455,-111.5625,31.5208333333333
0.647361513781727,-111.520833333333,31.5208333333333
0.602588747207361,-111.479166666667,31.5208333333333
0.539321529139849,-111.4375,31.5208333333333
0.503619988918364,-111.395833333333,31.5208333333333
0.607395788615653,-110.395833333333,31.5208333333333
0.54020612649038,-109.9375,31.5208333333333
0.5043884568846,-114.979166666667,31.4791666666667
0.518709808717413,-114.9375,31.4791666666667
0.525961388849146,-114.895833333333,31.4791666666667
0.532038131357604,-114.854166666667,31.4791666666667
0.826481036546073,-113.604166666667,31.4791666666667
0.827958704473425,-113.5625,31.4791666666667
0.83043161676032,-113.520833333333,31.4791666666667
0.904088127936093,-113.479166666667,31.4791666666667
0.905904357189055,-113.4375,31.4791666666667
0.912335816180459,-113.395833333333,31.4791666666667
0.911388909295873,-113.354166666667,31.4791666666667
0.910503795681624,-113.3125,31.4791666666667
0.913664413668211,-113.270833333333,31.4791666666667
0.91839569755639,-113.229166666667,31.4791666666667
0.917162930094645,-113.1875,31.4791666666667
0.917403690266243,-113.145833333333,31.4791666666667
0.922745063916112,-113.104166666667,31.4791666666667
0.922724170413438,-113.0625,31.4791666666667
0.914974387685336,-113.020833333333,31.4791666666667
0.91437276757331,-112.979166666667,31.4791666666667
0.910339630828386,-112.9375,31.4791666666667
0.906046987652648,-112.895833333333,31.4791666666667
0.898289034426797,-112.854166666667,31.4791666666667
0.898285855858187,-112.8125,31.4791666666667
0.899311287648306,-112.770833333333,31.4791666666667
0.893031001827816,-112.729166666667,31.4791666666667
0.884402664993126,-112.6875,31.4791666666667
0.880894935710927,-112.645833333333,31.4791666666667
0.881489102562829,-112.604166666667,31.4791666666667
0.874216664238969,-112.5625,31.4791666666667
0.867020768312204,-112.520833333333,31.4791666666667
0.868793385294337,-112.479166666667,31.4791666666667
0.85891507586005,-112.4375,31.4791666666667
0.833178003978523,-112.395833333333,31.4791666666667
0.828905717722082,-112.354166666667,31.4791666666667
0.835617821665333,-112.3125,31.4791666666667
0.83273398513058,-112.270833333333,31.4791666666667
0.815234187461939,-112.229166666667,31.4791666666667
0.79004032382884,-112.1875,31.4791666666667
0.770013121975147,-112.145833333333,31.4791666666667
0.726429636308855,-112.104166666667,31.4791666666667
0.706280709593205,-112.0625,31.4791666666667
0.715401028178641,-112.020833333333,31.4791666666667
0.697204243831748,-111.979166666667,31.4791666666667
0.669363075721583,-111.9375,31.4791666666667
0.654274350007509,-111.895833333333,31.4791666666667
0.649199005716181,-111.854166666667,31.4791666666667
0.63299557598637,-111.8125,31.4791666666667
0.637117688206853,-111.770833333333,31.4791666666667
0.695864485799007,-111.729166666667,31.4791666666667
0.732888238889011,-111.6875,31.4791666666667
0.727079814924349,-111.645833333333,31.4791666666667
0.713112072919829,-111.604166666667,31.4791666666667
0.671169106110741,-111.5625,31.4791666666667
0.634227638913542,-111.520833333333,31.4791666666667
0.60381241364184,-111.479166666667,31.4791666666667
0.544606637173502,-111.4375,31.4791666666667
0.505419128684565,-111.395833333333,31.4791666666667
0.54767226478809,-110.395833333333,31.4791666666667
0.634532501041533,-110.354166666667,31.4791666666667
0.616349212517625,-109.979166666667,31.4791666666667
0.641247392516225,-109.9375,31.4791666666667
0.512188623757009,-114.895833333333,31.4375
0.519961345383505,-114.854166666667,31.4375
0.803808662679644,-113.604166666667,31.4375
0.812445611828758,-113.5625,31.4375
0.82010076469476,-113.520833333333,31.4375
0.819755317930268,-113.479166666667,31.4375
0.818963479306437,-113.4375,31.4375
0.829451315851857,-113.395833333333,31.4375
0.902773232325529,-113.354166666667,31.4375
0.90151688561922,-113.3125,31.4375
0.900901755522364,-113.270833333333,31.4375
0.897208269379656,-113.229166666667,31.4375
0.900248003349606,-113.1875,31.4375
0.902804829413428,-113.145833333333,31.4375
0.908195358880622,-113.104166666667,31.4375
0.91084268583234,-113.0625,31.4375
0.905939224347863,-113.020833333333,31.4375
0.899656499538763,-112.979166666667,31.4375
0.894056707292313,-112.9375,31.4375
0.889173498180663,-112.895833333333,31.4375
0.888964933946148,-112.854166666667,31.4375
0.889968420573435,-112.8125,31.4375
0.886462381248562,-112.770833333333,31.4375
0.879349459362279,-112.729166666667,31.4375
0.868537957061248,-112.6875,31.4375
0.869466295169616,-112.645833333333,31.4375
0.867803803431725,-112.604166666667,31.4375
0.863541422408871,-112.5625,31.4375
0.850787215051766,-112.520833333333,31.4375
0.848243309004053,-112.479166666667,31.4375
0.830481443153979,-112.4375,31.4375
0.801896940738575,-112.395833333333,31.4375
0.807909359952567,-112.354166666667,31.4375
0.802308240522424,-112.3125,31.4375
0.807466987249844,-112.270833333333,31.4375
0.795941285870259,-112.229166666667,31.4375
0.779726353258243,-112.1875,31.4375
0.762674803092187,-112.145833333333,31.4375
0.736644390547973,-112.104166666667,31.4375
0.718473889546377,-112.0625,31.4375
0.710247666322948,-112.020833333333,31.4375
0.693688263309511,-111.979166666667,31.4375
0.667012778930522,-111.9375,31.4375
0.652739556274349,-111.895833333333,31.4375
0.64119022706356,-111.854166666667,31.4375
0.625170529645052,-111.8125,31.4375
0.628594263808116,-111.770833333333,31.4375
0.630281139086876,-111.729166666667,31.4375
0.615167723287377,-111.6875,31.4375
0.60483798057752,-111.645833333333,31.4375
0.609415253864862,-111.604166666667,31.4375
0.626626185157747,-111.5625,31.4375
0.601915181149189,-111.520833333333,31.4375
0.581709511962529,-111.479166666667,31.4375
0.529352404036858,-111.4375,31.4375
0.569933698554325,-111.145833333333,31.4375
0.882418603880955,-110.354166666667,31.4375
0.968525799712903,-110.3125,31.4375
0.625079337409379,-110.270833333333,31.4375
0.594279655704331,-109.979166666667,31.4375
0.655723633821017,-109.9375,31.4375
0.500533253732987,-109.895833333333,31.4375
0.50007107388516,-114.895833333333,31.3958333333333
0.781987117477637,-113.604166666667,31.3958333333333
0.787610848432649,-113.5625,31.3958333333333
0.80040246496163,-113.520833333333,31.3958333333333
0.808158061388173,-113.479166666667,31.3958333333333
0.805221693820995,-113.4375,31.3958333333333
0.806413711547796,-113.395833333333,31.3958333333333
0.813970877189011,-113.354166666667,31.3958333333333
0.890595788102863,-113.3125,31.3958333333333
0.891562611525125,-113.270833333333,31.3958333333333
0.884199579747446,-113.229166666667,31.3958333333333
0.88364300287187,-113.1875,31.3958333333333
0.887253715090207,-113.145833333333,31.3958333333333
0.890376454936082,-113.104166666667,31.3958333333333
0.895441672988773,-113.0625,31.3958333333333
0.895183264299851,-113.020833333333,31.3958333333333
0.88840345349771,-112.979166666667,31.3958333333333
0.883050801078973,-112.9375,31.3958333333333
0.878744764682572,-112.895833333333,31.3958333333333
0.875373377853253,-112.854166666667,31.3958333333333
0.877149988190335,-112.8125,31.3958333333333
0.873274670126164,-112.770833333333,31.3958333333333
0.866654465648992,-112.729166666667,31.3958333333333
0.862089586783331,-112.6875,31.3958333333333
0.861539794181129,-112.645833333333,31.3958333333333
0.860880934429311,-112.604166666667,31.3958333333333
0.85500644487852,-112.5625,31.3958333333333
0.840533270136995,-112.520833333333,31.3958333333333
0.831103968179171,-112.479166666667,31.3958333333333
0.809371140556353,-112.4375,31.3958333333333
0.780478056800355,-112.395833333333,31.3958333333333
0.787659799275671,-112.354166666667,31.3958333333333
0.775065949796824,-112.3125,31.3958333333333
0.776634620697455,-112.270833333333,31.3958333333333
0.775334652089626,-112.229166666667,31.3958333333333
0.771709795597444,-112.1875,31.3958333333333
0.758952533987019,-112.145833333333,31.3958333333333
0.738025239017932,-112.104166666667,31.3958333333333
0.720637182718968,-112.0625,31.3958333333333
0.701333064676002,-112.020833333333,31.3958333333333
0.679717626774797,-111.979166666667,31.3958333333333
0.662387049964061,-111.9375,31.3958333333333
0.645738960111238,-111.895833333333,31.3958333333333
0.629895490399307,-111.854166666667,31.3958333333333
0.630164171612736,-111.8125,31.3958333333333
0.625272416733361,-111.770833333333,31.3958333333333
0.604955987695866,-111.729166666667,31.3958333333333
0.588660694349145,-111.6875,31.3958333333333
0.578950992245507,-111.645833333333,31.3958333333333
0.580768863815926,-111.604166666667,31.3958333333333
0.577187944196144,-111.5625,31.3958333333333
0.552316372278499,-111.520833333333,31.3958333333333
0.541880156150179,-111.479166666667,31.3958333333333
0.50840176333266,-111.4375,31.3958333333333
0.541117337612957,-111.145833333333,31.3958333333333
0.652595339953138,-110.354166666667,31.3958333333333
0.999591437713565,-110.3125,31.3958333333333
0.973442114508447,-110.270833333333,31.3958333333333
0.741720990673488,-113.604166666667,31.3541666666667
0.760310986996173,-113.5625,31.3541666666667
0.767740411629686,-113.520833333333,31.3541666666667
0.781068498154845,-113.479166666667,31.3541666666667
0.785913083080706,-113.4375,31.3541666666667
0.780433484497412,-113.395833333333,31.3541666666667
0.78924962759796,-113.354166666667,31.3541666666667
0.798587032452841,-113.3125,31.3541666666667
0.795928929460004,-113.270833333333,31.3541666666667
0.870711610465812,-113.229166666667,31.3541666666667
0.869989942717106,-113.1875,31.3541666666667
0.870586095372642,-113.145833333333,31.3541666666667
0.873339677073359,-113.104166666667,31.3541666666667
0.875390144247215,-113.0625,31.3541666666667
0.872166376163453,-113.020833333333,31.3541666666667
0.873914979033226,-112.979166666667,31.3541666666667
0.870809440081389,-112.9375,31.3541666666667
0.868044162256264,-112.895833333333,31.3541666666667
0.860165878445131,-112.854166666667,31.3541666666667
0.860601192594196,-112.8125,31.3541666666667
0.856821549993514,-112.770833333333,31.3541666666667
0.852502341470522,-112.729166666667,31.3541666666667
0.856236212851186,-112.6875,31.3541666666667
0.856173936779256,-112.645833333333,31.3541666666667
0.855151626136019,-112.604166666667,31.3541666666667
0.846032344390277,-112.5625,31.3541666666667
0.830629378749787,-112.520833333333,31.3541666666667
0.819545315590254,-112.479166666667,31.3541666666667
0.802072849974981,-112.4375,31.3541666666667
0.774896365454745,-112.395833333333,31.3541666666667
0.768742668780619,-112.354166666667,31.3541666666667
0.755342574700591,-112.3125,31.3541666666667
0.754892279457387,-112.270833333333,31.3541666666667
0.762579387192362,-112.229166666667,31.3541666666667
0.765158713261763,-112.1875,31.3541666666667
0.75464154180361,-112.145833333333,31.3541666666667
0.736376040914257,-112.104166666667,31.3541666666667
0.716927200866574,-112.0625,31.3541666666667
0.697429706769484,-112.020833333333,31.3541666666667
0.675192771536018,-111.979166666667,31.3541666666667
0.661458564545857,-111.9375,31.3541666666667
0.640517821920871,-111.895833333333,31.3541666666667
0.631247408853291,-111.854166666667,31.3541666666667
0.627082668855682,-111.8125,31.3541666666667
0.617707721604242,-111.770833333333,31.3541666666667
0.603214676412168,-111.729166666667,31.3541666666667
0.593151019899258,-111.6875,31.3541666666667
0.574841418276412,-111.645833333333,31.3541666666667
0.56424170527859,-111.604166666667,31.3541666666667
0.564831563129746,-111.5625,31.3541666666667
0.541099705272084,-111.520833333333,31.3541666666667
0.509496611093798,-111.479166666667,31.3541666666667
0.528781209137964,-111.145833333333,31.3541666666667
0.766127559624685,-110.3125,31.3541666666667
0.938568878866421,-110.270833333333,31.3541666666667
0.534280832490534,-110.229166666667,31.3541666666667
0.68317399036418,-113.520833333333,31.3125
0.716442330749955,-113.479166666667,31.3125
0.765448867514247,-113.4375,31.3125
0.762738878825663,-113.395833333333,31.3125
0.761727585072743,-113.354166666667,31.3125
0.773032806366306,-113.3125,31.3125
0.770832910113404,-113.270833333333,31.3125
0.767553601910818,-113.229166666667,31.3125
0.773307440534728,-113.1875,31.3125
0.853561662735537,-113.145833333333,31.3125
0.857808937361418,-113.104166666667,31.3125
0.853949071250904,-113.0625,31.3125
0.850453095238427,-113.020833333333,31.3125
0.852102904134463,-112.979166666667,31.3125
0.847741369712684,-112.9375,31.3125
0.84778915164182,-112.895833333333,31.3125
0.838879423130677,-112.854166666667,31.3125
0.842888835994266,-112.8125,31.3125
0.841138378734984,-112.770833333333,31.3125
0.833988023084303,-112.729166666667,31.3125
0.830265078389903,-112.6875,31.3125
0.835145599701488,-112.645833333333,31.3125
0.838586028576122,-112.604166666667,31.3125
0.829786960668494,-112.5625,31.3125
0.819386718408974,-112.520833333333,31.3125
0.8114229358545,-112.479166666667,31.3125
0.795302692046464,-112.4375,31.3125
0.787355740849181,-112.395833333333,31.3125
0.769102560850817,-112.354166666667,31.3125
0.749052024668962,-112.3125,31.3125
0.746007598630256,-112.270833333333,31.3125
0.751378099832058,-112.229166666667,31.3125
0.756575806895817,-112.1875,31.3125
0.748022616759,-112.145833333333,31.3125
0.736978802566873,-112.104166666667,31.3125
0.710029098927059,-112.0625,31.3125
0.691114402299275,-112.020833333333,31.3125
0.673801847453473,-111.979166666667,31.3125
0.654754685735574,-111.9375,31.3125
0.644104451477787,-111.895833333333,31.3125
0.633033131259643,-111.854166666667,31.3125
0.625415404841432,-111.8125,31.3125
0.607726236670501,-111.770833333333,31.3125
0.594124007570836,-111.729166666667,31.3125
0.586416340057602,-111.6875,31.3125
0.569360662364253,-111.645833333333,31.3125
0.546818776901786,-111.604166666667,31.3125
0.541995060707672,-111.5625,31.3125
0.523561630591392,-111.520833333333,31.3125
0.535202735290829,-110.270833333333,31.3125
0.73477565569241,-113.354166666667,31.2708333333333
0.752974962937257,-113.3125,31.2708333333333
0.754007985390003,-113.270833333333,31.2708333333333
0.748711942208345,-113.229166666667,31.2708333333333
0.754376695543516,-113.1875,31.2708333333333
0.752478169215953,-113.145833333333,31.2708333333333
0.834266528055414,-113.104166666667,31.2708333333333
0.837460588880578,-113.0625,31.2708333333333
0.833996248641003,-113.020833333333,31.2708333333333
0.830665610238904,-112.979166666667,31.2708333333333
0.829634892083333,-112.9375,31.2708333333333
0.823484645705826,-112.895833333333,31.2708333333333
0.815990843821885,-112.854166666667,31.2708333333333
0.825902185328087,-112.8125,31.2708333333333
0.82864818393385,-112.770833333333,31.2708333333333
0.822746765758826,-112.729166666667,31.2708333333333
0.814417899054725,-112.6875,31.2708333333333
0.813003793042214,-112.645833333333,31.2708333333333
0.811057784821179,-112.604166666667,31.2708333333333
0.79862487766586,-112.5625,31.2708333333333
0.798482138954473,-112.520833333333,31.2708333333333
0.797776502546267,-112.479166666667,31.2708333333333
0.788919619995778,-112.4375,31.2708333333333
0.776761514416987,-112.395833333333,31.2708333333333
0.765367635018964,-112.354166666667,31.2708333333333
0.743617808498987,-112.3125,31.2708333333333
0.739510789627209,-112.270833333333,31.2708333333333
0.74388655220155,-112.229166666667,31.2708333333333
0.734334261377588,-112.1875,31.2708333333333
0.724465107206221,-112.145833333333,31.2708333333333
0.727562863143351,-112.104166666667,31.2708333333333
0.706102837077427,-112.0625,31.2708333333333
0.687983481991793,-112.020833333333,31.2708333333333
0.674817544663323,-111.979166666667,31.2708333333333
0.655880371982916,-111.9375,31.2708333333333
0.650228056849322,-111.895833333333,31.2708333333333
0.635343766719531,-111.854166666667,31.2708333333333
0.621531993492039,-111.8125,31.2708333333333
0.602460724343283,-111.770833333333,31.2708333333333
0.589054197250652,-111.729166666667,31.2708333333333
0.572981550833824,-111.6875,31.2708333333333
0.56382418222206,-111.645833333333,31.2708333333333
0.537769883230855,-111.604166666667,31.2708333333333
0.52641910999979,-111.5625,31.2708333333333
0.505753159036502,-111.520833333333,31.2708333333333
0.569480793727995,-110.020833333333,31.2708333333333
0.736569306508295,-113.1875,31.2291666666667
0.73205239228818,-113.145833333333,31.2291666666667
0.729977968857643,-113.104166666667,31.2291666666667
0.813342960421957,-113.0625,31.2291666666667
0.809066845333616,-113.020833333333,31.2291666666667
0.802544489685276,-112.979166666667,31.2291666666667
0.808880224932995,-112.9375,31.2291666666667
0.808515083196779,-112.895833333333,31.2291666666667
0.79940311364719,-112.854166666667,31.2291666666667
0.802710939532707,-112.8125,31.2291666666667
0.806988399847232,-112.770833333333,31.2291666666667
0.801623020236372,-112.729166666667,31.2291666666667
0.798028880072062,-112.6875,31.2291666666667
0.797768959857844,-112.645833333333,31.2291666666667
0.794782975897822,-112.604166666667,31.2291666666667
0.784030759384869,-112.5625,31.2291666666667
0.780167143466416,-112.520833333333,31.2291666666667
0.778688795271967,-112.479166666667,31.2291666666667
0.778138535006431,-112.4375,31.2291666666667
0.768436433129766,-112.395833333333,31.2291666666667
0.761083615128839,-112.354166666667,31.2291666666667
0.74689553354246,-112.3125,31.2291666666667
0.725590321368711,-112.270833333333,31.2291666666667
0.713101365912249,-112.229166666667,31.2291666666667
0.69569682234535,-112.1875,31.2291666666667
0.692577129244749,-112.145833333333,31.2291666666667
0.69821462396688,-112.104166666667,31.2291666666667
0.692132535065508,-112.0625,31.2291666666667
0.68496305005081,-112.020833333333,31.2291666666667
0.669535229516713,-111.979166666667,31.2291666666667
0.659639993107458,-111.9375,31.2291666666667
0.640144970320665,-111.895833333333,31.2291666666667
0.627027365106221,-111.854166666667,31.2291666666667
0.608671098335643,-111.8125,31.2291666666667
0.593678739350418,-111.770833333333,31.2291666666667
0.590681892561182,-111.729166666667,31.2291666666667
0.574604450792314,-111.6875,31.2291666666667
0.553193076464997,-111.645833333333,31.2291666666667
0.529907327996864,-111.604166666667,31.2291666666667
0.512545114461055,-111.5625,31.2291666666667
0.70102123942886,-113.0625,31.1875
0.703451487168629,-113.020833333333,31.1875
0.77590756426833,-112.979166666667,31.1875
0.775756180789676,-112.9375,31.1875
0.786510660756682,-112.895833333333,31.1875
0.783495723515224,-112.854166666667,31.1875
0.778633174091262,-112.8125,31.1875
0.782325390272453,-112.770833333333,31.1875
0.781110898412534,-112.729166666667,31.1875
0.778348072976514,-112.6875,31.1875
0.779852735071568,-112.645833333333,31.1875
0.776680224972879,-112.604166666667,31.1875
0.769742155160475,-112.5625,31.1875
0.763030289745565,-112.520833333333,31.1875
0.760376877889871,-112.479166666667,31.1875
0.751289198435117,-112.4375,31.1875
0.748082432789586,-112.395833333333,31.1875
0.755420895612708,-112.354166666667,31.1875
0.744034468068289,-112.3125,31.1875
0.709802411890287,-112.270833333333,31.1875
0.684797555310179,-112.229166666667,31.1875
0.684014243378061,-112.1875,31.1875
0.693271375427496,-112.145833333333,31.1875
0.675045542603918,-112.104166666667,31.1875
0.668840557060871,-112.0625,31.1875
0.670654010376057,-112.020833333333,31.1875
0.661646674845506,-111.979166666667,31.1875
0.644721234057763,-111.9375,31.1875
0.619035914870371,-111.895833333333,31.1875
0.607810208301794,-111.854166666667,31.1875
0.603619495226529,-111.8125,31.1875
0.584219869104434,-111.770833333333,31.1875
0.589486029303431,-111.729166666667,31.1875
0.561866094681077,-111.6875,31.1875
0.523089596958079,-111.645833333333,31.1875
0.52203956596325,-111.604166666667,31.1875
0.513598930277869,-115.520833333333,31.1458333333333
0.664327094880832,-113.0625,31.1458333333333
0.671309968466012,-113.020833333333,31.1458333333333
0.669409750973079,-112.979166666667,31.1458333333333
0.748384821899909,-112.9375,31.1458333333333
0.753912653680272,-112.895833333333,31.1458333333333
0.743955843743568,-112.854166666667,31.1458333333333
0.744372488581946,-112.8125,31.1458333333333
0.752433374749701,-112.770833333333,31.1458333333333
0.757124287694172,-112.729166666667,31.1458333333333
0.766371612016713,-112.6875,31.1458333333333
0.756995145020976,-112.645833333333,31.1458333333333
0.753852730990841,-112.604166666667,31.1458333333333
0.759830718747755,-112.5625,31.1458333333333
0.754264737725,-112.520833333333,31.1458333333333
0.747333550438243,-112.479166666667,31.1458333333333
0.735464094361778,-112.4375,31.1458333333333
0.723717276397431,-112.395833333333,31.1458333333333
0.738978445303597,-112.354166666667,31.1458333333333
0.747801759312974,-112.3125,31.1458333333333
0.723403948657628,-112.270833333333,31.1458333333333
0.701888613588795,-112.229166666667,31.1458333333333
0.698050526770612,-112.1875,31.1458333333333
0.691279120417748,-112.145833333333,31.1458333333333
0.662702153727749,-112.104166666667,31.1458333333333
0.659416119399371,-112.0625,31.1458333333333
0.661163823158813,-112.020833333333,31.1458333333333
0.657306892165895,-111.979166666667,31.1458333333333
0.639743258900412,-111.9375,31.1458333333333
0.619730510921924,-111.895833333333,31.1458333333333
0.606834664065898,-111.854166666667,31.1458333333333
0.594446139491667,-111.8125,31.1458333333333
0.582355723897862,-111.770833333333,31.1458333333333
0.580658293311163,-111.729166666667,31.1458333333333
0.540998381349009,-111.6875,31.1458333333333
0.519622336316904,-111.604166666667,31.1458333333333
0.739541104117321,-115.520833333333,31.1041666666667
0.713951897810084,-115.479166666667,31.1041666666667
0.638503402835685,-113.020833333333,31.1041666666667
0.64857642783507,-112.979166666667,31.1041666666667
0.649899731401137,-112.9375,31.1041666666667
0.732034065816892,-112.895833333333,31.1041666666667
0.72005328153861,-112.854166666667,31.1041666666667
0.724708084499454,-112.8125,31.1041666666667
0.731218822346571,-112.770833333333,31.1041666666667
0.733081059545837,-112.729166666667,31.1041666666667
0.748486244980129,-112.6875,31.1041666666667
0.742842814366193,-112.645833333333,31.1041666666667
0.731510841443748,-112.604166666667,31.1041666666667
0.742014783994402,-112.5625,31.1041666666667
0.738861695625442,-112.520833333333,31.1041666666667
0.736067223570776,-112.479166666667,31.1041666666667
0.730574325531206,-112.4375,31.1041666666667
0.725677378497459,-112.395833333333,31.1041666666667
0.730162142387885,-112.354166666667,31.1041666666667
0.736957686681148,-112.3125,31.1041666666667
0.727165820454485,-112.270833333333,31.1041666666667
0.715345536154592,-112.229166666667,31.1041666666667
0.708537393557752,-112.1875,31.1041666666667
0.683905176900211,-112.145833333333,31.1041666666667
0.669248913602379,-112.104166666667,31.1041666666667
0.656084694896414,-112.0625,31.1041666666667
0.646173857042768,-112.020833333333,31.1041666666667
0.643715520925265,-111.979166666667,31.1041666666667
0.625860304448866,-111.9375,31.1041666666667
0.616673709433089,-111.895833333333,31.1041666666667
0.610054745972243,-111.854166666667,31.1041666666667
0.588778622346003,-111.8125,31.1041666666667
0.574641212458113,-111.770833333333,31.1041666666667
0.574421096309275,-111.729166666667,31.1041666666667
0.547524066608958,-111.6875,31.1041666666667
0.50818345206655,-111.645833333333,31.1041666666667
0.510044001783202,-111.604166666667,31.1041666666667
0.640948364555852,-115.5625,31.0625
0.818856329517227,-115.520833333333,31.0625
0.844830077933119,-115.479166666667,31.0625
0.54044256089224,-115.4375,31.0625
0.623691478609929,-113.020833333333,31.0625
0.638693263417218,-112.979166666667,31.0625
0.63861303976655,-112.9375,31.0625
0.636809967919932,-112.895833333333,31.0625
0.719218665873226,-112.854166666667,31.0625
0.719649462534718,-112.8125,31.0625
0.716959286433752,-112.770833333333,31.0625
0.71342750473868,-112.729166666667,31.0625
0.723886416968625,-112.6875,31.0625
0.724009189716912,-112.645833333333,31.0625
0.715486139823976,-112.604166666667,31.0625
0.71785277335512,-112.5625,31.0625
0.724319327446296,-112.520833333333,31.0625
0.726264982446695,-112.479166666667,31.0625
0.723302284380349,-112.4375,31.0625
0.719580848868078,-112.395833333333,31.0625
0.719620645303508,-112.354166666667,31.0625
0.721611730642497,-112.3125,31.0625
0.70281984493157,-112.270833333333,31.0625
0.682093206235728,-112.229166666667,31.0625
0.694636666365516,-112.1875,31.0625
0.673061868769146,-112.145833333333,31.0625
0.662922207179943,-112.104166666667,31.0625
0.656188555155992,-112.0625,31.0625
0.638828624007039,-112.020833333333,31.0625
0.631729841269449,-111.979166666667,31.0625
0.615114329556555,-111.9375,31.0625
0.606541116365202,-111.895833333333,31.0625
0.608341835726268,-111.854166666667,31.0625
0.586789075856463,-111.8125,31.0625
0.566662007611051,-111.770833333333,31.0625
0.564309175756329,-111.729166666667,31.0625
0.546533058124989,-111.6875,31.0625
0.529357133486003,-111.645833333333,31.0625
0.516927719852686,-111.604166666667,31.0625
0.50241680012794,-111.5625,31.0625
0.52663425807351,-115.604166666667,31.0208333333333
0.848448253112799,-115.5625,31.0208333333333
0.869379897224015,-115.520833333333,31.0208333333333
0.879243692601668,-115.479166666667,31.0208333333333
0.748304650514716,-115.4375,31.0208333333333
0.598552754567828,-113.104166666667,31.0208333333333
0.612625109701247,-113.0625,31.0208333333333
0.619197485401893,-113.020833333333,31.0208333333333
0.623244936236662,-112.979166666667,31.0208333333333
0.623950532525005,-112.9375,31.0208333333333
0.628390405575429,-112.895833333333,31.0208333333333
0.631851610231768,-112.854166666667,31.0208333333333
0.709217825805795,-112.8125,31.0208333333333
0.703986630665298,-112.770833333333,31.0208333333333
0.696098928679433,-112.729166666667,31.0208333333333
0.705618331073489,-112.6875,31.0208333333333
0.701540992187172,-112.645833333333,31.0208333333333
0.68609552311521,-112.604166666667,31.0208333333333
0.681168161386007,-112.5625,31.0208333333333
0.698436771053218,-112.520833333333,31.0208333333333
0.716802602480772,-112.479166666667,31.0208333333333
0.70724843857134,-112.4375,31.0208333333333
0.700799305166633,-112.395833333333,31.0208333333333
0.702962906133967,-112.354166666667,31.0208333333333
0.696297429991849,-112.3125,31.0208333333333
0.666627320797643,-112.270833333333,31.0208333333333
0.635034085750564,-112.229166666667,31.0208333333333
0.668847092364552,-112.1875,31.0208333333333
0.669778029434345,-112.145833333333,31.0208333333333
0.666399014760597,-112.104166666667,31.0208333333333
0.656010651108041,-112.0625,31.0208333333333
0.638433362921446,-112.020833333333,31.0208333333333
0.625022585201243,-111.979166666667,31.0208333333333
0.60939276479004,-111.9375,31.0208333333333
0.603864177460786,-111.895833333333,31.0208333333333
0.597633909290437,-111.854166666667,31.0208333333333
0.586083366379009,-111.8125,31.0208333333333
0.562459979709836,-111.770833333333,31.0208333333333
0.557203595518956,-111.729166666667,31.0208333333333
0.552810779532088,-111.6875,31.0208333333333
0.519550285982904,-111.645833333333,31.0208333333333
0.501355906142849,-111.604166666667,31.0208333333333
0.576060744036089,-115.604166666667,30.9791666666667
0.864696834583374,-115.5625,30.9791666666667
0.89081270261291,-115.520833333333,30.9791666666667
0.870571653102389,-115.479166666667,30.9791666666667
0.862428893862563,-115.4375,30.9791666666667
0.770304183919523,-115.395833333333,30.9791666666667
0.51178276399629,-114.8125,30.9791666666667
0.608006360171979,-113.0625,30.9791666666667
0.614444607041506,-113.020833333333,30.9791666666667
0.60990825898917,-112.979166666667,30.9791666666667
0.611667286135732,-112.9375,30.9791666666667
0.624058410831057,-112.895833333333,30.9791666666667
0.629993874383848,-112.854166666667,30.9791666666667
0.703502248021165,-112.8125,30.9791666666667
0.694517455262518,-112.770833333333,30.9791666666667
0.690259838322231,-112.729166666667,30.9791666666667
0.69486380104931,-112.6875,30.9791666666667
0.687568767135625,-112.645833333333,30.9791666666667
0.665032226126149,-112.604166666667,30.9791666666667
0.65444896690692,-112.5625,30.9791666666667
0.667588571068178,-112.520833333333,30.9791666666667
0.674770126784947,-112.479166666667,30.9791666666667
0.659617442451491,-112.4375,30.9791666666667
0.665317989865302,-112.395833333333,30.9791666666667
0.683200217296565,-112.354166666667,30.9791666666667
0.676770190786128,-112.3125,30.9791666666667
0.652899531876722,-112.270833333333,30.9791666666667
0.634372709846145,-112.229166666667,30.9791666666667
0.638336627568696,-112.1875,30.9791666666667
0.655473232033126,-112.145833333333,30.9791666666667
0.658028769625319,-112.104166666667,30.9791666666667
0.64397697178091,-112.0625,30.9791666666667
0.630069450462005,-112.020833333333,30.9791666666667
0.618537254259623,-111.979166666667,30.9791666666667
0.611737856053564,-111.9375,30.9791666666667
0.608214907445415,-111.895833333333,30.9791666666667
0.600738280302636,-111.854166666667,30.9791666666667
0.583664936687988,-111.8125,30.9791666666667
0.563057670361939,-111.770833333333,30.9791666666667
0.55154546753044,-111.729166666667,30.9791666666667
0.553884637480044,-111.6875,30.9791666666667
0.529825402143068,-111.645833333333,30.9791666666667
0.50758749015656,-111.604166666667,30.9791666666667
0.758414247082553,-115.5625,30.9375
0.86840140441651,-115.520833333333,30.9375
0.859720293344164,-115.479166666667,30.9375
0.842184119964961,-115.4375,30.9375
0.81718927341572,-115.395833333333,30.9375
0.571797554071054,-115.354166666667,30.9375
0.500520493894435,-114.8125,30.9375
0.501061986330027,-114.770833333333,30.9375
0.602216493861396,-113.0625,30.9375
0.606006136808864,-113.020833333333,30.9375
0.604568270502559,-112.979166666667,30.9375
0.609692620407114,-112.9375,30.9375
0.623544677936194,-112.895833333333,30.9375
0.627402888288899,-112.854166666667,30.9375
0.703188810451903,-112.8125,30.9375
0.695890796595656,-112.770833333333,30.9375
0.690805164483685,-112.729166666667,30.9375
0.696089854595471,-112.6875,30.9375
0.687179605346968,-112.645833333333,30.9375
0.669245896245628,-112.604166666667,30.9375
0.657053125922832,-112.5625,30.9375
0.651418695256845,-112.520833333333,30.9375
0.646139095542439,-112.479166666667,30.9375
0.637218608633896,-112.4375,30.9375
0.631842615256675,-112.395833333333,30.9375
0.648412808026787,-112.354166666667,30.9375
0.65072830186745,-112.3125,30.9375
0.633545973946587,-112.270833333333,30.9375
0.628695046348607,-112.229166666667,30.9375
0.638190449268101,-112.1875,30.9375
0.633405856577227,-112.145833333333,30.9375
0.625709854350651,-112.104166666667,30.9375
0.618880900920724,-112.0625,30.9375
0.618138463484004,-112.020833333333,30.9375
0.609047235402949,-111.979166666667,30.9375
0.602285271188156,-111.9375,30.9375
0.609674852683877,-111.895833333333,30.9375
0.613981341969342,-111.854166666667,30.9375
0.599849890829614,-111.8125,30.9375
0.574442692050694,-111.770833333333,30.9375
0.557959347375512,-111.729166666667,30.9375
0.553055245680115,-111.6875,30.9375
0.52910116187038,-111.645833333333,30.9375
0.512811198855908,-111.604166666667,30.9375
0.668356318670037,-115.5625,30.8958333333333
0.808306412012222,-115.520833333333,30.8958333333333
0.831548801300459,-115.479166666667,30.8958333333333
0.816678478193283,-115.4375,30.8958333333333
0.794961880937518,-115.395833333333,30.8958333333333
0.647281135014646,-115.354166666667,30.8958333333333
0.596448635683785,-113.0625,30.8958333333333
0.599763199572567,-113.020833333333,30.8958333333333
0.602443777624298,-112.979166666667,30.8958333333333
0.607418901416239,-112.9375,30.8958333333333
0.617696079075538,-112.895833333333,30.8958333333333
0.701299753420117,-112.854166666667,30.8958333333333
0.699255783000204,-112.8125,30.8958333333333
0.694536383441231,-112.770833333333,30.8958333333333
0.690790738574342,-112.729166666667,30.8958333333333
0.69802319978754,-112.6875,30.8958333333333
0.695376214289896,-112.645833333333,30.8958333333333
0.680205379969799,-112.604166666667,30.8958333333333
0.663506486028877,-112.5625,30.8958333333333
0.650608154441289,-112.520833333333,30.8958333333333
0.643198880923444,-112.479166666667,30.8958333333333
0.646666868394588,-112.4375,30.8958333333333
0.639626349382349,-112.395833333333,30.8958333333333
0.632626056260201,-112.354166666667,30.8958333333333
0.633047148980142,-112.3125,30.8958333333333
0.620686628547396,-112.270833333333,30.8958333333333
0.612526675588247,-112.229166666667,30.8958333333333
0.615203592825002,-112.1875,30.8958333333333
0.620163414691719,-112.145833333333,30.8958333333333
0.620352622335793,-112.104166666667,30.8958333333333
0.60784239747898,-112.0625,30.8958333333333
0.613772932327019,-112.020833333333,30.8958333333333
0.614002767163437,-111.979166666667,30.8958333333333
0.603589797230226,-111.9375,30.8958333333333
0.602850107635582,-111.895833333333,30.8958333333333
0.615136346210819,-111.854166666667,30.8958333333333
0.613544906658098,-111.8125,30.8958333333333
0.592178176751233,-111.770833333333,30.8958333333333
0.561957358319752,-111.729166666667,30.8958333333333
0.552681210179823,-111.6875,30.8958333333333
0.547793566626733,-111.645833333333,30.8958333333333
0.534522770711038,-111.604166666667,30.8958333333333
0.511584455131494,-111.5625,30.8958333333333
0.639706852224189,-115.520833333333,30.8541666666667
0.736260300457557,-115.479166666667,30.8541666666667
0.771060813695623,-115.4375,30.8541666666667
0.766828041551296,-115.395833333333,30.8541666666667
0.609570714591925,-115.354166666667,30.8541666666667
0.592995193512284,-113.104166666667,30.8541666666667
0.594658747781332,-113.0625,30.8541666666667
0.600422356884669,-113.020833333333,30.8541666666667
0.605448300564979,-112.979166666667,30.8541666666667
0.606433427357286,-112.9375,30.8541666666667
0.61424400192279,-112.895833333333,30.8541666666667
0.69555176530021,-112.854166666667,30.8541666666667
0.691586150931026,-112.8125,30.8541666666667
0.68743556285743,-112.770833333333,30.8541666666667
0.685686598284056,-112.729166666667,30.8541666666667
0.690301037274632,-112.6875,30.8541666666667
0.695505370157551,-112.645833333333,30.8541666666667
0.689623462585628,-112.604166666667,30.8541666666667
0.67497821642727,-112.5625,30.8541666666667
0.660432188105322,-112.520833333333,30.8541666666667
0.642882732182297,-112.479166666667,30.8541666666667
0.649014232988515,-112.4375,30.8541666666667
0.651811934745993,-112.395833333333,30.8541666666667
0.63589647389352,-112.354166666667,30.8541666666667
0.622608752446488,-112.3125,30.8541666666667
0.609777592249222,-112.270833333333,30.8541666666667
0.606068790521769,-112.229166666667,30.8541666666667
0.613356958479409,-112.1875,30.8541666666667
0.617668249067891,-112.145833333333,30.8541666666667
0.600514306781523,-112.104166666667,30.8541666666667
0.598822388532471,-112.0625,30.8541666666667
0.61555986832123,-112.020833333333,30.8541666666667
0.616867963387238,-111.979166666667,30.8541666666667
0.612690119076173,-111.9375,30.8541666666667
0.606500769980353,-111.895833333333,30.8541666666667
0.612291276576066,-111.854166666667,30.8541666666667
0.615140120775964,-111.8125,30.8541666666667
0.599449393274914,-111.770833333333,30.8541666666667
0.577898862101269,-111.729166666667,30.8541666666667
0.565205030047983,-111.6875,30.8541666666667
0.568934963243414,-111.645833333333,30.8541666666667
0.567993045494505,-111.604166666667,30.8541666666667
0.551251226591731,-111.5625,30.8541666666667
0.501972372844172,-115.479166666667,30.8125
0.612901711411382,-115.4375,30.8125
0.673117786149397,-115.395833333333,30.8125
0.663413243780402,-115.354166666667,30.8125
0.598018220365635,-113.104166666667,30.8125
0.597586557440433,-113.0625,30.8125
0.59908754232465,-113.020833333333,30.8125
0.604803427650378,-112.979166666667,30.8125
0.60424040640447,-112.9375,30.8125
0.606956966549822,-112.895833333333,30.8125
0.690796971470092,-112.854166666667,30.8125
0.689711619906644,-112.8125,30.8125
0.683656057212272,-112.770833333333,30.8125
0.67952627987582,-112.729166666667,30.8125
0.679421068437646,-112.6875,30.8125
0.689554841960137,-112.645833333333,30.8125
0.699873691147716,-112.604166666667,30.8125
0.695846045851277,-112.5625,30.8125
0.679007330580245,-112.520833333333,30.8125
0.64902847416348,-112.479166666667,30.8125
0.641544648521917,-112.4375,30.8125
0.648274518690682,-112.395833333333,30.8125
0.64202716947104,-112.354166666667,30.8125
0.622224683326547,-112.3125,30.8125
0.615810900945642,-112.270833333333,30.8125
0.623099136286424,-112.229166666667,30.8125
0.619157991041241,-112.1875,30.8125
0.616898639578183,-112.145833333333,30.8125
0.610695183212658,-112.104166666667,30.8125
0.60670164664124,-112.0625,30.8125
0.61782482700298,-112.020833333333,30.8125
0.618440967000636,-111.979166666667,30.8125
0.614497540975427,-111.9375,30.8125
0.611212669388162,-111.895833333333,30.8125
0.620020621951351,-111.854166666667,30.8125
0.625910021014286,-111.8125,30.8125
0.595370337038325,-111.770833333333,30.8125
0.573807259825899,-111.729166666667,30.8125
0.575825748647239,-111.6875,30.8125
0.573418674475559,-111.645833333333,30.8125
0.564852101562946,-111.604166666667,30.8125
0.549682664543548,-111.5625,30.8125
0.518621814194942,-115.395833333333,30.7708333333333
0.617579399058232,-115.354166666667,30.7708333333333
0.575460007495451,-115.3125,30.7708333333333
0.597243165076121,-113.104166666667,30.7708333333333
0.595401557047506,-113.0625,30.7708333333333
0.596629764984469,-113.020833333333,30.7708333333333
0.598998633707197,-112.979166666667,30.7708333333333
0.601604182530425,-112.9375,30.7708333333333
0.600981596894385,-112.895833333333,30.7708333333333
0.688411804788102,-112.854166666667,30.7708333333333
0.694797582894093,-112.8125,30.7708333333333
0.688099678633871,-112.770833333333,30.7708333333333
0.681115531045717,-112.729166666667,30.7708333333333
0.673200161310499,-112.6875,30.7708333333333
0.688898225241708,-112.645833333333,30.7708333333333
0.701786689384558,-112.604166666667,30.7708333333333
0.699518638051889,-112.5625,30.7708333333333
0.687478111454051,-112.520833333333,30.7708333333333
0.662964057852778,-112.479166666667,30.7708333333333
0.642048620790539,-112.4375,30.7708333333333
0.640781148030167,-112.395833333333,30.7708333333333
0.642259328579931,-112.354166666667,30.7708333333333
0.633289069160479,-112.3125,30.7708333333333
0.621874033232313,-112.270833333333,30.7708333333333
0.626640950788748,-112.229166666667,30.7708333333333
0.627928711652043,-112.1875,30.7708333333333
0.6205279717118,-112.145833333333,30.7708333333333
0.61362697683008,-112.104166666667,30.7708333333333
0.611396045575578,-112.0625,30.7708333333333
0.612933446388387,-112.020833333333,30.7708333333333
0.62665671966333,-111.979166666667,30.7708333333333
0.628153988836577,-111.9375,30.7708333333333
0.616963451779344,-111.895833333333,30.7708333333333
0.618898636669501,-111.854166666667,30.7708333333333
0.627503231153112,-111.8125,30.7708333333333
0.608689010007178,-111.770833333333,30.7708333333333
0.583524416647157,-111.729166666667,30.7708333333333
0.57870878999508,-111.6875,30.7708333333333
0.579568916272821,-111.645833333333,30.7708333333333
0.558654295352031,-111.604166666667,30.7708333333333
0.525495963414304,-111.5625,30.7708333333333
0.53305389983205,-115.354166666667,30.7291666666667
0.591206063291634,-113.0625,30.7291666666667
0.600311277048871,-113.020833333333,30.7291666666667
0.604123909080256,-112.979166666667,30.7291666666667
0.604595652917237,-112.9375,30.7291666666667
0.606316252087508,-112.895833333333,30.7291666666667
0.690513274653997,-112.854166666667,30.7291666666667
0.693623929529472,-112.8125,30.7291666666667
0.690462472553976,-112.770833333333,30.7291666666667
0.676934438148346,-112.729166666667,30.7291666666667
0.661882109375462,-112.6875,30.7291666666667
0.675213778420402,-112.645833333333,30.7291666666667
0.680106292933566,-112.604166666667,30.7291666666667
0.67202656771838,-112.5625,30.7291666666667
0.68285542863754,-112.520833333333,30.7291666666667
0.674754457503415,-112.479166666667,30.7291666666667
0.656768044368888,-112.4375,30.7291666666667
0.638522840290628,-112.395833333333,30.7291666666667
0.633331761639854,-112.354166666667,30.7291666666667
0.635484960450324,-112.3125,30.7291666666667
0.632802750979204,-112.270833333333,30.7291666666667
0.629802432686902,-112.229166666667,30.7291666666667
0.625741816253556,-112.1875,30.7291666666667
0.621134727888772,-112.145833333333,30.7291666666667
0.610325545207908,-112.104166666667,30.7291666666667
0.604313380326282,-112.0625,30.7291666666667
0.605549838714959,-112.020833333333,30.7291666666667
0.618540321753285,-111.979166666667,30.7291666666667
0.635682034328841,-111.9375,30.7291666666667
0.627808967213245,-111.895833333333,30.7291666666667
0.622420110702609,-111.854166666667,30.7291666666667
0.621795000335768,-111.8125,30.7291666666667
0.619999061919936,-111.770833333333,30.7291666666667
0.612855305572243,-111.729166666667,30.7291666666667
0.606156475692222,-111.6875,30.7291666666667
0.618540782282357,-111.645833333333,30.7291666666667
0.582514102625749,-111.604166666667,30.7291666666667
0.531689257486045,-111.5625,30.7291666666667
0.594417986875736,-113.0625,30.6875
0.602234180190881,-113.020833333333,30.6875
0.608230091100882,-112.979166666667,30.6875
0.606286448103746,-112.9375,30.6875
0.6121443684614,-112.895833333333,30.6875
0.695190052400349,-112.854166666667,30.6875
0.694769654566741,-112.8125,30.6875
0.685319293015053,-112.770833333333,30.6875
0.665843778187747,-112.729166666667,30.6875
0.655086128415556,-112.6875,30.6875
0.649241922857878,-112.645833333333,30.6875
0.627313804491667,-112.604166666667,30.6875
0.617829446941362,-112.5625,30.6875
0.655291235896903,-112.520833333333,30.6875
0.673999800416285,-112.479166666667,30.6875
0.668622747630983,-112.4375,30.6875
0.648302228979077,-112.395833333333,30.6875
0.63396905396525,-112.354166666667,30.6875
0.634480427324783,-112.3125,30.6875
0.633623627433199,-112.270833333333,30.6875
0.630341094014817,-112.229166666667,30.6875
0.632881675168814,-112.1875,30.6875
0.620654768578671,-112.145833333333,30.6875
0.597605143757925,-112.104166666667,30.6875
0.604016182487402,-112.0625,30.6875
0.607073522629715,-112.020833333333,30.6875
0.608206258600729,-111.979166666667,30.6875
0.616317796220363,-111.9375,30.6875
0.621332767936731,-111.895833333333,30.6875
0.618873042219769,-111.854166666667,30.6875
0.62719413103146,-111.8125,30.6875
0.626935720119225,-111.770833333333,30.6875
0.625785473006644,-111.729166666667,30.6875
0.635225582114631,-111.6875,30.6875
0.654515346250851,-111.645833333333,30.6875
0.625496198638303,-111.604166666667,30.6875
0.576894912034351,-111.5625,30.6875
0.551243306399254,-111.520833333333,30.6875
0.50159052100595,-111.479166666667,30.6875
0.529356166597701,-109.354166666667,30.6875
0.511655630992127,-109.3125,30.6875
0.509008127221088,-109.020833333333,30.6875
0.601590573059887,-113.0625,30.6458333333333
0.602987944533234,-113.020833333333,30.6458333333333
0.604977597491793,-112.979166666667,30.6458333333333
0.606268488629539,-112.9375,30.6458333333333
0.614388858468158,-112.895833333333,30.6458333333333
0.699524193399345,-112.854166666667,30.6458333333333
0.700788645849481,-112.8125,30.6458333333333
0.684966759830646,-112.770833333333,30.6458333333333
0.663118028692129,-112.729166666667,30.6458333333333
0.65541346668433,-112.6875,30.6458333333333
0.63234104928265,-112.645833333333,30.6458333333333
0.58565207583662,-112.604166666667,30.6458333333333
0.569996618719673,-112.5625,30.6458333333333
0.622122982751601,-112.520833333333,30.6458333333333
0.660917557344406,-112.479166666667,30.6458333333333
0.669377636328489,-112.4375,30.6458333333333
0.652246184846725,-112.395833333333,30.6458333333333
0.642397018023792,-112.354166666667,30.6458333333333
0.642613028123244,-112.3125,30.6458333333333
0.632424438790167,-112.270833333333,30.6458333333333
0.627177084185578,-112.229166666667,30.6458333333333
0.636642119096496,-112.1875,30.6458333333333
0.624176950745772,-112.145833333333,30.6458333333333
0.585265808005047,-112.104166666667,30.6458333333333
0.602443554450178,-112.0625,30.6458333333333
0.606459661290341,-112.020833333333,30.6458333333333
0.604706617535871,-111.979166666667,30.6458333333333
0.605948325366576,-111.9375,30.6458333333333
0.605177406342578,-111.895833333333,30.6458333333333
0.611652555362694,-111.854166666667,30.6458333333333
0.631707524754155,-111.8125,30.6458333333333
0.642728142895854,-111.770833333333,30.6458333333333
0.617468089582797,-111.729166666667,30.6458333333333
0.614649195027574,-111.6875,30.6458333333333
0.626525256192429,-111.645833333333,30.6458333333333
0.645232030910435,-111.604166666667,30.6458333333333
0.636619117791745,-111.5625,30.6458333333333
0.615673688728056,-111.520833333333,30.6458333333333
0.569478008275959,-111.479166666667,30.6458333333333
0.531556298207452,-111.4375,30.6458333333333
0.516528465232723,-111.395833333333,30.6458333333333
0.518874711448502,-109.395833333333,30.6458333333333
0.562956788701154,-109.354166666667,30.6458333333333
0.529463397039483,-109.3125,30.6458333333333
0.521516155393196,-109.020833333333,30.6458333333333
0.505406292887662,-108.979166666667,30.6458333333333
0.604818787514731,-113.020833333333,30.6041666666667
0.607921183799488,-112.979166666667,30.6041666666667
0.612171939153848,-112.9375,30.6041666666667
0.616563556238204,-112.895833333333,30.6041666666667
0.622801904550864,-112.854166666667,30.6041666666667
0.701711970578397,-112.8125,30.6041666666667
0.691946482433955,-112.770833333333,30.6041666666667
0.668381293537042,-112.729166666667,30.6041666666667
0.651816607825833,-112.6875,30.6041666666667
0.63018824461211,-112.645833333333,30.6041666666667
0.599364311043568,-112.604166666667,30.6041666666667
0.582606274205654,-112.5625,30.6041666666667
0.613596066598335,-112.520833333333,30.6041666666667
0.64583452934772,-112.479166666667,30.6041666666667
0.661762290188502,-112.4375,30.6041666666667
0.660670992746887,-112.395833333333,30.6041666666667
0.65647439295293,-112.354166666667,30.6041666666667
0.643799149222698,-112.3125,30.6041666666667
0.635819128192626,-112.270833333333,30.6041666666667
0.632743261027513,-112.229166666667,30.6041666666667
0.634313803836517,-112.1875,30.6041666666667
0.624007542606157,-112.145833333333,30.6041666666667
0.594878547672776,-112.104166666667,30.6041666666667
0.604148572539052,-112.0625,30.6041666666667
0.619946508666847,-112.020833333333,30.6041666666667
0.615123125564822,-111.979166666667,30.6041666666667
0.588103936485339,-111.9375,30.6041666666667
0.589901673057511,-111.895833333333,30.6041666666667
0.599707221468303,-111.854166666667,30.6041666666667
0.609126784806701,-111.8125,30.6041666666667
0.605368990148117,-111.770833333333,30.6041666666667
0.60155109092756,-111.729166666667,30.6041666666667
0.601789132921868,-111.6875,30.6041666666667
0.610254470752807,-111.645833333333,30.6041666666667
0.627364552358283,-111.604166666667,30.6041666666667
0.638946177289882,-111.5625,30.6041666666667
0.619848231649876,-111.520833333333,30.6041666666667
0.615923062279056,-111.479166666667,30.6041666666667
0.589992007779298,-111.4375,30.6041666666667
0.564290644229849,-111.395833333333,30.6041666666667
0.511209842111438,-111.354166666667,30.6041666666667
0.592427525579608,-109.395833333333,30.6041666666667
0.622207817607455,-109.354166666667,30.6041666666667
0.571225977258541,-109.3125,30.6041666666667
0.529190561579633,-109.020833333333,30.6041666666667
0.581876689077905,-108.979166666667,30.6041666666667
0.57489424089006,-108.9375,30.6041666666667
0.615959919891977,-112.979166666667,30.5625
0.621103305441558,-112.9375,30.5625
0.620265800886516,-112.895833333333,30.5625
0.620951125439212,-112.854166666667,30.5625
0.699546601657926,-112.8125,30.5625
0.698337204821555,-112.770833333333,30.5625
0.683351453854694,-112.729166666667,30.5625
0.66734687032596,-112.6875,30.5625
0.658223142685076,-112.645833333333,30.5625
0.647925502804434,-112.604166666667,30.5625
0.623406887886724,-112.5625,30.5625
0.632530065125846,-112.520833333333,30.5625
0.640157042151761,-112.479166666667,30.5625
0.64565362647295,-112.4375,30.5625
0.660736694317936,-112.395833333333,30.5625
0.663122288019984,-112.354166666667,30.5625
0.645924188802002,-112.3125,30.5625
0.639069658614852,-112.270833333333,30.5625
0.630432465996272,-112.229166666667,30.5625
0.631642859825447,-112.1875,30.5625
0.62303497545863,-112.145833333333,30.5625
0.601163240006261,-112.104166666667,30.5625
0.610242328967812,-112.0625,30.5625
0.604684116206107,-112.020833333333,30.5625
0.591592332135733,-111.979166666667,30.5625
0.572832658603601,-111.9375,30.5625
0.580548783055761,-111.895833333333,30.5625
0.583285526655569,-111.854166666667,30.5625
0.596734531039647,-111.8125,30.5625
0.610223410252444,-111.770833333333,30.5625
0.618116226071387,-111.729166666667,30.5625
0.612062569896594,-111.6875,30.5625
0.607353022028741,-111.645833333333,30.5625
0.606939902105269,-111.604166666667,30.5625
0.63231785996455,-111.5625,30.5625
0.61167047272327,-111.520833333333,30.5625
0.601184267179749,-111.479166666667,30.5625
0.585933135619976,-111.4375,30.5625
0.56875831252434,-111.395833333333,30.5625
0.538630505672705,-111.354166666667,30.5625
0.657919528276608,-109.395833333333,30.5625
0.712517506259638,-109.354166666667,30.5625
0.609250430619719,-109.3125,30.5625
0.667485305944031,-108.979166666667,30.5625
0.72931636475919,-108.9375,30.5625
0.588315171714241,-108.895833333333,30.5625
0.630624268126183,-112.9375,30.5208333333333
0.629483009548167,-112.895833333333,30.5208333333333
0.621437249080462,-112.854166666667,30.5208333333333
0.623864533963461,-112.8125,30.5208333333333
0.708003303776095,-112.770833333333,30.5208333333333
0.7003985699012,-112.729166666667,30.5208333333333
0.689590399516571,-112.6875,30.5208333333333
0.683430231383227,-112.645833333333,30.5208333333333
0.67748013034841,-112.604166666667,30.5208333333333
0.668626165425833,-112.5625,30.5208333333333
0.669042150448879,-112.520833333333,30.5208333333333
0.650658217188056,-112.479166666667,30.5208333333333
0.629423909941707,-112.4375,30.5208333333333
0.640412795235488,-112.395833333333,30.5208333333333
0.65732520391466,-112.354166666667,30.5208333333333
0.653535165807955,-112.3125,30.5208333333333
0.644865681720409,-112.270833333333,30.5208333333333
0.636324721591452,-112.229166666667,30.5208333333333
0.632143566177764,-112.1875,30.5208333333333
0.613287741052448,-112.145833333333,30.5208333333333
0.606117957241031,-112.104166666667,30.5208333333333
0.604125183194744,-112.0625,30.5208333333333
0.595275595133755,-112.020833333333,30.5208333333333
0.56939302832782,-111.979166666667,30.5208333333333
0.561932436720942,-111.9375,30.5208333333333
0.577090664680465,-111.895833333333,30.5208333333333
0.578756739476622,-111.854166666667,30.5208333333333
0.596172123685886,-111.8125,30.5208333333333
0.614940021263545,-111.770833333333,30.5208333333333
0.627349901447839,-111.729166666667,30.5208333333333
0.617723884006166,-111.6875,30.5208333333333
0.60877566573853,-111.645833333333,30.5208333333333
0.61032429851176,-111.604166666667,30.5208333333333
0.620986392491041,-111.5625,30.5208333333333
0.609893390154045,-111.520833333333,30.5208333333333
0.603834924856479,-111.479166666667,30.5208333333333
0.58415724931668,-111.4375,30.5208333333333
0.562475281234716,-111.395833333333,30.5208333333333
0.54573070513258,-111.354166666667,30.5208333333333
0.500625300606147,-111.3125,30.5208333333333
0.684125528403534,-109.395833333333,30.5208333333333
0.743147224280557,-109.354166666667,30.5208333333333
0.608401146904528,-109.3125,30.5208333333333
0.683993395034381,-108.979166666667,30.5208333333333
0.773096766725144,-108.9375,30.5208333333333
0.698489397383023,-108.895833333333,30.5208333333333
0.553166181287837,-108.854166666667,30.5208333333333
0.636927186168474,-112.895833333333,30.4791666666667
0.627459652153311,-112.854166666667,30.4791666666667
0.627069499578373,-112.8125,30.4791666666667
0.716690114787425,-112.770833333333,30.4791666666667
0.713122615646047,-112.729166666667,30.4791666666667
0.704188587892028,-112.6875,30.4791666666667
0.693946434482172,-112.645833333333,30.4791666666667
0.686222507967966,-112.604166666667,30.4791666666667
0.677035981430163,-112.5625,30.4791666666667
0.6825316628749,-112.520833333333,30.4791666666667
0.66494888765716,-112.479166666667,30.4791666666667
0.627262465119642,-112.4375,30.4791666666667
0.614438109394936,-112.395833333333,30.4791666666667
0.641878408405558,-112.354166666667,30.4791666666667
0.651852937403097,-112.3125,30.4791666666667
0.646874622750142,-112.270833333333,30.4791666666667
0.641288488995404,-112.229166666667,30.4791666666667
0.630133889944966,-112.1875,30.4791666666667
0.608877637104719,-112.145833333333,30.4791666666667
0.607738072028455,-112.104166666667,30.4791666666667
0.601745143245328,-112.0625,30.4791666666667
0.586096967474373,-112.020833333333,30.4791666666667
0.553999225377374,-111.979166666667,30.4791666666667
0.5606655442815,-111.9375,30.4791666666667
0.58491026556653,-111.895833333333,30.4791666666667
0.587621217289678,-111.854166666667,30.4791666666667
0.605129292280148,-111.8125,30.4791666666667
0.625906940124228,-111.770833333333,30.4791666666667
0.630782690717628,-111.729166666667,30.4791666666667
0.612446224133732,-111.6875,30.4791666666667
0.606906288933395,-111.645833333333,30.4791666666667
0.619407808751071,-111.604166666667,30.4791666666667
0.609625553681105,-111.5625,30.4791666666667
0.620940393060124,-111.520833333333,30.4791666666667
0.62764705185961,-111.479166666667,30.4791666666667
0.571364826114699,-111.4375,30.4791666666667
0.549075238253106,-111.395833333333,30.4791666666667
0.552527558277877,-111.354166666667,30.4791666666667
0.517108562945312,-111.3125,30.4791666666667
0.699605187694013,-109.395833333333,30.4791666666667
0.748284378794871,-109.354166666667,30.4791666666667
0.616431927682938,-109.3125,30.4791666666667
0.650423022843426,-108.979166666667,30.4791666666667
0.788740387105128,-108.9375,30.4791666666667
0.740338775635933,-108.895833333333,30.4791666666667
0.505353957676742,-108.854166666667,30.4791666666667
0.503610949186232,-114.645833333333,30.4375
0.638624906965235,-112.854166666667,30.4375
0.707812566826338,-112.8125,30.4375
0.71537027384659,-112.770833333333,30.4375
0.720317521357378,-112.729166666667,30.4375
0.712989009396654,-112.6875,30.4375
0.698767631995987,-112.645833333333,30.4375
0.689675758207616,-112.604166666667,30.4375
0.67585691244808,-112.5625,30.4375
0.682634606261505,-112.520833333333,30.4375
0.675084090804273,-112.479166666667,30.4375
0.639634703905277,-112.4375,30.4375
0.610907019425776,-112.395833333333,30.4375
0.619845473585359,-112.354166666667,30.4375
0.63757376341494,-112.3125,30.4375
0.644305744841337,-112.270833333333,30.4375
0.641031325089348,-112.229166666667,30.4375
0.623344033095435,-112.1875,30.4375
0.610725396822655,-112.145833333333,30.4375
0.6122517589859,-112.104166666667,30.4375
0.607857089152638,-112.0625,30.4375
0.583153724415001,-112.020833333333,30.4375
0.558908087381218,-111.979166666667,30.4375
0.558335926025726,-111.9375,30.4375
0.584888765980778,-111.895833333333,30.4375
0.60005565942331,-111.854166666667,30.4375
0.611914218764744,-111.8125,30.4375
0.618000288389335,-111.770833333333,30.4375
0.604825930222738,-111.729166666667,30.4375
0.602741985331962,-111.6875,30.4375
0.606059387045761,-111.645833333333,30.4375
0.608687844921902,-111.604166666667,30.4375
0.600306664051378,-111.5625,30.4375
0.625832171742307,-111.520833333333,30.4375
0.641037505099058,-111.479166666667,30.4375
0.601207901676183,-111.4375,30.4375
0.58026365464062,-111.395833333333,30.4375
0.574427073105531,-111.354166666667,30.4375
0.54752307131655,-111.3125,30.4375
0.538894868963408,-109.479166666667,30.4375
0.628832819186437,-109.4375,30.4375
0.717688546762742,-109.395833333333,30.4375
0.762388614578464,-109.354166666667,30.4375
0.676122590583503,-109.3125,30.4375
0.582786677160461,-109.229166666667,30.4375
0.599038584385023,-109.1875,30.4375
0.622524907280908,-108.979166666667,30.4375
0.777646553830324,-108.9375,30.4375
0.750649657543922,-108.895833333333,30.4375
0.505377511180945,-114.645833333333,30.3958333333333
0.645877704460189,-112.854166666667,30.3958333333333
0.707729990691578,-112.8125,30.3958333333333
0.706051115390345,-112.770833333333,30.3958333333333
0.721151929105025,-112.729166666667,30.3958333333333
0.719159338351829,-112.6875,30.3958333333333
0.705027773669589,-112.645833333333,30.3958333333333
0.695762771620141,-112.604166666667,30.3958333333333
0.679587805291304,-112.5625,30.3958333333333
0.684818551103193,-112.520833333333,30.3958333333333
0.684940320162424,-112.479166666667,30.3958333333333
0.655320668529262,-112.4375,30.3958333333333
0.614904515015019,-112.395833333333,30.3958333333333
0.587233459901517,-112.354166666667,30.3958333333333
0.611213191927479,-112.3125,30.3958333333333
0.640255751726945,-112.270833333333,30.3958333333333
0.644148395100938,-112.229166666667,30.3958333333333
0.62419100921119,-112.1875,30.3958333333333
0.616035086336252,-112.145833333333,30.3958333333333
0.616459005703097,-112.104166666667,30.3958333333333
0.600922977887848,-112.0625,30.3958333333333
0.581489933035167,-112.020833333333,30.3958333333333
0.579225139984144,-111.979166666667,30.3958333333333
0.563174296569291,-111.9375,30.3958333333333
0.578886094741057,-111.895833333333,30.3958333333333
0.602680591263746,-111.854166666667,30.3958333333333
0.61054445960152,-111.8125,30.3958333333333
0.609149975558854,-111.770833333333,30.3958333333333
0.595992391368732,-111.729166666667,30.3958333333333
0.598054990154375,-111.6875,30.3958333333333
0.605888230147626,-111.645833333333,30.3958333333333
0.590703859610433,-111.604166666667,30.3958333333333
0.590766615814615,-111.5625,30.3958333333333
0.619806108162134,-111.520833333333,30.3958333333333
0.645484681738709,-111.479166666667,30.3958333333333
0.64184836477193,-111.4375,30.3958333333333
0.637129004796488,-111.395833333333,30.3958333333333
0.618770887683884,-111.354166666667,30.3958333333333
0.58236972494348,-111.3125,30.3958333333333
0.514663254424978,-111.270833333333,30.3958333333333
0.520766829582083,-109.520833333333,30.3958333333333
0.623381265403644,-109.479166666667,30.3958333333333
0.677070800286833,-109.4375,30.3958333333333
0.734225015522842,-109.395833333333,30.3958333333333
0.765108711622534,-109.354166666667,30.3958333333333
0.761238956052324,-109.3125,30.3958333333333
0.597462177110964,-109.270833333333,30.3958333333333
0.586181821079521,-109.229166666667,30.3958333333333
0.626275022879077,-109.1875,30.3958333333333
0.617878418170209,-108.979166666667,30.3958333333333
0.765283574492904,-108.9375,30.3958333333333
0.744424797984981,-108.895833333333,30.3958333333333
0.708774803333184,-112.8125,30.3541666666667
0.691041388227784,-112.770833333333,30.3541666666667
0.709073798156293,-112.729166666667,30.3541666666667
0.713205627970456,-112.6875,30.3541666666667
0.709577482741508,-112.645833333333,30.3541666666667
0.697741171893064,-112.604166666667,30.3541666666667
0.675539153797,-112.5625,30.3541666666667
0.677558034235642,-112.520833333333,30.3541666666667
0.684999766489536,-112.479166666667,30.3541666666667
0.667090522762288,-112.4375,30.3541666666667
0.619456848332647,-112.395833333333,30.3541666666667
0.552673306376238,-112.354166666667,30.3541666666667
0.568862046576128,-112.3125,30.3541666666667
0.63283524332139,-112.270833333333,30.3541666666667
0.64783802478494,-112.229166666667,30.3541666666667
0.62726674504693,-112.1875,30.3541666666667
0.611570564129692,-112.145833333333,30.3541666666667
0.608450083494648,-112.104166666667,30.3541666666667
0.593901142548321,-112.0625,30.3541666666667
0.575000689068929,-112.020833333333,30.3541666666667
0.581440719892804,-111.979166666667,30.3541666666667
0.575948312997605,-111.9375,30.3541666666667
0.586851848961699,-111.895833333333,30.3541666666667
0.596358239718143,-111.854166666667,30.3541666666667
0.604945600283704,-111.8125,30.3541666666667
0.603798853171118,-111.770833333333,30.3541666666667
0.590501992793561,-111.729166666667,30.3541666666667
0.584357350951843,-111.6875,30.3541666666667
0.590868581340795,-111.645833333333,30.3541666666667
0.575006673507544,-111.604166666667,30.3541666666667
0.577374531508424,-111.5625,30.3541666666667
0.610862781598646,-111.520833333333,30.3541666666667
0.637340195658915,-111.479166666667,30.3541666666667
0.645790269839986,-111.4375,30.3541666666667
0.632413735208126,-111.395833333333,30.3541666666667
0.600009330119885,-111.354166666667,30.3541666666667
0.576389609663364,-111.3125,30.3541666666667
0.529261684109373,-111.270833333333,30.3541666666667
0.526278966816998,-109.6875,30.3541666666667
0.504121590673098,-109.645833333333,30.3541666666667
0.56925722480417,-109.520833333333,30.3541666666667
0.688703184518384,-109.479166666667,30.3541666666667
0.696826362763025,-109.4375,30.3541666666667
0.734502599682535,-109.395833333333,30.3541666666667
0.753019696523914,-109.354166666667,30.3541666666667
0.77790837775858,-109.3125,30.3541666666667
0.613652797333549,-109.270833333333,30.3541666666667
0.62572725999682,-108.979166666667,30.3541666666667
0.764419660765171,-108.9375,30.3541666666667
0.739724383482122,-108.895833333333,30.3541666666667
0.502646359419409,-108.854166666667,30.3541666666667
0.64649882012862,-112.8125,30.3125
0.691123085114939,-112.770833333333,30.3125
0.695003048669612,-112.729166666667,30.3125
0.702491145126562,-112.6875,30.3125
0.700375385935723,-112.645833333333,30.3125
0.682011092498792,-112.604166666667,30.3125
0.666346035777151,-112.5625,30.3125
0.666070626523961,-112.520833333333,30.3125
0.668261769397994,-112.479166666667,30.3125
0.662218779611941,-112.4375,30.3125
0.63940269557142,-112.395833333333,30.3125
0.575196756962032,-112.354166666667,30.3125
0.548638970356271,-112.3125,30.3125
0.617332049577976,-112.270833333333,30.3125
0.641253140732976,-112.229166666667,30.3125
0.625782640556694,-112.1875,30.3125
0.597294199114848,-112.145833333333,30.3125
0.590341002172875,-112.104166666667,30.3125
0.587706951935901,-112.0625,30.3125
0.583845652916763,-112.020833333333,30.3125
0.585464912885808,-111.979166666667,30.3125
0.577415690232792,-111.9375,30.3125
0.583718710579208,-111.895833333333,30.3125
0.588634489326104,-111.854166666667,30.3125
0.586873739106758,-111.8125,30.3125
0.580838973868728,-111.770833333333,30.3125
0.559093635329701,-111.729166666667,30.3125
0.543706294461719,-111.6875,30.3125
0.560508359946474,-111.645833333333,30.3125
0.557287220836891,-111.604166666667,30.3125
0.560919358715537,-111.5625,30.3125
0.578886254152743,-111.520833333333,30.3125
0.595729964719665,-111.479166666667,30.3125
0.600006306335893,-111.4375,30.3125
0.568671231862715,-111.395833333333,30.3125
0.505469404372644,-111.270833333333,30.3125
0.519399066946802,-109.854166666667,30.3125
0.565090932288811,-109.8125,30.3125
0.561332142528706,-109.770833333333,30.3125
0.53081964849036,-109.729166666667,30.3125
0.578228135308166,-109.6875,30.3125
0.574839681021337,-109.645833333333,30.3125
0.530954742998457,-109.520833333333,30.3125
0.682917977797366,-109.479166666667,30.3125
0.699087624038573,-109.4375,30.3125
0.723518887570426,-109.395833333333,30.3125
0.748565249414123,-109.354166666667,30.3125
0.787868125878764,-109.3125,30.3125
0.718188916490401,-109.270833333333,30.3125
0.633767557482695,-108.979166666667,30.3125
0.754151025936775,-108.9375,30.3125
0.718802585974101,-108.895833333333,30.3125
0.561003854916015,-108.854166666667,30.3125
0.669309311452621,-112.854166666667,30.2708333333333
0.656378655616352,-112.8125,30.2708333333333
0.701486652798357,-112.770833333333,30.2708333333333
0.682349482223286,-112.729166666667,30.2708333333333
0.680675972097825,-112.6875,30.2708333333333
0.66869473460128,-112.645833333333,30.2708333333333
0.655591868176369,-112.604166666667,30.2708333333333
0.65223392385598,-112.5625,30.2708333333333
0.645773910310559,-112.520833333333,30.2708333333333
0.640344830019467,-112.479166666667,30.2708333333333
0.630783599294034,-112.4375,30.2708333333333
0.624496263086602,-112.395833333333,30.2708333333333
0.60553655831539,-112.354166666667,30.2708333333333
0.553676519203133,-112.3125,30.2708333333333
0.610261471984581,-112.270833333333,30.2708333333333
0.635799367250514,-112.229166666667,30.2708333333333
0.628837021493596,-112.1875,30.2708333333333
0.603784838222459,-112.145833333333,30.2708333333333
0.590703709749523,-112.104166666667,30.2708333333333
0.586696893829832,-112.0625,30.2708333333333
0.58594322020474,-112.020833333333,30.2708333333333
0.578857222304373,-111.979166666667,30.2708333333333
0.589143964478569,-111.9375,30.2708333333333
0.5798654774372,-111.895833333333,30.2708333333333
0.577515144001046,-111.854166666667,30.2708333333333
0.561692025442223,-111.8125,30.2708333333333
0.544392155485898,-111.770833333333,30.2708333333333
0.508029968849746,-111.729166666667,30.2708333333333
0.512682650298875,-111.645833333333,30.2708333333333
0.524400054321542,-111.604166666667,30.2708333333333
0.51770081830301,-111.5625,30.2708333333333
0.537127729115396,-111.520833333333,30.2708333333333
0.527447061643884,-111.479166666667,30.2708333333333
0.568762808121066,-109.854166666667,30.2708333333333
0.644194615418796,-109.8125,30.2708333333333
0.63346246252014,-109.770833333333,30.2708333333333
0.60950658532583,-109.729166666667,30.2708333333333
0.627909206829605,-109.6875,30.2708333333333
0.613632048351634,-109.645833333333,30.2708333333333
0.544456697974306,-109.604166666667,30.2708333333333
0.589676749207804,-109.479166666667,30.2708333333333
0.709027017092819,-109.4375,30.2708333333333
0.733262490657832,-109.395833333333,30.2708333333333
0.739082991715576,-109.354166666667,30.2708333333333
0.77192956867938,-109.3125,30.2708333333333
0.787891579680856,-109.270833333333,30.2708333333333
0.590669911882225,-109.229166666667,30.2708333333333
0.633438288467323,-108.979166666667,30.2708333333333
0.744219312920759,-108.9375,30.2708333333333
0.689850871517485,-108.895833333333,30.2708333333333
0.513413278097179,-108.854166666667,30.2708333333333
0.729101095566956,-112.770833333333,30.2291666666667
0.69050644796608,-112.729166666667,30.2291666666667
0.652916217873755,-112.6875,30.2291666666667
0.633994048833943,-112.645833333333,30.2291666666667
0.616697768096861,-112.604166666667,30.2291666666667
0.610910370499286,-112.5625,30.2291666666667
0.604910980032327,-112.520833333333,30.2291666666667
0.603703015285855,-112.479166666667,30.2291666666667
0.601808861126394,-112.4375,30.2291666666667
0.603840535492287,-112.395833333333,30.2291666666667
0.616832606938474,-112.354166666667,30.2291666666667
0.591544213897463,-112.3125,30.2291666666667
0.612726686499781,-112.270833333333,30.2291666666667
0.629823811539471,-112.229166666667,30.2291666666667
0.625914961683351,-112.1875,30.2291666666667
0.616045668289305,-112.145833333333,30.2291666666667
0.597751133948468,-112.104166666667,30.2291666666667
0.573290072036891,-112.0625,30.2291666666667
0.576048090678972,-112.020833333333,30.2291666666667
0.582136279928215,-111.979166666667,30.2291666666667
0.590633195280592,-111.9375,30.2291666666667
0.572981409269179,-111.895833333333,30.2291666666667
0.566014353495754,-111.854166666667,30.2291666666667
0.54328649668172,-111.8125,30.2291666666667
0.520608659286963,-111.770833333333,30.2291666666667
0.523341245376416,-110.229166666667,30.2291666666667
0.626238170501101,-109.854166666667,30.2291666666667
0.706408906873802,-109.8125,30.2291666666667
0.7198324178195,-109.770833333333,30.2291666666667
0.695109368381789,-109.729166666667,30.2291666666667
0.670894096084511,-109.6875,30.2291666666667
0.621451731633352,-109.645833333333,30.2291666666667
0.586827553482491,-109.604166666667,30.2291666666667
0.506326615042919,-109.479166666667,30.2291666666667
0.685079456610893,-109.4375,30.2291666666667
0.756284529945637,-109.395833333333,30.2291666666667
0.7378089353559,-109.354166666667,30.2291666666667
0.747859547293869,-109.3125,30.2291666666667
0.78178238149289,-109.270833333333,30.2291666666667
0.706485325511155,-109.229166666667,30.2291666666667
0.520145539033133,-109.020833333333,30.2291666666667
0.661910269466169,-108.979166666667,30.2291666666667
0.710447579007023,-108.9375,30.2291666666667
0.634313709222971,-108.895833333333,30.2291666666667
0.719984112785925,-112.729166666667,30.1875
0.652568348757761,-112.6875,30.1875
0.625045715520732,-112.645833333333,30.1875
0.5965483084875,-112.604166666667,30.1875
0.580917264672395,-112.5625,30.1875
0.580464179937295,-112.520833333333,30.1875
0.58392704571482,-112.479166666667,30.1875
0.591859955214781,-112.4375,30.1875
0.594449206545616,-112.395833333333,30.1875
0.617775120133124,-112.354166666667,30.1875
0.621847542003374,-112.3125,30.1875
0.62091140996499,-112.270833333333,30.1875
0.620427703713061,-112.229166666667,30.1875
0.615348914349048,-112.1875,30.1875
0.621066362737494,-112.145833333333,30.1875
0.610191540304658,-112.104166666667,30.1875
0.572955031755595,-112.0625,30.1875
0.562923170254443,-112.020833333333,30.1875
0.577535524404795,-111.979166666667,30.1875
0.58120192816618,-111.9375,30.1875
0.57570156331306,-111.895833333333,30.1875
0.563306658930847,-111.854166666667,30.1875
0.533948703334897,-111.8125,30.1875
0.504615172409814,-111.770833333333,30.1875
0.510772986365207,-110.270833333333,30.1875
0.572919736101051,-110.229166666667,30.1875
0.519550728435452,-110.1875,30.1875
0.509647675740444,-109.979166666667,30.1875
0.537216433721123,-109.9375,30.1875
0.551593854206407,-109.895833333333,30.1875
0.680927214285786,-109.854166666667,30.1875
0.733324001052619,-109.8125,30.1875
0.744995381028727,-109.770833333333,30.1875
0.726927822028415,-109.729166666667,30.1875
0.702672107605232,-109.6875,30.1875
0.640749149318837,-109.645833333333,30.1875
0.611203927551296,-109.604166666667,30.1875
0.527465293812339,-109.5625,30.1875
0.505421677105762,-109.479166666667,30.1875
0.642910190292731,-109.4375,30.1875
0.753901370314452,-109.395833333333,30.1875
0.737389076247165,-109.354166666667,30.1875
0.73113808956181,-109.3125,30.1875
0.779774680661841,-109.270833333333,30.1875
0.775272288988855,-109.229166666667,30.1875
0.616904896328332,-109.1875,30.1875
0.547543111892069,-109.0625,30.1875
0.616276479498977,-109.020833333333,30.1875
0.669862695584709,-108.979166666667,30.1875
0.609755230209167,-108.9375,30.1875
0.739743622987798,-112.729166666667,30.1458333333333
0.683031426310737,-112.6875,30.1458333333333
0.646795225354413,-112.645833333333,30.1458333333333
0.628210934863612,-112.604166666667,30.1458333333333
0.596774864839517,-112.5625,30.1458333333333
0.584424443092878,-112.520833333333,30.1458333333333
0.583309061177412,-112.479166666667,30.1458333333333
0.593920941226999,-112.4375,30.1458333333333
0.610374123054465,-112.395833333333,30.1458333333333
0.624005698489954,-112.354166666667,30.1458333333333
0.626979615541611,-112.3125,30.1458333333333
0.622012961390713,-112.270833333333,30.1458333333333
0.611432461585083,-112.229166666667,30.1458333333333
0.59944155424903,-112.1875,30.1458333333333
0.607831098875515,-112.145833333333,30.1458333333333
0.602296996254009,-112.104166666667,30.1458333333333
0.561589845119411,-112.0625,30.1458333333333
0.536667426421191,-112.020833333333,30.1458333333333
0.559045322404677,-111.979166666667,30.1458333333333
0.572871324626944,-111.9375,30.1458333333333
0.573108466193373,-111.895833333333,30.1458333333333
0.55967439470211,-111.854166666667,30.1458333333333
0.527142497517976,-111.8125,30.1458333333333
0.578548241607857,-110.270833333333,30.1458333333333
0.634913618521261,-110.229166666667,30.1458333333333
0.572184165034061,-110.1875,30.1458333333333
0.552409564859935,-110.020833333333,30.1458333333333
0.562609630490181,-109.979166666667,30.1458333333333
0.590681865357656,-109.9375,30.1458333333333
0.601321852427492,-109.895833333333,30.1458333333333
0.714077534208893,-109.854166666667,30.1458333333333
0.728262243170238,-109.8125,30.1458333333333
0.722266731571934,-109.770833333333,30.1458333333333
0.706716669056979,-109.729166666667,30.1458333333333
0.711512592359396,-109.6875,30.1458333333333
0.646567668992857,-109.645833333333,30.1458333333333
0.608563602571428,-109.604166666667,30.1458333333333
0.584178304210994,-109.5625,30.1458333333333
0.516969325673491,-109.520833333333,30.1458333333333
0.521780362352066,-109.479166666667,30.1458333333333
0.638899441529982,-109.4375,30.1458333333333
0.754694540144849,-109.395833333333,30.1458333333333
0.741429654408646,-109.354166666667,30.1458333333333
0.729202805931887,-109.3125,30.1458333333333
0.767399294703479,-109.270833333333,30.1458333333333
0.797841878911524,-109.229166666667,30.1458333333333
0.601902754548611,-109.1875,30.1458333333333
0.54540260173197,-109.0625,30.1458333333333
0.63478285432335,-109.020833333333,30.1458333333333
0.625148451282443,-108.979166666667,30.1458333333333
0.743111150911463,-112.729166666667,30.1041666666667
0.701512243141253,-112.6875,30.1041666666667
0.670409321930573,-112.645833333333,30.1041666666667
0.658113847388301,-112.604166666667,30.1041666666667
0.624634846947209,-112.5625,30.1041666666667
0.585075328029691,-112.520833333333,30.1041666666667
0.586494087960782,-112.479166666667,30.1041666666667
0.594127629671443,-112.4375,30.1041666666667
0.609209867069074,-112.395833333333,30.1041666666667
0.62703388423546,-112.354166666667,30.1041666666667
0.624219315764345,-112.3125,30.1041666666667
0.615401067884087,-112.270833333333,30.1041666666667
0.60282711391093,-112.229166666667,30.1041666666667
0.584812738930013,-112.1875,30.1041666666667
0.588905609292646,-112.145833333333,30.1041666666667
0.589479219812182,-112.104166666667,30.1041666666667
0.55246239538592,-112.0625,30.1041666666667
0.509056029778421,-112.020833333333,30.1041666666667
0.528489583813613,-111.979166666667,30.1041666666667
0.566739435236053,-111.9375,30.1041666666667
0.573078591307445,-111.895833333333,30.1041666666667
0.552680003949267,-111.854166666667,30.1041666666667
0.523453837233284,-111.8125,30.1041666666667
0.607843476942323,-110.270833333333,30.1041666666667
0.675753709907821,-110.229166666667,30.1041666666667
0.617321895519488,-110.1875,30.1041666666667
0.537789577806478,-110.145833333333,30.1041666666667
0.508462773573869,-110.0625,30.1041666666667
0.602543856413504,-110.020833333333,30.1041666666667
0.617346441068441,-109.979166666667,30.1041666666667
0.618107952434584,-109.9375,30.1041666666667
0.630569888285504,-109.895833333333,30.1041666666667
0.704622229556285,-109.854166666667,30.1041666666667
0.696213205039317,-109.8125,30.1041666666667
0.678812098066925,-109.770833333333,30.1041666666667
0.69147998645728,-109.729166666667,30.1041666666667
0.723611938112828,-109.6875,30.1041666666667
0.623706008500459,-109.645833333333,30.1041666666667
0.550539100761701,-109.604166666667,30.1041666666667
0.612248087962329,-109.5625,30.1041666666667
0.69921696978542,-109.520833333333,30.1041666666667
0.696261957768617,-109.479166666667,30.1041666666667
0.715226910313662,-109.4375,30.1041666666667
0.775626410596479,-109.395833333333,30.1041666666667
0.751528210082307,-109.354166666667,30.1041666666667
0.757070691337952,-109.3125,30.1041666666667
0.772796480865915,-109.270833333333,30.1041666666667
0.814138845766917,-109.229166666667,30.1041666666667
0.560799584426819,-109.1875,30.1041666666667
0.576333376856128,-109.020833333333,30.1041666666667
0.550223399518786,-108.979166666667,30.1041666666667
0.745957321912926,-112.729166666667,30.0625
0.721196850599492,-112.6875,30.0625
0.691323546967313,-112.645833333333,30.0625
0.680413962746887,-112.604166666667,30.0625
0.643319712679439,-112.5625,30.0625
0.578423562926232,-112.520833333333,30.0625
0.592184986385658,-112.479166666667,30.0625
0.606149466352177,-112.4375,30.0625
0.59513212605081,-112.395833333333,30.0625
0.616088564190113,-112.354166666667,30.0625
0.628782260080166,-112.3125,30.0625
0.613193335698084,-112.270833333333,30.0625
0.596812172050539,-112.229166666667,30.0625
0.579540368406198,-112.1875,30.0625
0.575874092804518,-112.145833333333,30.0625
0.575777353054208,-112.104166666667,30.0625
0.549313597986539,-112.0625,30.0625
0.520515779009884,-112.020833333333,30.0625
0.529499809789557,-111.979166666667,30.0625
0.568569728680909,-111.9375,30.0625
0.575033387523704,-111.895833333333,30.0625
0.547546961504476,-111.854166666667,30.0625
0.518185179028837,-111.8125,30.0625
0.520723187481022,-110.3125,30.0625
0.605051734708301,-110.270833333333,30.0625
0.659823008214838,-110.229166666667,30.0625
0.651465101806581,-110.1875,30.0625
0.583828015231175,-110.145833333333,30.0625
0.601881528127463,-110.020833333333,30.0625
0.651703718369022,-109.979166666667,30.0625
0.657481362123306,-109.9375,30.0625
0.648560144752367,-109.895833333333,30.0625
0.696990595428691,-109.854166666667,30.0625
0.665195471254244,-109.8125,30.0625
0.663849239232179,-109.770833333333,30.0625
0.687201743561827,-109.729166666667,30.0625
0.724428965430292,-109.6875,30.0625
0.631138191155986,-109.645833333333,30.0625
0.514344992070739,-109.5625,30.0625
0.718143809508295,-109.520833333333,30.0625
0.777537595398051,-109.479166666667,30.0625
0.780026237818419,-109.4375,30.0625
0.781901885367605,-109.395833333333,30.0625
0.776019637514116,-109.354166666667,30.0625
0.80513581407201,-109.3125,30.0625
0.805103584424731,-109.270833333333,30.0625
0.816028520014855,-109.229166666667,30.0625
0.602245956855338,-109.1875,30.0625
0.74377881602953,-112.729166666667,30.0208333333333
0.742717552695034,-112.6875,30.0208333333333
0.72742742766235,-112.645833333333,30.0208333333333
0.711793091795068,-112.604166666667,30.0208333333333
0.680706458152135,-112.5625,30.0208333333333
0.618515271192703,-112.520833333333,30.0208333333333
0.613392065658045,-112.479166666667,30.0208333333333
0.62313630435163,-112.4375,30.0208333333333
0.599276884324975,-112.395833333333,30.0208333333333
0.621281313722686,-112.354166666667,30.0208333333333
0.646939823546843,-112.3125,30.0208333333333
0.629640924663127,-112.270833333333,30.0208333333333
0.60340582932601,-112.229166666667,30.0208333333333
0.582968326034324,-112.1875,30.0208333333333
0.579157211460316,-112.145833333333,30.0208333333333
0.578083979894809,-112.104166666667,30.0208333333333
0.555750134323073,-112.0625,30.0208333333333
0.555658972709779,-112.020833333333,30.0208333333333
0.559367150646017,-111.979166666667,30.0208333333333
0.573642140429224,-111.9375,30.0208333333333
0.576258808920711,-111.895833333333,30.0208333333333
0.549222569133414,-111.854166666667,30.0208333333333
0.518275954318965,-111.8125,30.0208333333333
0.524715328113479,-110.3125,30.0208333333333
0.596843013734045,-110.270833333333,30.0208333333333
0.622952477868495,-110.229166666667,30.0208333333333
0.642707884946297,-110.1875,30.0208333333333
0.614218799672094,-110.145833333333,30.0208333333333
0.527515969262033,-110.104166666667,30.0208333333333
0.565149368869507,-110.020833333333,30.0208333333333
0.619288108677173,-109.979166666667,30.0208333333333
0.677883081852367,-109.9375,30.0208333333333
0.691469468478725,-109.895833333333,30.0208333333333
0.685582214402982,-109.854166666667,30.0208333333333
0.654349030840631,-109.8125,30.0208333333333
0.651704616724603,-109.770833333333,30.0208333333333
0.679834460890364,-109.729166666667,30.0208333333333
0.706605762569108,-109.6875,30.0208333333333
0.705370541600714,-109.645833333333,30.0208333333333
0.561248076922421,-109.604166666667,30.0208333333333
0.560488335627135,-109.520833333333,30.0208333333333
0.75461460152866,-109.479166666667,30.0208333333333
0.780079623762205,-109.4375,30.0208333333333
0.78936424962574,-109.395833333333,30.0208333333333
0.802891610358244,-109.354166666667,30.0208333333333
0.819027445178472,-109.3125,30.0208333333333
0.825958725364343,-109.270833333333,30.0208333333333
0.821236656089247,-109.229166666667,30.0208333333333
0.677261055070208,-109.1875,30.0208333333333
0.580927381296351,-109.145833333333,30.0208333333333
0.57364221612845,-109.104166666667,30.0208333333333
0.684494200466776,-112.729166666667,29.9791666666667
0.683898321710044,-112.6875,29.9791666666667
0.749491123327745,-112.645833333333,29.9791666666667
0.742993997025405,-112.604166666667,29.9791666666667
0.720976103906533,-112.5625,29.9791666666667
0.68607784440962,-112.520833333333,29.9791666666667
0.674746844292695,-112.479166666667,29.9791666666667
0.660495347114181,-112.4375,29.9791666666667
0.620121700994239,-112.395833333333,29.9791666666667
0.632495417838224,-112.354166666667,29.9791666666667
0.661327413785637,-112.3125,29.9791666666667
0.649882814841333,-112.270833333333,29.9791666666667
0.612965973582946,-112.229166666667,29.9791666666667
0.592496200993304,-112.1875,29.9791666666667
0.590351963198967,-112.145833333333,29.9791666666667
0.585266763544279,-112.104166666667,29.9791666666667
0.572187388703996,-112.0625,29.9791666666667
0.570130428592222,-112.020833333333,29.9791666666667
0.568499732420844,-111.979166666667,29.9791666666667
0.571907982987958,-111.9375,29.9791666666667
0.570217080529191,-111.895833333333,29.9791666666667
0.551250990708182,-111.854166666667,29.9791666666667
0.521661049110896,-111.8125,29.9791666666667
0.537434739789795,-110.3125,29.9791666666667
0.587939723701486,-110.270833333333,29.9791666666667
0.604045769482215,-110.229166666667,29.9791666666667
0.631380936802057,-110.1875,29.9791666666667
0.634755284638777,-110.145833333333,29.9791666666667
0.57146756196633,-110.104166666667,29.9791666666667
0.524283997092445,-110.020833333333,29.9791666666667
0.581306274464581,-109.979166666667,29.9791666666667
0.66662022286483,-109.9375,29.9791666666667
0.701189695766562,-109.895833333333,29.9791666666667
0.696612785238426,-109.854166666667,29.9791666666667
0.673326679388825,-109.8125,29.9791666666667
0.65835684107743,-109.770833333333,29.9791666666667
0.678732255144597,-109.729166666667,29.9791666666667
0.707743717418563,-109.6875,29.9791666666667
0.739347390279982,-109.645833333333,29.9791666666667
0.664592865229973,-109.604166666667,29.9791666666667
0.676291269616347,-109.479166666667,29.9791666666667
0.798093047740532,-109.4375,29.9791666666667
0.816844972207174,-109.395833333333,29.9791666666667
0.836701418051319,-109.354166666667,29.9791666666667
0.8482505736053,-109.3125,29.9791666666667
0.856043460921342,-109.270833333333,29.9791666666667
0.806063336945887,-109.229166666667,29.9791666666667
0.739812862765701,-109.1875,29.9791666666667
0.706945538246815,-109.145833333333,29.9791666666667
0.728362208181064,-109.104166666667,29.9791666666667
0.625025247173396,-109.0625,29.9791666666667
0.573303958835786,-109.020833333333,29.9791666666667
0.690058505762065,-112.729166666667,29.9375
0.685118244833519,-112.6875,29.9375
0.687913423405904,-112.645833333333,29.9375
0.756953965821734,-112.604166666667,29.9375
0.749637811992685,-112.5625,29.9375
0.743679225802229,-112.520833333333,29.9375
0.742596717947839,-112.479166666667,29.9375
0.711370933358481,-112.4375,29.9375
0.647799194050569,-112.395833333333,29.9375
0.645825881741419,-112.354166666667,29.9375
0.663494966835358,-112.3125,29.9375
0.65922086791617,-112.270833333333,29.9375
0.618731119986471,-112.229166666667,29.9375
0.594938370610385,-112.1875,29.9375
0.593467780114338,-112.145833333333,29.9375
0.591126686521822,-112.104166666667,29.9375
0.591665145671651,-112.0625,29.9375
0.589316798971865,-112.020833333333,29.9375
0.568847695827191,-111.979166666667,29.9375
0.559546950121298,-111.9375,29.9375
0.553929077372058,-111.895833333333,29.9375
0.541745849083719,-111.854166666667,29.9375
0.52359315393888,-111.8125,29.9375
0.500861979393163,-111.770833333333,29.9375
0.520002461392149,-110.354166666667,29.9375
0.546622033361097,-110.3125,29.9375
0.585276150947205,-110.270833333333,29.9375
0.627442831797111,-110.229166666667,29.9375
0.654456834842508,-110.1875,29.9375
0.651067815434413,-110.145833333333,29.9375
0.591478824559428,-110.104166666667,29.9375
0.536668867967812,-109.979166666667,29.9375
0.630908988256362,-109.9375,29.9375
0.675943022416726,-109.895833333333,29.9375
0.687999617403526,-109.854166666667,29.9375
0.700358876414149,-109.8125,29.9375
0.694510323659542,-109.770833333333,29.9375
0.694140413265564,-109.729166666667,29.9375
0.705829466858407,-109.6875,29.9375
0.725084837216881,-109.645833333333,29.9375
0.71036967642066,-109.604166666667,29.9375
0.551044506557982,-109.5625,29.9375
0.52539871312382,-109.479166666667,29.9375
0.782156055976471,-109.4375,29.9375
0.821794097037179,-109.395833333333,29.9375
0.846466525325017,-109.354166666667,29.9375
0.86736237136103,-109.3125,29.9375
0.853030444605242,-109.270833333333,29.9375
0.735444896940856,-109.229166666667,29.9375
0.74348553728305,-109.1875,29.9375
0.78823722911809,-109.145833333333,29.9375
0.805471484363477,-109.104166666667,29.9375
0.651429286184294,-109.0625,29.9375
0.69586037593263,-112.645833333333,29.8958333333333
0.691726558603045,-112.604166666667,29.8958333333333
0.756859459310916,-112.5625,29.8958333333333
0.763034149364178,-112.520833333333,29.8958333333333
0.766842573799747,-112.479166666667,29.8958333333333
0.74764470198609,-112.4375,29.8958333333333
0.693148816609154,-112.395833333333,29.8958333333333
0.679302762096451,-112.354166666667,29.8958333333333
0.674500013235249,-112.3125,29.8958333333333
0.666828025436573,-112.270833333333,29.8958333333333
0.63930790277603,-112.229166666667,29.8958333333333
0.616174810823189,-112.1875,29.8958333333333
0.609682828982144,-112.145833333333,29.8958333333333
0.615149144704636,-112.104166666667,29.8958333333333
0.622637581844526,-112.0625,29.8958333333333
0.614323930875261,-112.020833333333,29.8958333333333
0.571949565046831,-111.979166666667,29.8958333333333
0.548647614979583,-111.9375,29.8958333333333
0.539951114301884,-111.895833333333,29.8958333333333
0.519676003038659,-111.854166666667,29.8958333333333
0.501989645550886,-111.8125,29.8958333333333
0.503359170334526,-111.770833333333,29.8958333333333
0.526941484298792,-110.3125,29.8958333333333
0.595575754295895,-110.270833333333,29.8958333333333
0.66857363562387,-110.229166666667,29.8958333333333
0.69231071432475,-110.1875,29.8958333333333
0.666991813908887,-110.145833333333,29.8958333333333
0.599874361994397,-110.104166666667,29.8958333333333
0.590274340213851,-109.9375,29.8958333333333
0.648920360703591,-109.895833333333,29.8958333333333
0.676125024573402,-109.854166666667,29.8958333333333
0.690641134599841,-109.8125,29.8958333333333
0.67742897776373,-109.770833333333,29.8958333333333
0.67902105042742,-109.729166666667,29.8958333333333
0.682760857602228,-109.6875,29.8958333333333
0.696758261182648,-109.645833333333,29.8958333333333
0.718008202264133,-109.604166666667,29.8958333333333
0.657015136380094,-109.5625,29.8958333333333
0.502363899815233,-109.479166666667,29.8958333333333
0.737001995497458,-109.4375,29.8958333333333
0.803302308159404,-109.395833333333,29.8958333333333
0.846341210743506,-109.354166666667,29.8958333333333
0.890267050330111,-109.3125,29.8958333333333
0.82718864744513,-109.270833333333,29.8958333333333
0.637728548299412,-109.229166666667,29.8958333333333
0.741323067352235,-109.1875,29.8958333333333
0.850863842989844,-109.145833333333,29.8958333333333
0.828917812640925,-109.104166666667,29.8958333333333
0.592181812632985,-109.0625,29.8958333333333
0.703609009737045,-112.645833333333,29.8541666666667
0.764887449480569,-112.604166666667,29.8541666666667
0.760956159646003,-112.5625,29.8541666666667
0.766542613794771,-112.520833333333,29.8541666666667
0.778197725438409,-112.479166666667,29.8541666666667
0.77274257502211,-112.4375,29.8541666666667
0.732843265391397,-112.395833333333,29.8541666666667
0.700163324898097,-112.354166666667,29.8541666666667
0.691071679647072,-112.3125,29.8541666666667
0.674044438034388,-112.270833333333,29.8541666666667
0.662203149546812,-112.229166666667,29.8541666666667
0.660979554807319,-112.1875,29.8541666666667
0.650544232755646,-112.145833333333,29.8541666666667
0.649987671716389,-112.104166666667,29.8541666666667
0.648322882170836,-112.0625,29.8541666666667
0.629467964103146,-112.020833333333,29.8541666666667
0.573752873072407,-111.979166666667,29.8541666666667
0.544464353900158,-111.9375,29.8541666666667
0.527163543248752,-111.895833333333,29.8541666666667
0.619098997370017,-110.270833333333,29.8541666666667
0.705209418314514,-110.229166666667,29.8541666666667
0.727226190560969,-110.1875,29.8541666666667
0.689049716428156,-110.145833333333,29.8541666666667
0.614098943191572,-110.104166666667,29.8541666666667
0.556359511339443,-110.0625,29.8541666666667
0.568568469441515,-109.9375,29.8541666666667
0.649162905460529,-109.895833333333,29.8541666666667
0.672374473216748,-109.854166666667,29.8541666666667
0.684237898449757,-109.8125,29.8541666666667
0.672283851732396,-109.770833333333,29.8541666666667
0.666605132026342,-109.729166666667,29.8541666666667
0.667372046023893,-109.6875,29.8541666666667
0.679117987387493,-109.645833333333,29.8541666666667
0.705980966726938,-109.604166666667,29.8541666666667
0.714248289920762,-109.5625,29.8541666666667
0.685340523370224,-109.520833333333,29.8541666666667
0.669703537791671,-109.479166666667,29.8541666666667
0.730382810713565,-109.4375,29.8541666666667
0.731650368765459,-109.395833333333,29.8541666666667
0.824714351564077,-109.354166666667,29.8541666666667
0.910157396463751,-109.3125,29.8541666666667
0.847745504537953,-109.270833333333,29.8541666666667
0.631853004265885,-109.229166666667,29.8541666666667
0.743208194815185,-109.1875,29.8541666666667
0.848716195302341,-109.145833333333,29.8541666666667
0.813536810374677,-109.104166666667,29.8541666666667
0.501010774804008,-109.0625,29.8541666666667
0.774049955241671,-112.604166666667,29.8125
0.764028035963048,-112.5625,29.8125
0.776567149947873,-112.520833333333,29.8125
0.791372883363001,-112.479166666667,29.8125
0.790493795257191,-112.4375,29.8125
0.766708983487654,-112.395833333333,29.8125
0.72785716964507,-112.354166666667,29.8125
0.710330641979193,-112.3125,29.8125
0.687672657856451,-112.270833333333,29.8125
0.689289252431683,-112.229166666667,29.8125
0.705375287043907,-112.1875,29.8125
0.693419498726491,-112.145833333333,29.8125
0.679577619181066,-112.104166666667,29.8125
0.66956512748875,-112.0625,29.8125
0.649130856655814,-112.020833333333,29.8125
0.595110678803336,-111.979166666667,29.8125
0.548897916051554,-111.9375,29.8125
0.516539454245306,-111.895833333333,29.8125
0.507972007561654,-111.6875,29.8125
0.515251799211329,-110.979166666667,29.8125
0.515875293651282,-110.9375,29.8125
0.506575023877163,-110.895833333333,29.8125
0.621078540016852,-110.270833333333,29.8125
0.733454234930087,-110.229166666667,29.8125
0.746235637569531,-110.1875,29.8125
0.711330449843175,-110.145833333333,29.8125
0.653924431476597,-110.104166666667,29.8125
0.609022380751528,-110.0625,29.8125
0.5288998260489,-110.020833333333,29.8125
0.561058667761676,-109.9375,29.8125
0.646076375216399,-109.895833333333,29.8125
0.676237754639264,-109.854166666667,29.8125
0.689172395159936,-109.8125,29.8125
0.684653383026803,-109.770833333333,29.8125
0.663606429196589,-109.729166666667,29.8125
0.654158774564641,-109.6875,29.8125
0.66207332983054,-109.645833333333,29.8125
0.699071009961309,-109.604166666667,29.8125
0.73971602453511,-109.5625,29.8125
0.769253926471217,-109.520833333333,29.8125
0.77505971354956,-109.479166666667,29.8125
0.764153345921354,-109.4375,29.8125
0.679067388110488,-109.395833333333,29.8125
0.781532330168851,-109.354166666667,29.8125
0.901230717491432,-109.3125,29.8125
0.896038305319268,-109.270833333333,29.8125
0.72216184894119,-109.229166666667,29.8125
0.745315837050976,-109.1875,29.8125
0.831621445891386,-109.145833333333,29.8125
0.793912836384306,-109.104166666667,29.8125
0.568098156721606,-109.0625,29.8125
0.531935785544036,-108.895833333333,29.8125
0.779819798354132,-112.5625,29.7708333333333
0.784964342202601,-112.520833333333,29.7708333333333
0.797932567873527,-112.479166666667,29.7708333333333
0.801150261127715,-112.4375,29.7708333333333
0.798767544420443,-112.395833333333,29.7708333333333
0.780193491470133,-112.354166666667,29.7708333333333
0.749015406730282,-112.3125,29.7708333333333
0.718493653055543,-112.270833333333,29.7708333333333
0.732059750521914,-112.229166666667,29.7708333333333
0.750846493783692,-112.1875,29.7708333333333
0.739604796043414,-112.145833333333,29.7708333333333
0.714631827124399,-112.104166666667,29.7708333333333
0.701879073920263,-112.0625,29.7708333333333
0.690104377428067,-112.020833333333,29.7708333333333
0.649861776719178,-111.979166666667,29.7708333333333
0.593003483622509,-111.9375,29.7708333333333
0.546037697889369,-111.895833333333,29.7708333333333
0.514435484442067,-111.854166666667,29.7708333333333
0.506180448266509,-111.770833333333,29.7708333333333
0.517320206100462,-111.729166666667,29.7708333333333
0.526227146192192,-111.6875,29.7708333333333
0.535850223773438,-111.645833333333,29.7708333333333
0.50202249362113,-111.604166666667,29.7708333333333
0.529371787495111,-111.020833333333,29.7708333333333
0.548250069795273,-110.979166666667,29.7708333333333
0.545052129704235,-110.9375,29.7708333333333
0.529883144258782,-110.895833333333,29.7708333333333
0.512072250407184,-110.5625,29.7708333333333
0.595504442711428,-110.270833333333,29.7708333333333
0.711079755671249,-110.229166666667,29.7708333333333
0.754221965211705,-110.1875,29.7708333333333
0.745522461585899,-110.145833333333,29.7708333333333
0.701443787859425,-110.104166666667,29.7708333333333
0.645642276612079,-110.0625,29.7708333333333
0.599311403312167,-110.020833333333,29.7708333333333
0.524135280714059,-109.979166666667,29.7708333333333
0.559633403540049,-109.9375,29.7708333333333
0.621780132305976,-109.895833333333,29.7708333333333
0.665584437464342,-109.854166666667,29.7708333333333
0.675473458032586,-109.8125,29.7708333333333
0.658962724807674,-109.770833333333,29.7708333333333
0.668768242567263,-109.729166666667,29.7708333333333
0.659058318737605,-109.6875,29.7708333333333
0.658746089426664,-109.645833333333,29.7708333333333
0.699275551259755,-109.604166666667,29.7708333333333
0.74146663420701,-109.5625,29.7708333333333
0.773849953467503,-109.520833333333,29.7708333333333
0.777819271372649,-109.479166666667,29.7708333333333
0.748305033598477,-109.4375,29.7708333333333
0.671697425082394,-109.395833333333,29.7708333333333
0.793966102149941,-109.354166666667,29.7708333333333
0.888484614943377,-109.3125,29.7708333333333
0.905100275267762,-109.270833333333,29.7708333333333
0.817934343591836,-109.229166666667,29.7708333333333
0.789204102694133,-109.1875,29.7708333333333
0.821865227289982,-109.145833333333,29.7708333333333
0.784683960158661,-109.104166666667,29.7708333333333
0.68333377270244,-109.0625,29.7708333333333
0.641701250817891,-109.020833333333,29.7708333333333
0.554918815767183,-108.979166666667,29.7708333333333
0.568580546674614,-108.895833333333,29.7708333333333
0.802809147248104,-112.5625,29.7291666666667
0.795152948593055,-112.520833333333,29.7291666666667
0.793682812513544,-112.479166666667,29.7291666666667
0.809107301656492,-112.4375,29.7291666666667
0.820208115258324,-112.395833333333,29.7291666666667
0.818198559564145,-112.354166666667,29.7291666666667
0.799979932837686,-112.3125,29.7291666666667
0.771332413384374,-112.270833333333,29.7291666666667
0.769678404876951,-112.229166666667,29.7291666666667
0.789778048612033,-112.1875,29.7291666666667
0.780054377193587,-112.145833333333,29.7291666666667
0.764833010461512,-112.104166666667,29.7291666666667
0.738939336046335,-112.0625,29.7291666666667
0.730596378937955,-112.020833333333,29.7291666666667
0.710205052216027,-111.979166666667,29.7291666666667
0.669243503576636,-111.9375,29.7291666666667
0.622214150426753,-111.895833333333,29.7291666666667
0.585812020750584,-111.854166666667,29.7291666666667
0.555622792301295,-111.8125,29.7291666666667
0.528007600126065,-111.770833333333,29.7291666666667
0.518462168656158,-111.729166666667,29.7291666666667
0.517562245786046,-111.6875,29.7291666666667
0.541299208122423,-111.645833333333,29.7291666666667
0.563948625939526,-111.604166666667,29.7291666666667
0.566338758759906,-111.5625,29.7291666666667
0.553004109711233,-111.520833333333,29.7291666666667
0.510903162922269,-111.479166666667,29.7291666666667
0.51647358943524,-111.229166666667,29.7291666666667
0.535249388680591,-111.1875,29.7291666666667
0.541190166196372,-111.145833333333,29.7291666666667
0.533308407394999,-111.104166666667,29.7291666666667
0.544030791107382,-111.0625,29.7291666666667
0.573956377136795,-111.020833333333,29.7291666666667
0.58083474707706,-110.979166666667,29.7291666666667
0.578090230878555,-110.9375,29.7291666666667
0.55902692776085,-110.895833333333,29.7291666666667
0.513714816630569,-110.854166666667,29.7291666666667
0.506572658678627,-110.8125,29.7291666666667
0.520049005274105,-110.770833333333,29.7291666666667
0.500196436193409,-110.729166666667,29.7291666666667
0.541391730486273,-110.5625,29.7291666666667
0.527981454386719,-110.520833333333,29.7291666666667
0.530429224694467,-110.479166666667,29.7291666666667
0.524060348079439,-110.4375,29.7291666666667
0.505312899594668,-110.395833333333,29.7291666666667
0.536368647143672,-110.270833333333,29.7291666666667
0.635935423933229,-110.229166666667,29.7291666666667
0.726996429088084,-110.1875,29.7291666666667
0.765611772809314,-110.145833333333,29.7291666666667
0.736761417093706,-110.104166666667,29.7291666666667
0.670938868040194,-110.0625,29.7291666666667
0.645391502885647,-110.020833333333,29.7291666666667
0.557989357652257,-109.979166666667,29.7291666666667
0.571052668284381,-109.9375,29.7291666666667
0.618843541729146,-109.895833333333,29.7291666666667
0.646589467336873,-109.854166666667,29.7291666666667
0.665834937426525,-109.8125,29.7291666666667
0.635092536389102,-109.770833333333,29.7291666666667
0.681927896323363,-109.729166666667,29.7291666666667
0.691061168754736,-109.6875,29.7291666666667
0.692955492919185,-109.645833333333,29.7291666666667
0.732620786516877,-109.604166666667,29.7291666666667
0.776182474008704,-109.5625,29.7291666666667
0.803398633423878,-109.520833333333,29.7291666666667
0.783756764433456,-109.479166666667,29.7291666666667
0.750329294551516,-109.4375,29.7291666666667
0.746961570187814,-109.395833333333,29.7291666666667
0.841163120225162,-109.354166666667,29.7291666666667
0.899276371582597,-109.3125,29.7291666666667
0.902654711754564,-109.270833333333,29.7291666666667
0.866739031575354,-109.229166666667,29.7291666666667
0.805037903292618,-109.1875,29.7291666666667
0.793871160704163,-109.145833333333,29.7291666666667
0.757957667037687,-109.104166666667,29.7291666666667
0.684634060255218,-109.0625,29.7291666666667
0.761984318236082,-109.020833333333,29.7291666666667
0.777958571543952,-108.979166666667,29.7291666666667
0.697747149341893,-108.9375,29.7291666666667
0.605209268410687,-108.895833333333,29.7291666666667
0.503795500629694,-108.854166666667,29.7291666666667
0.824291208978402,-112.520833333333,29.6875
0.788413170433159,-112.479166666667,29.6875
0.809030248163593,-112.4375,29.6875
0.830290282769861,-112.395833333333,29.6875
0.836906182804455,-112.354166666667,29.6875
0.834616159207112,-112.3125,29.6875
0.820056472230617,-112.270833333333,29.6875
0.811581869302237,-112.229166666667,29.6875
0.811582605826656,-112.1875,29.6875
0.806625484155691,-112.145833333333,29.6875
0.812203333091164,-112.104166666667,29.6875
0.791890724191375,-112.0625,29.6875
0.77700511856934,-112.020833333333,29.6875
0.759931934646548,-111.979166666667,29.6875
0.737393331598993,-111.9375,29.6875
0.706062207538747,-111.895833333333,29.6875
0.668338548829231,-111.854166666667,29.6875
0.627254585903822,-111.8125,29.6875
0.575771339287884,-111.770833333333,29.6875
0.534337630958322,-111.729166666667,29.6875
0.512625608570357,-111.6875,29.6875
0.514756136703853,-111.645833333333,29.6875
0.572702801979224,-111.604166666667,29.6875
0.62745689789942,-111.5625,29.6875
0.62912091050754,-111.520833333333,29.6875
0.598514575934908,-111.479166666667,29.6875
0.542944334942439,-111.4375,29.6875
0.536863665503152,-111.395833333333,29.6875
0.53431038597224,-111.354166666667,29.6875
0.534246395648987,-111.3125,29.6875
0.552788752000544,-111.270833333333,29.6875
0.569137076550176,-111.229166666667,29.6875
0.579550451855204,-111.1875,29.6875
0.594983833341892,-111.145833333333,29.6875
0.592279921074648,-111.104166666667,29.6875
0.596659447325544,-111.0625,29.6875
0.62125150172188,-111.020833333333,29.6875
0.627017653005225,-110.979166666667,29.6875
0.625023680801231,-110.9375,29.6875
0.607296048985631,-110.895833333333,29.6875
0.560834339036876,-110.854166666667,29.6875
0.546933351964616,-110.8125,29.6875
0.569187395082868,-110.770833333333,29.6875
0.552459838602357,-110.729166666667,29.6875
0.522500238084704,-110.6875,29.6875
0.519527977115788,-110.604166666667,29.6875
0.568238780122249,-110.5625,29.6875
0.566922863461052,-110.520833333333,29.6875
0.562028098585593,-110.479166666667,29.6875
0.542559386809213,-110.4375,29.6875
0.539624633565901,-110.395833333333,29.6875
0.54570075239404,-110.354166666667,29.6875
0.586266158515147,-110.229166666667,29.6875
0.688911864153444,-110.1875,29.6875
0.757509222344544,-110.145833333333,29.6875
0.754548718271951,-110.104166666667,29.6875
0.722881323218838,-110.0625,29.6875
0.665473434232688,-110.020833333333,29.6875
0.588634564412242,-109.979166666667,29.6875
0.608648545028216,-109.9375,29.6875
0.654014871536659,-109.895833333333,29.6875
0.666831749373633,-109.854166666667,29.6875
0.669037484863272,-109.8125,29.6875
0.616939654012457,-109.770833333333,29.6875
0.688795817557396,-109.729166666667,29.6875
0.732327323779416,-109.6875,29.6875
0.76594854600808,-109.645833333333,29.6875
0.798103035445864,-109.604166666667,29.6875
0.820198203668256,-109.5625,29.6875
0.826303580553208,-109.520833333333,29.6875
0.812542261590757,-109.479166666667,29.6875
0.809625785902453,-109.4375,29.6875
0.807896431740897,-109.395833333333,29.6875
0.825184520373208,-109.354166666667,29.6875
0.85537065069177,-109.3125,29.6875
0.897271410225304,-109.270833333333,29.6875
0.882262172357194,-109.229166666667,29.6875
0.792111637690246,-109.1875,29.6875
0.739400989925703,-109.145833333333,29.6875
0.719311787727131,-109.104166666667,29.6875
0.653910423012162,-109.0625,29.6875
0.754884289849661,-109.020833333333,29.6875
0.814848349683367,-108.979166666667,29.6875
0.738063248256529,-108.9375,29.6875
0.585715170842265,-108.895833333333,29.6875
0.596245080595483,-108.854166666667,29.6875
0.790286914688684,-112.479166666667,29.6458333333333
0.796274807060558,-112.4375,29.6458333333333
0.834423995523086,-112.395833333333,29.6458333333333
0.850066022145069,-112.354166666667,29.6458333333333
0.851820473489639,-112.3125,29.6458333333333
0.845274995217802,-112.270833333333,29.6458333333333
0.843015694614459,-112.229166666667,29.6458333333333
0.831500025739942,-112.1875,29.6458333333333
0.829719268769984,-112.145833333333,29.6458333333333
0.841745040989872,-112.104166666667,29.6458333333333
0.834504537126689,-112.0625,29.6458333333333
0.817621594851155,-112.020833333333,29.6458333333333
0.803575621688041,-111.979166666667,29.6458333333333
0.783247373720072,-111.9375,29.6458333333333
0.76521999746602,-111.895833333333,29.6458333333333
0.744502109201229,-111.854166666667,29.6458333333333
0.719832014340159,-111.8125,29.6458333333333
0.677449333827502,-111.770833333333,29.6458333333333
0.617654176580636,-111.729166666667,29.6458333333333
0.57599159267645,-111.6875,29.6458333333333
0.537695842078857,-111.645833333333,29.6458333333333
0.590050273947078,-111.604166666667,29.6458333333333
0.645095698359804,-111.5625,29.6458333333333
0.662908000565526,-111.520833333333,29.6458333333333
0.647908876118926,-111.479166666667,29.6458333333333
0.602049291270747,-111.4375,29.6458333333333
0.591061317682691,-111.395833333333,29.6458333333333
0.607989077718343,-111.354166666667,29.6458333333333
0.601704816934892,-111.3125,29.6458333333333
0.612767159472138,-111.270833333333,29.6458333333333
0.627629798673989,-111.229166666667,29.6458333333333
0.628690207687167,-111.1875,29.6458333333333
0.637983415522409,-111.145833333333,29.6458333333333
0.640452127456933,-111.104166666667,29.6458333333333
0.634106450773388,-111.0625,29.6458333333333
0.658638694572686,-111.020833333333,29.6458333333333
0.664193769615359,-110.979166666667,29.6458333333333
0.667019271095529,-110.9375,29.6458333333333
0.660010353092816,-110.895833333333,29.6458333333333
0.630766099487526,-110.854166666667,29.6458333333333
0.598836115347701,-110.8125,29.6458333333333
0.607639149060714,-110.770833333333,29.6458333333333
0.595621908923293,-110.729166666667,29.6458333333333
0.549406461591871,-110.6875,29.6458333333333
0.51565435151347,-110.645833333333,29.6458333333333
0.533872939435361,-110.604166666667,29.6458333333333
0.574293864776075,-110.5625,29.6458333333333
0.584265856413361,-110.520833333333,29.6458333333333
0.576101688289576,-110.479166666667,29.6458333333333
0.570728028431547,-110.4375,29.6458333333333
0.58374946940683,-110.395833333333,29.6458333333333
0.578851946632368,-110.354166666667,29.6458333333333
0.500836343721711,-110.3125,29.6458333333333
0.580605217338229,-110.229166666667,29.6458333333333
0.683108825073943,-110.1875,29.6458333333333
0.728728310124045,-110.145833333333,29.6458333333333
0.742821015338157,-110.104166666667,29.6458333333333
0.708635413302195,-110.0625,29.6458333333333
0.646514733525669,-110.020833333333,29.6458333333333
0.615743084322786,-109.979166666667,29.6458333333333
0.65841020407393,-109.9375,29.6458333333333
0.680200507675465,-109.895833333333,29.6458333333333
0.686271872200947,-109.854166666667,29.6458333333333
0.688417473746363,-109.8125,29.6458333333333
0.648154812062137,-109.770833333333,29.6458333333333
0.693383078523037,-109.729166666667,29.6458333333333
0.762146828700698,-109.6875,29.6458333333333
0.820435848580716,-109.645833333333,29.6458333333333
0.848105221040558,-109.604166666667,29.6458333333333
0.853253652728167,-109.5625,29.6458333333333
0.851487103312139,-109.520833333333,29.6458333333333
0.848564716304209,-109.479166666667,29.6458333333333
0.852581430767494,-109.4375,29.6458333333333
0.822225445127712,-109.395833333333,29.6458333333333
0.765537362769785,-109.354166666667,29.6458333333333
0.734775019287611,-109.3125,29.6458333333333
0.845968458929694,-109.270833333333,29.6458333333333
0.889967605414401,-109.229166666667,29.6458333333333
0.772754198812784,-109.1875,29.6458333333333
0.698280478987714,-109.145833333333,29.6458333333333
0.720456064334394,-109.104166666667,29.6458333333333
0.657340309501212,-109.0625,29.6458333333333
0.734766526432533,-109.020833333333,29.6458333333333
0.802338835251965,-108.979166666667,29.6458333333333
0.694040497607341,-108.9375,29.6458333333333
0.628003950077815,-108.854166666667,29.6458333333333
0.503116158446908,-108.8125,29.6458333333333
0.818190151503024,-112.479166666667,29.6041666666667
0.80834208037521,-112.4375,29.6041666666667
0.848211542453874,-112.395833333333,29.6041666666667
0.857656196408339,-112.354166666667,29.6041666666667
0.846721192695445,-112.3125,29.6041666666667
0.847206523378809,-112.270833333333,29.6041666666667
0.853772544972729,-112.229166666667,29.6041666666667
0.853006110260744,-112.1875,29.6041666666667
0.846675983358436,-112.145833333333,29.6041666666667
0.853717466488509,-112.104166666667,29.6041666666667
0.858566113033962,-112.0625,29.6041666666667
0.843355430780696,-112.020833333333,29.6041666666667
0.833295356389769,-111.979166666667,29.6041666666667
0.819909776731701,-111.9375,29.6041666666667
0.809586566452009,-111.895833333333,29.6041666666667
0.797047593505828,-111.854166666667,29.6041666666667
0.785617466216294,-111.8125,29.6041666666667
0.767934647197278,-111.770833333333,29.6041666666667
0.730663653378322,-111.729166666667,29.6041666666667
0.70309509546131,-111.6875,29.6041666666667
0.657230288385073,-111.645833333333,29.6041666666667
0.672033282160187,-111.604166666667,29.6041666666667
0.663763971828376,-111.5625,29.6041666666667
0.681338706851492,-111.520833333333,29.6041666666667
0.700178875793744,-111.479166666667,29.6041666666667
0.663762000749022,-111.4375,29.6041666666667
0.638970124666423,-111.395833333333,29.6041666666667
0.675968723809984,-111.354166666667,29.6041666666667
0.665182083475804,-111.3125,29.6041666666667
0.667558539520479,-111.270833333333,29.6041666666667
0.674275825080852,-111.229166666667,29.6041666666667
0.677300104823889,-111.1875,29.6041666666667
0.675657107060777,-111.145833333333,29.6041666666667
0.68899408716609,-111.104166666667,29.6041666666667
0.665590898927224,-111.0625,29.6041666666667
0.689569455571423,-111.020833333333,29.6041666666667
0.697539878442597,-110.979166666667,29.6041666666667
0.705755034504548,-110.9375,29.6041666666667
0.704739654024762,-110.895833333333,29.6041666666667
0.689320472755251,-110.854166666667,29.6041666666667
0.654667369977865,-110.8125,29.6041666666667
0.64326992216251,-110.770833333333,29.6041666666667
0.620495714527969,-110.729166666667,29.6041666666667
0.604908105315696,-110.6875,29.6041666666667
0.577599456917558,-110.645833333333,29.6041666666667
0.560411335982355,-110.604166666667,29.6041666666667
0.577182487212163,-110.5625,29.6041666666667
0.58618034280716,-110.520833333333,29.6041666666667
0.587532962181177,-110.479166666667,29.6041666666667
0.58946808554152,-110.4375,29.6041666666667
0.596478365535825,-110.395833333333,29.6041666666667
0.601002379277629,-110.354166666667,29.6041666666667
0.543857244280911,-110.3125,29.6041666666667
0.557682672742135,-110.229166666667,29.6041666666667
0.672195050251277,-110.1875,29.6041666666667
0.693203529707183,-110.145833333333,29.6041666666667
0.718708932310513,-110.104166666667,29.6041666666667
0.70279099054375,-110.0625,29.6041666666667
0.651108011925811,-110.020833333333,29.6041666666667
0.629690897979967,-109.979166666667,29.6041666666667
0.674811953190814,-109.9375,29.6041666666667
0.704640556981253,-109.895833333333,29.6041666666667
0.709574068826866,-109.854166666667,29.6041666666667
0.726058196800479,-109.8125,29.6041666666667
0.692242517159474,-109.770833333333,29.6041666666667
0.689840592429975,-109.729166666667,29.6041666666667
0.776590728277845,-109.6875,29.6041666666667
0.84790504303592,-109.645833333333,29.6041666666667
0.872137355546056,-109.604166666667,29.6041666666667
0.876807288566453,-109.5625,29.6041666666667
0.869940712067627,-109.520833333333,29.6041666666667
0.876625381979706,-109.479166666667,29.6041666666667
0.868989145380369,-109.4375,29.6041666666667
0.803998724473726,-109.395833333333,29.6041666666667
0.675110436384469,-109.354166666667,29.6041666666667
0.62958874877073,-109.3125,29.6041666666667
0.770807857849908,-109.270833333333,29.6041666666667
0.888408564712654,-109.229166666667,29.6041666666667
0.784561378780677,-109.1875,29.6041666666667
0.693726307445479,-109.145833333333,29.6041666666667
0.758879891423309,-109.104166666667,29.6041666666667
0.723928222861661,-109.0625,29.6041666666667
0.748227707857339,-109.020833333333,29.6041666666667
0.7777766492575,-108.979166666667,29.6041666666667
0.66151800500546,-108.9375,29.6041666666667
0.604425877860234,-108.854166666667,29.6041666666667
0.593442873912556,-108.8125,29.6041666666667
0.870056870806399,-112.395833333333,29.5625
0.862700656421244,-112.354166666667,29.5625
0.82935228745534,-112.3125,29.5625
0.835650447786864,-112.270833333333,29.5625
0.852228737087161,-112.229166666667,29.5625
0.859402870636641,-112.1875,29.5625
0.859236996036375,-112.145833333333,29.5625
0.865580775572126,-112.104166666667,29.5625
0.868288070964731,-112.0625,29.5625
0.857908682878075,-112.020833333333,29.5625
0.846641435708565,-111.979166666667,29.5625
0.837229652040859,-111.9375,29.5625
0.836546927027621,-111.895833333333,29.5625
0.833565836044856,-111.854166666667,29.5625
0.824206836632967,-111.8125,29.5625
0.818885263414765,-111.770833333333,29.5625
0.809731857140302,-111.729166666667,29.5625
0.797864763068666,-111.6875,29.5625
0.774840591448646,-111.645833333333,29.5625
0.767648545803399,-111.604166666667,29.5625
0.726942669965617,-111.5625,29.5625
0.729389554908574,-111.520833333333,29.5625
0.763663952299723,-111.479166666667,29.5625
0.727362777199977,-111.4375,29.5625
0.682129760897858,-111.395833333333,29.5625
0.730411123873091,-111.354166666667,29.5625
0.721331884212521,-111.3125,29.5625
0.718120422534779,-111.270833333333,29.5625
0.712709940896664,-111.229166666667,29.5625
0.71711967699343,-111.1875,29.5625
0.70311880099531,-111.145833333333,29.5625
0.720031026977788,-111.104166666667,29.5625
0.72358358143783,-111.0625,29.5625
0.727887337740118,-111.020833333333,29.5625
0.740341712564401,-110.979166666667,29.5625
0.750726667723551,-110.9375,29.5625
0.749816397710422,-110.895833333333,29.5625
0.733362879321526,-110.854166666667,29.5625
0.708867460882018,-110.8125,29.5625
0.681947981951339,-110.770833333333,29.5625
0.661489151930473,-110.729166666667,29.5625
0.661923659588968,-110.6875,29.5625
0.632924973477086,-110.645833333333,29.5625
0.605039778816432,-110.604166666667,29.5625
0.598083710489295,-110.5625,29.5625
0.588047281875016,-110.520833333333,29.5625
0.588677103989576,-110.479166666667,29.5625
0.59195058664208,-110.4375,29.5625
0.597316722328812,-110.395833333333,29.5625
0.598012923172706,-110.354166666667,29.5625
0.571642593439218,-110.3125,29.5625
0.539107754125487,-110.270833333333,29.5625
0.56962888963745,-110.229166666667,29.5625
0.65089684332312,-110.1875,29.5625
0.671792207842262,-110.145833333333,29.5625
0.67848452899769,-110.104166666667,29.5625
0.680406747659977,-110.0625,29.5625
0.627522687480627,-110.020833333333,29.5625
0.599800876729483,-109.979166666667,29.5625
0.657969496266895,-109.9375,29.5625
0.707342735612231,-109.895833333333,29.5625
0.726117424082706,-109.854166666667,29.5625
0.734455688256429,-109.8125,29.5625
0.709045623617683,-109.770833333333,29.5625
0.693312825313576,-109.729166666667,29.5625
0.779487969187721,-109.6875,29.5625
0.861397024855831,-109.645833333333,29.5625
0.891553544447498,-109.604166666667,29.5625
0.900006052046707,-109.5625,29.5625
0.894352426626461,-109.520833333333,29.5625
0.901172938843179,-109.479166666667,29.5625
0.881077450341125,-109.4375,29.5625
0.807055083281121,-109.395833333333,29.5625
0.649665569727409,-109.354166666667,29.5625
0.638580033585096,-109.3125,29.5625
0.78677995969724,-109.270833333333,29.5625
0.897890650162956,-109.229166666667,29.5625
0.826627761693369,-109.1875,29.5625
0.743193038287108,-109.145833333333,29.5625
0.761837859337416,-109.104166666667,29.5625
0.743449002295447,-109.0625,29.5625
0.761224932011869,-109.020833333333,29.5625
0.740756736082506,-108.979166666667,29.5625
0.634860116283668,-108.9375,29.5625
0.591258905115398,-108.854166666667,29.5625
0.561138959705679,-108.8125,29.5625
0.896432236474461,-112.395833333333,29.5208333333333
0.880266700251086,-112.354166666667,29.5208333333333
0.835993970158614,-112.3125,29.5208333333333
0.819512771949008,-112.270833333333,29.5208333333333
0.842100574236849,-112.229166666667,29.5208333333333
0.860799885414391,-112.1875,29.5208333333333
0.868822184347148,-112.145833333333,29.5208333333333
0.867279028067278,-112.104166666667,29.5208333333333
0.851725460091485,-112.0625,29.5208333333333
0.845806665283685,-112.020833333333,29.5208333333333
0.842771312727851,-111.979166666667,29.5208333333333
0.844509501432033,-111.9375,29.5208333333333
0.852783338782121,-111.895833333333,29.5208333333333
0.857642750004614,-111.854166666667,29.5208333333333
0.85381399045553,-111.8125,29.5208333333333
0.850706311328031,-111.770833333333,29.5208333333333
0.857278401769317,-111.729166666667,29.5208333333333
0.851672758999571,-111.6875,29.5208333333333
0.833090917502033,-111.645833333333,29.5208333333333
0.826175038480238,-111.604166666667,29.5208333333333
0.808795429719722,-111.5625,29.5208333333333
0.803435591439292,-111.520833333333,29.5208333333333
0.810451389123703,-111.479166666667,29.5208333333333
0.786951068851534,-111.4375,29.5208333333333
0.739999315880389,-111.395833333333,29.5208333333333
0.770209096615813,-111.354166666667,29.5208333333333
0.766741096599972,-111.3125,29.5208333333333
0.762205968091568,-111.270833333333,29.5208333333333
0.747574642024533,-111.229166666667,29.5208333333333
0.745534199946265,-111.1875,29.5208333333333
0.722600344780291,-111.145833333333,29.5208333333333
0.728258722049861,-111.104166666667,29.5208333333333
0.752997387960706,-111.0625,29.5208333333333
0.757338355982029,-111.020833333333,29.5208333333333
0.768759515460143,-110.979166666667,29.5208333333333
0.791291825321797,-110.9375,29.5208333333333
0.793278014284888,-110.895833333333,29.5208333333333
0.774423091124834,-110.854166666667,29.5208333333333
0.738947817606221,-110.8125,29.5208333333333
0.716308596753691,-110.770833333333,29.5208333333333
0.708679857373886,-110.729166666667,29.5208333333333
0.692616037324757,-110.6875,29.5208333333333
0.660918932677525,-110.645833333333,29.5208333333333
0.62379634433375,-110.604166666667,29.5208333333333
0.606899851809261,-110.5625,29.5208333333333
0.598949659613697,-110.520833333333,29.5208333333333
0.600973649032678,-110.479166666667,29.5208333333333
0.596274918056392,-110.4375,29.5208333333333
0.588629740811912,-110.395833333333,29.5208333333333
0.583473274028779,-110.354166666667,29.5208333333333
0.571604457075896,-110.3125,29.5208333333333
0.578658672289975,-110.270833333333,29.5208333333333
0.615293697885288,-110.229166666667,29.5208333333333
0.635778415306965,-110.1875,29.5208333333333
0.638127933399323,-110.145833333333,29.5208333333333
0.640686564039215,-110.104166666667,29.5208333333333
0.663211793633721,-110.0625,29.5208333333333
0.627635235948938,-110.020833333333,29.5208333333333
0.575399497606462,-109.979166666667,29.5208333333333
0.647287983789354,-109.9375,29.5208333333333
0.699720160084082,-109.895833333333,29.5208333333333
0.730725292177695,-109.854166666667,29.5208333333333
0.739885383034332,-109.8125,29.5208333333333
0.717864537248212,-109.770833333333,29.5208333333333
0.687635527895448,-109.729166666667,29.5208333333333
0.768389348060859,-109.6875,29.5208333333333
0.86399703128647,-109.645833333333,29.5208333333333
0.898712144799322,-109.604166666667,29.5208333333333
0.914325043356488,-109.5625,29.5208333333333
0.914382041720878,-109.520833333333,29.5208333333333
0.908881424646378,-109.479166666667,29.5208333333333
0.872955244044195,-109.4375,29.5208333333333
0.818058363563787,-109.395833333333,29.5208333333333
0.73566984834405,-109.354166666667,29.5208333333333
0.770374252531021,-109.3125,29.5208333333333
0.849230878631912,-109.270833333333,29.5208333333333
0.895655503224402,-109.229166666667,29.5208333333333
0.834339966264943,-109.1875,29.5208333333333
0.812777586610059,-109.145833333333,29.5208333333333
0.750355721430278,-109.104166666667,29.5208333333333
0.738814996778721,-109.0625,29.5208333333333
0.758968785958229,-109.020833333333,29.5208333333333
0.709374579532428,-108.979166666667,29.5208333333333
0.612350171964147,-108.9375,29.5208333333333
0.5492326043601,-108.895833333333,29.5208333333333
0.626625097556796,-108.854166666667,29.5208333333333
0.562709962880859,-108.8125,29.5208333333333
0.908684974112681,-112.354166666667,29.4791666666667
0.875083448018963,-112.3125,29.4791666666667
0.832969261487899,-112.270833333333,29.4791666666667
0.850108948548497,-112.229166666667,29.4791666666667
0.871352886169397,-112.1875,29.4791666666667
0.871078081435843,-112.145833333333,29.4791666666667
0.857026273511549,-112.104166666667,29.4791666666667
0.832846453782984,-112.0625,29.4791666666667
0.812463619481423,-112.020833333333,29.4791666666667
0.827279248507278,-111.979166666667,29.4791666666667
0.85578867413702,-111.9375,29.4791666666667
0.871281330372625,-111.895833333333,29.4791666666667
0.874232863350621,-111.854166666667,29.4791666666667
0.870377928293758,-111.8125,29.4791666666667
0.868241783130088,-111.770833333333,29.4791666666667
0.877404233260107,-111.729166666667,29.4791666666667
0.8780742675029,-111.6875,29.4791666666667
0.860580377191949,-111.645833333333,29.4791666666667
0.855386114117015,-111.604166666667,29.4791666666667
0.851570326700182,-111.5625,29.4791666666667
0.846696932788383,-111.520833333333,29.4791666666667
0.840665231902595,-111.479166666667,29.4791666666667
0.827094667979184,-111.4375,29.4791666666667
0.798039929667838,-111.395833333333,29.4791666666667
0.805053693882649,-111.354166666667,29.4791666666667
0.802138288877858,-111.3125,29.4791666666667
0.790791821089804,-111.270833333333,29.4791666666667
0.784699297473061,-111.229166666667,29.4791666666667
0.773717520285091,-111.1875,29.4791666666667
0.744991617353845,-111.145833333333,29.4791666666667
0.737776178302689,-111.104166666667,29.4791666666667
0.743608107006213,-111.0625,29.4791666666667
0.757778973107123,-111.020833333333,29.4791666666667
0.793581318675707,-110.979166666667,29.4791666666667
0.828169580469113,-110.9375,29.4791666666667
0.830934584750113,-110.895833333333,29.4791666666667
0.808890616146585,-110.854166666667,29.4791666666667
0.760198790702005,-110.8125,29.4791666666667
0.741473816694996,-110.770833333333,29.4791666666667
0.736861219455099,-110.729166666667,29.4791666666667
0.704236317935376,-110.6875,29.4791666666667
0.65892716597722,-110.645833333333,29.4791666666667
0.621992881619633,-110.604166666667,29.4791666666667
0.615458441933402,-110.5625,29.4791666666667
0.613347977202902,-110.520833333333,29.4791666666667
0.611559686866055,-110.479166666667,29.4791666666667
0.597876196546063,-110.4375,29.4791666666667
0.581681288835087,-110.395833333333,29.4791666666667
0.570437054714088,-110.354166666667,29.4791666666667
0.565922032566649,-110.3125,29.4791666666667
0.58024463027529,-110.270833333333,29.4791666666667
0.600218634661221,-110.229166666667,29.4791666666667
0.613112223691612,-110.1875,29.4791666666667
0.603667916667753,-110.145833333333,29.4791666666667
0.62152977108708,-110.104166666667,29.4791666666667
0.647586736692717,-110.0625,29.4791666666667
0.613435010859932,-110.020833333333,29.4791666666667
0.588921848565391,-109.979166666667,29.4791666666667
0.677254433633065,-109.9375,29.4791666666667
0.715564273228819,-109.895833333333,29.4791666666667
0.733446297103525,-109.854166666667,29.4791666666667
0.739423385492583,-109.8125,29.4791666666667
0.7232968022223,-109.770833333333,29.4791666666667
0.675101559051432,-109.729166666667,29.4791666666667
0.745450738006809,-109.6875,29.4791666666667
0.865662151860955,-109.645833333333,29.4791666666667
0.902300238126492,-109.604166666667,29.4791666666667
0.919292743859249,-109.5625,29.4791666666667
0.914510868167558,-109.520833333333,29.4791666666667
0.892765452378993,-109.479166666667,29.4791666666667
0.835846075951491,-109.4375,29.4791666666667
0.75812445319567,-109.395833333333,29.4791666666667
0.785701903585679,-109.354166666667,29.4791666666667
0.837299422089386,-109.3125,29.4791666666667
0.884305555756648,-109.270833333333,29.4791666666667
0.877064758670095,-109.229166666667,29.4791666666667
0.777117664597472,-109.1875,29.4791666666667
0.829094839653505,-109.145833333333,29.4791666666667
0.763927707402878,-109.104166666667,29.4791666666667
0.742018454551787,-109.0625,29.4791666666667
0.732618814978484,-109.020833333333,29.4791666666667
0.693246836854652,-108.979166666667,29.4791666666667
0.609353741426573,-108.9375,29.4791666666667
0.565534425141974,-108.895833333333,29.4791666666667
0.61174347747796,-108.854166666667,29.4791666666667
0.573168146289426,-108.8125,29.4791666666667
0.924079840746993,-112.354166666667,29.4375
0.909090802345679,-112.3125,29.4375
0.866951884175791,-112.270833333333,29.4375
0.861056783500002,-112.229166666667,29.4375
0.876744181800354,-112.1875,29.4375
0.88044722854362,-112.145833333333,29.4375
0.876559506313234,-112.104166666667,29.4375
0.855929459741928,-112.0625,29.4375
0.822466832328429,-112.020833333333,29.4375
0.834686392437108,-111.979166666667,29.4375
0.871604283895223,-111.9375,29.4375
0.887264683726701,-111.895833333333,29.4375
0.881522907468941,-111.854166666667,29.4375
0.875613848529444,-111.8125,29.4375
0.878535909013922,-111.770833333333,29.4375
0.888096230489585,-111.729166666667,29.4375
0.890189069233148,-111.6875,29.4375
0.879166186369737,-111.645833333333,29.4375
0.873158449209819,-111.604166666667,29.4375
0.871623925748715,-111.5625,29.4375
0.873061613560613,-111.520833333333,29.4375
0.867173752572568,-111.479166666667,29.4375
0.853361143358091,-111.4375,29.4375
0.83377372591782,-111.395833333333,29.4375
0.832425689082712,-111.354166666667,29.4375
0.823576361010955,-111.3125,29.4375
0.804686912950626,-111.270833333333,29.4375
0.818594333714027,-111.229166666667,29.4375
0.809215471525136,-111.1875,29.4375
0.775070853161965,-111.145833333333,29.4375
0.750561953178496,-111.104166666667,29.4375
0.741121638536266,-111.0625,29.4375
0.765755546118428,-111.020833333333,29.4375
0.82476449899469,-110.979166666667,29.4375
0.859237767734066,-110.9375,29.4375
0.865261121859074,-110.895833333333,29.4375
0.844330321260496,-110.854166666667,29.4375
0.809407372031513,-110.8125,29.4375
0.784430168394297,-110.770833333333,29.4375
0.754378816206062,-110.729166666667,29.4375
0.708249021786133,-110.6875,29.4375
0.666719666414028,-110.645833333333,29.4375
0.631111145805568,-110.604166666667,29.4375
0.626351654996929,-110.5625,29.4375
0.61678556702355,-110.520833333333,29.4375
0.603457912540452,-110.479166666667,29.4375
0.588340016011425,-110.4375,29.4375
0.57313836363724,-110.395833333333,29.4375
0.570942475177633,-110.354166666667,29.4375
0.561382478322443,-110.3125,29.4375
0.578759305475176,-110.270833333333,29.4375
0.59561218216581,-110.229166666667,29.4375
0.59739448118616,-110.1875,29.4375
0.588485283284639,-110.145833333333,29.4375
0.612393370674493,-110.104166666667,29.4375
0.650217863343326,-110.0625,29.4375
0.632091163698349,-110.020833333333,29.4375
0.637509025935227,-109.979166666667,29.4375
0.709138593538893,-109.9375,29.4375
0.750883409797902,-109.895833333333,29.4375
0.75573610372079,-109.854166666667,29.4375
0.749756763055957,-109.8125,29.4375
0.743485453134735,-109.770833333333,29.4375
0.724091390956771,-109.729166666667,29.4375
0.772894604292294,-109.6875,29.4375
0.855684997229818,-109.645833333333,29.4375
0.88584004034118,-109.604166666667,29.4375
0.903936040736001,-109.5625,29.4375
0.892688739600181,-109.520833333333,29.4375
0.854808421208911,-109.479166666667,29.4375
0.75451176971157,-109.4375,29.4375
0.640030563413131,-109.395833333333,29.4375
0.753631406508772,-109.354166666667,29.4375
0.835300597838612,-109.3125,29.4375
0.885643574584106,-109.270833333333,29.4375
0.872944544292757,-109.229166666667,29.4375
0.722045011778059,-109.1875,29.4375
0.773891996454897,-109.145833333333,29.4375
0.770516280397131,-109.104166666667,29.4375
0.749084982486857,-109.0625,29.4375
0.690792293702782,-109.020833333333,29.4375
0.684374214928743,-108.979166666667,29.4375
0.607916010444028,-108.9375,29.4375
0.588712158104094,-108.895833333333,29.4375
0.576732794391625,-108.854166666667,29.4375
0.521433940485811,-108.8125,29.4375
0.911487575182183,-112.395833333333,29.3958333333333
0.925192361991915,-112.354166666667,29.3958333333333
0.925435152416954,-112.3125,29.3958333333333
0.905530126891529,-112.270833333333,29.3958333333333
0.867884830348895,-112.229166666667,29.3958333333333
0.866741220354319,-112.1875,29.3958333333333
0.886696540664466,-112.145833333333,29.3958333333333
0.900505896159755,-112.104166666667,29.3958333333333
0.89796876013163,-112.0625,29.3958333333333
0.880413963112295,-112.020833333333,29.3958333333333
0.867586180202871,-111.979166666667,29.3958333333333
0.888105964431833,-111.9375,29.3958333333333
0.89898968697255,-111.895833333333,29.3958333333333
0.884645453634899,-111.854166666667,29.3958333333333
0.880802535918693,-111.8125,29.3958333333333
0.891576474841227,-111.770833333333,29.3958333333333
0.899021388935816,-111.729166666667,29.3958333333333
0.904663753966436,-111.6875,29.3958333333333
0.896798521758535,-111.645833333333,29.3958333333333
0.891913791043676,-111.604166666667,29.3958333333333
0.889766081737831,-111.5625,29.3958333333333
0.893269340663285,-111.520833333333,29.3958333333333
0.889323614357914,-111.479166666667,29.3958333333333
0.873840620324832,-111.4375,29.3958333333333
0.863826556690458,-111.395833333333,29.3958333333333
0.858553826447766,-111.354166666667,29.3958333333333
0.849899589876831,-111.3125,29.3958333333333
0.821463722781125,-111.270833333333,29.3958333333333
0.843000875924065,-111.229166666667,29.3958333333333
0.849076539504669,-111.1875,29.3958333333333
0.824217415620434,-111.145833333333,29.3958333333333
0.784006825435724,-111.104166666667,29.3958333333333
0.763480908963231,-111.0625,29.3958333333333
0.776498123067281,-111.020833333333,29.3958333333333
0.837525707548847,-110.979166666667,29.3958333333333
0.876815128869974,-110.9375,29.3958333333333
0.893435164616387,-110.895833333333,29.3958333333333
0.87855469486903,-110.854166666667,29.3958333333333
0.860037550034963,-110.8125,29.3958333333333
0.817614583390822,-110.770833333333,29.3958333333333
0.743228764633469,-110.729166666667,29.3958333333333
0.717459904904432,-110.6875,29.3958333333333
0.68865287148441,-110.645833333333,29.3958333333333
0.654245435735989,-110.604166666667,29.3958333333333
0.627039849533581,-110.5625,29.3958333333333
0.618126268876815,-110.520833333333,29.3958333333333
0.596816299013294,-110.479166666667,29.3958333333333
0.587292304472053,-110.4375,29.3958333333333
0.584392352023941,-110.395833333333,29.3958333333333
0.579317099087744,-110.354166666667,29.3958333333333
0.58558430375458,-110.3125,29.3958333333333
0.597119215870989,-110.270833333333,29.3958333333333
0.606178810790536,-110.229166666667,29.3958333333333
0.607146197554495,-110.1875,29.3958333333333
0.584144630221839,-110.145833333333,29.3958333333333
0.593065249549422,-110.104166666667,29.3958333333333
0.643846395453046,-110.0625,29.3958333333333
0.671391908135608,-110.020833333333,29.3958333333333
0.680845526439878,-109.979166666667,29.3958333333333
0.719086387799468,-109.9375,29.3958333333333
0.737539166448189,-109.895833333333,29.3958333333333
0.755485554616864,-109.854166666667,29.3958333333333
0.757736948425641,-109.8125,29.3958333333333
0.757772517386351,-109.770833333333,29.3958333333333
0.777359265827983,-109.729166666667,29.3958333333333
0.801149036424303,-109.6875,29.3958333333333
0.847096727953867,-109.645833333333,29.3958333333333
0.849228818818883,-109.604166666667,29.3958333333333
0.874895194852959,-109.5625,29.3958333333333
0.853017630424118,-109.520833333333,29.3958333333333
0.779150105095683,-109.479166666667,29.3958333333333
0.667695215437349,-109.4375,29.3958333333333
0.549892793550646,-109.395833333333,29.3958333333333
0.654999025071064,-109.354166666667,29.3958333333333
0.808225460885899,-109.3125,29.3958333333333
0.861166045105265,-109.270833333333,29.3958333333333
0.876462499355335,-109.229166666667,29.3958333333333
0.712404622317294,-109.1875,29.3958333333333
0.668551113706964,-109.145833333333,29.3958333333333
0.724440553886313,-109.104166666667,29.3958333333333
0.708631219220386,-109.0625,29.3958333333333
0.672317597101382,-109.020833333333,29.3958333333333
0.685944729728715,-108.979166666667,29.3958333333333
0.618629189757287,-108.9375,29.3958333333333
0.57775808548249,-108.895833333333,29.3958333333333
0.535544240616553,-108.854166666667,29.3958333333333
0.904877767320137,-112.395833333333,29.3541666666667
0.921350691878854,-112.354166666667,29.3541666666667
0.930911025612934,-112.3125,29.3541666666667
0.924855098568866,-112.270833333333,29.3541666666667
0.892257840482343,-112.229166666667,29.3541666666667
0.853437624978039,-112.1875,29.3541666666667
0.878597658044348,-112.145833333333,29.3541666666667
0.905929448154398,-112.104166666667,29.3541666666667
0.915590640560949,-112.0625,29.3541666666667
0.907228474519979,-112.020833333333,29.3541666666667
0.883204278896731,-111.979166666667,29.3541666666667
0.895928706636078,-111.9375,29.3541666666667
0.904902329683121,-111.895833333333,29.3541666666667
0.901974601540118,-111.854166666667,29.3541666666667
0.905468010013484,-111.8125,29.3541666666667
0.915032432859144,-111.770833333333,29.3541666666667
0.912883845084956,-111.729166666667,29.3541666666667
0.917708465366349,-111.6875,29.3541666666667
0.917429126823226,-111.645833333333,29.3541666666667
0.911620160605785,-111.604166666667,29.3541666666667
0.909543247823782,-111.5625,29.3541666666667
0.908266082032418,-111.520833333333,29.3541666666667
0.905184044099775,-111.479166666667,29.3541666666667
0.894794408188819,-111.4375,29.3541666666667
0.884722592541804,-111.395833333333,29.3541666666667
0.878126085784529,-111.354166666667,29.3541666666667
0.87992525332756,-111.3125,29.3541666666667
0.863564004866087,-111.270833333333,29.3541666666667
0.870762831302738,-111.229166666667,29.3541666666667
0.881567711806054,-111.1875,29.3541666666667
0.875494478270937,-111.145833333333,29.3541666666667
0.842258614460807,-111.104166666667,29.3541666666667
0.806684560620418,-111.0625,29.3541666666667
0.796803274778328,-111.020833333333,29.3541666666667
0.849189530746317,-110.979166666667,29.3541666666667
0.893230429061952,-110.9375,29.3541666666667
0.91127536235007,-110.895833333333,29.3541666666667
0.899024758926242,-110.854166666667,29.3541666666667
0.882489530412673,-110.8125,29.3541666666667
0.818869128213358,-110.770833333333,29.3541666666667
0.747687296168354,-110.729166666667,29.3541666666667
0.737252567874007,-110.6875,29.3541666666667
0.703797229953852,-110.645833333333,29.3541666666667
0.666448524765545,-110.604166666667,29.3541666666667
0.628277395178472,-110.5625,29.3541666666667
0.60775720856602,-110.520833333333,29.3541666666667
0.596196525302521,-110.479166666667,29.3541666666667
0.587451662714797,-110.4375,29.3541666666667
0.593421276902852,-110.395833333333,29.3541666666667
0.586656401416634,-110.354166666667,29.3541666666667
0.567952417492548,-110.3125,29.3541666666667
0.578061450122939,-110.270833333333,29.3541666666667
0.597535956027128,-110.229166666667,29.3541666666667
0.608345639474592,-110.1875,29.3541666666667
0.594196457801336,-110.145833333333,29.3541666666667
0.594656925990547,-110.104166666667,29.3541666666667
0.626251896852828,-110.0625,29.3541666666667
0.674026344855126,-110.020833333333,29.3541666666667
0.694390970053235,-109.979166666667,29.3541666666667
0.705154708910773,-109.9375,29.3541666666667
0.69637971741368,-109.895833333333,29.3541666666667
0.726025913361858,-109.854166666667,29.3541666666667
0.750465043181032,-109.8125,29.3541666666667
0.758810463771307,-109.770833333333,29.3541666666667
0.776696556574836,-109.729166666667,29.3541666666667
0.792686020173102,-109.6875,29.3541666666667
0.820470503609263,-109.645833333333,29.3541666666667
0.830774904765748,-109.604166666667,29.3541666666667
0.84156691827294,-109.5625,29.3541666666667
0.79237975995377,-109.520833333333,29.3541666666667
0.705002677549868,-109.479166666667,29.3541666666667
0.673055128880037,-109.4375,29.3541666666667
0.629882628137261,-109.395833333333,29.3541666666667
0.607102906135537,-109.354166666667,29.3541666666667
0.733301666965601,-109.3125,29.3541666666667
0.824046967729634,-109.270833333333,29.3541666666667
0.838572061112323,-109.229166666667,29.3541666666667
0.700867912064989,-109.1875,29.3541666666667
0.601410433644188,-109.145833333333,29.3541666666667
0.640919879697975,-109.104166666667,29.3541666666667
0.625027960236316,-109.0625,29.3541666666667
0.617383982791496,-109.020833333333,29.3541666666667
0.602810284840603,-108.979166666667,29.3541666666667
0.607878202245614,-108.9375,29.3541666666667
0.545391776378245,-108.895833333333,29.3541666666667
0.915050901554224,-112.229166666667,29.3125
0.863786298280951,-112.1875,29.3125
0.864908565807239,-112.145833333333,29.3125
0.906168262107289,-112.104166666667,29.3125
0.925004596108063,-112.0625,29.3125
0.922560196965457,-112.020833333333,29.3125
0.893186199029553,-111.979166666667,29.3125
0.898702614310626,-111.9375,29.3125
0.912645543023735,-111.895833333333,29.3125
0.921504990582165,-111.854166666667,29.3125
0.929630713833935,-111.8125,29.3125
0.933608738403113,-111.770833333333,29.3125
0.926072491482299,-111.729166666667,29.3125
0.926655737912086,-111.6875,29.3125
0.931148122719028,-111.645833333333,29.3125
0.92640749534495,-111.604166666667,29.3125
0.922627518116412,-111.5625,29.3125
0.923957583791928,-111.520833333333,29.3125
0.921921714035796,-111.479166666667,29.3125
0.91296898476985,-111.4375,29.3125
0.905757750463329,-111.395833333333,29.3125
0.893930378352644,-111.354166666667,29.3125
0.899292888520455,-111.3125,29.3125
0.907577396227209,-111.270833333333,29.3125
0.906735376236746,-111.229166666667,29.3125
0.90609322945295,-111.1875,29.3125
0.908202876436489,-111.145833333333,29.3125
0.891773280332193,-111.104166666667,29.3125
0.860751372487227,-111.0625,29.3125
0.843732184842805,-111.020833333333,29.3125
0.867456471394878,-110.979166666667,29.3125
0.910955015171703,-110.9375,29.3125
0.921200553165692,-110.895833333333,29.3125
0.907705519798638,-110.854166666667,29.3125
0.890045034576209,-110.8125,29.3125
0.841002337570141,-110.770833333333,29.3125
0.799646387945548,-110.729166666667,29.3125
0.754000725473724,-110.6875,29.3125
0.711405010486497,-110.645833333333,29.3125
0.667914922714603,-110.604166666667,29.3125
0.627434633629494,-110.5625,29.3125
0.597835002307788,-110.520833333333,29.3125
0.590893214128045,-110.479166666667,29.3125
0.582869384775056,-110.4375,29.3125
0.579517526554909,-110.395833333333,29.3125
0.579952690997491,-110.354166666667,29.3125
0.564999979034395,-110.3125,29.3125
0.569412517019272,-110.270833333333,29.3125
0.592639174522546,-110.229166666667,29.3125
0.612217183692913,-110.1875,29.3125
0.626681863951074,-110.145833333333,29.3125
0.630810025458384,-110.104166666667,29.3125
0.625779860378456,-110.0625,29.3125
0.666887405005327,-110.020833333333,29.3125
0.697718261249569,-109.979166666667,29.3125
0.71189257862532,-109.9375,29.3125
0.678684981595304,-109.895833333333,29.3125
0.696802642789143,-109.854166666667,29.3125
0.737899726354822,-109.8125,29.3125
0.747975705354597,-109.770833333333,29.3125
0.775946217521132,-109.729166666667,29.3125
0.779186935929679,-109.6875,29.3125
0.8011682285715,-109.645833333333,29.3125
0.820753728483345,-109.604166666667,29.3125
0.823424899377739,-109.5625,29.3125
0.733300818983548,-109.520833333333,29.3125
0.621766736333561,-109.479166666667,29.3125
0.70600650347931,-109.4375,29.3125
0.780871333771888,-109.395833333333,29.3125
0.752560172350636,-109.354166666667,29.3125
0.69667237363828,-109.3125,29.3125
0.792921981750026,-109.270833333333,29.3125
0.772655077204671,-109.229166666667,29.3125
0.56982187456791,-109.1875,29.3125
0.578802555357943,-109.145833333333,29.3125
0.588869175481922,-109.104166666667,29.3125
0.559037014908748,-109.0625,29.3125
0.508419630552138,-109.020833333333,29.3125
0.536826611283657,-108.9375,29.3125
0.511220707613129,-108.895833333333,29.3125
0.911395072140378,-112.1875,29.2708333333333
0.863942117249383,-112.145833333333,29.2708333333333
0.896470933071413,-112.104166666667,29.2708333333333
0.933991600229891,-112.0625,29.2708333333333
0.936991565115118,-112.020833333333,29.2708333333333
0.912354593152303,-111.979166666667,29.2708333333333
0.909914608908788,-111.9375,29.2708333333333
0.925409796524234,-111.895833333333,29.2708333333333
0.93754459140691,-111.854166666667,29.2708333333333
0.942867372377369,-111.8125,29.2708333333333
0.94371598875622,-111.770833333333,29.2708333333333
0.938387903153666,-111.729166666667,29.2708333333333
0.937076667628023,-111.6875,29.2708333333333
0.940958399894365,-111.645833333333,29.2708333333333
0.940011328687766,-111.604166666667,29.2708333333333
0.934334028087436,-111.5625,29.2708333333333
0.934418916895016,-111.520833333333,29.2708333333333
0.937054875231719,-111.479166666667,29.2708333333333
0.931606781238602,-111.4375,29.2708333333333
0.922633754853225,-111.395833333333,29.2708333333333
0.909870556998002,-111.354166666667,29.2708333333333
0.911896502606916,-111.3125,29.2708333333333
0.923730026856486,-111.270833333333,29.2708333333333
0.926546444408019,-111.229166666667,29.2708333333333
0.925059803769398,-111.1875,29.2708333333333
0.927090557247136,-111.145833333333,29.2708333333333
0.923959050021184,-111.104166666667,29.2708333333333
0.910558647497295,-111.0625,29.2708333333333
0.890936589274287,-111.020833333333,29.2708333333333
0.870508512782328,-110.979166666667,29.2708333333333
0.916920704053243,-110.9375,29.2708333333333
0.925204781045855,-110.895833333333,29.2708333333333
0.912428966000291,-110.854166666667,29.2708333333333
0.893139649054697,-110.8125,29.2708333333333
0.872585536249306,-110.770833333333,29.2708333333333
0.822973877936283,-110.729166666667,29.2708333333333
0.774635406000102,-110.6875,29.2708333333333
0.716303935812894,-110.645833333333,29.2708333333333
0.673332706430326,-110.604166666667,29.2708333333333
0.625805106611192,-110.5625,29.2708333333333
0.59330035994511,-110.520833333333,29.2708333333333
0.589437195880583,-110.479166666667,29.2708333333333
0.579130708625358,-110.4375,29.2708333333333
0.572953066259292,-110.395833333333,29.2708333333333
0.571941354338203,-110.354166666667,29.2708333333333
0.562679340536181,-110.3125,29.2708333333333
0.563608109286647,-110.270833333333,29.2708333333333
0.586553033823292,-110.229166666667,29.2708333333333
0.606738587887164,-110.1875,29.2708333333333
0.639261212360449,-110.145833333333,29.2708333333333
0.640836290537184,-110.104166666667,29.2708333333333
0.640868507924921,-110.0625,29.2708333333333
0.684842982622666,-110.020833333333,29.2708333333333
0.696608092020222,-109.979166666667,29.2708333333333
0.70125612011143,-109.9375,29.2708333333333
0.652331580776871,-109.895833333333,29.2708333333333
0.676591468356971,-109.854166666667,29.2708333333333
0.735536211154966,-109.8125,29.2708333333333
0.747302382900831,-109.770833333333,29.2708333333333
0.765414301934391,-109.729166666667,29.2708333333333
0.774860142222399,-109.6875,29.2708333333333
0.799230483585649,-109.645833333333,29.2708333333333
0.829084818557483,-109.604166666667,29.2708333333333
0.811527441413902,-109.5625,29.2708333333333
0.691821804231061,-109.520833333333,29.2708333333333
0.568208272869985,-109.479166666667,29.2708333333333
0.640420293889642,-109.4375,29.2708333333333
0.769375949459831,-109.395833333333,29.2708333333333
0.831435981315934,-109.354166666667,29.2708333333333
0.791412839851572,-109.3125,29.2708333333333
0.801903915438297,-109.270833333333,29.2708333333333
0.783476874355981,-109.229166666667,29.2708333333333
0.521204511278739,-109.145833333333,29.2708333333333
0.571085002925297,-109.104166666667,29.2708333333333
0.505692696312589,-109.0625,29.2708333333333
0.507384548966255,-108.895833333333,29.2708333333333
0.943445395142635,-112.1875,29.2291666666667
0.879194817094114,-112.145833333333,29.2291666666667
0.859935632211302,-112.104166666667,29.2291666666667
0.934963753513522,-112.0625,29.2291666666667
0.949909135276876,-112.020833333333,29.2291666666667
0.936475285846994,-111.979166666667,29.2291666666667
0.928456921315869,-111.9375,29.2291666666667
0.940676578020875,-111.895833333333,29.2291666666667
0.949529438274373,-111.854166666667,29.2291666666667
0.950317457504285,-111.8125,29.2291666666667
0.9497056404339,-111.770833333333,29.2291666666667
0.946870846706939,-111.729166666667,29.2291666666667
0.94700335548519,-111.6875,29.2291666666667
0.950698038500252,-111.645833333333,29.2291666666667
0.950282559559376,-111.604166666667,29.2291666666667
0.946677860845656,-111.5625,29.2291666666667
0.941966015446985,-111.520833333333,29.2291666666667
0.943748756296717,-111.479166666667,29.2291666666667
0.937191816922144,-111.4375,29.2291666666667
0.920864494574273,-111.395833333333,29.2291666666667
0.921747202802943,-111.354166666667,29.2291666666667
0.922285614934011,-111.3125,29.2291666666667
0.933091886399422,-111.270833333333,29.2291666666667
0.937331110152707,-111.229166666667,29.2291666666667
0.93603123710002,-111.1875,29.2291666666667
0.93660784339871,-111.145833333333,29.2291666666667
0.938923229660348,-111.104166666667,29.2291666666667
0.934184816048978,-111.0625,29.2291666666667
0.924845158973102,-111.020833333333,29.2291666666667
0.875379844680473,-110.979166666667,29.2291666666667
0.909767424920613,-110.9375,29.2291666666667
0.924671302878982,-110.895833333333,29.2291666666667
0.91584955119735,-110.854166666667,29.2291666666667
0.891545616382539,-110.8125,29.2291666666667
0.871552884915412,-110.770833333333,29.2291666666667
0.822890084707568,-110.729166666667,29.2291666666667
0.789306849727908,-110.6875,29.2291666666667
0.731094836952592,-110.645833333333,29.2291666666667
0.677483228819051,-110.604166666667,29.2291666666667
0.626365051679726,-110.5625,29.2291666666667
0.601009788182211,-110.520833333333,29.2291666666667
0.597241732317583,-110.479166666667,29.2291666666667
0.579873109563034,-110.4375,29.2291666666667
0.570052677662367,-110.395833333333,29.2291666666667
0.565322726448322,-110.354166666667,29.2291666666667
0.562872756049744,-110.3125,29.2291666666667
0.556910113067221,-110.270833333333,29.2291666666667
0.566240432354036,-110.229166666667,29.2291666666667
0.588874388888095,-110.1875,29.2291666666667
0.624181241527261,-110.145833333333,29.2291666666667
0.645639601169736,-110.104166666667,29.2291666666667
0.663207736126568,-110.0625,29.2291666666667
0.679353503550259,-110.020833333333,29.2291666666667
0.693514063690286,-109.979166666667,29.2291666666667
0.679571618215347,-109.9375,29.2291666666667
0.579932432242044,-109.895833333333,29.2291666666667
0.62993301735177,-109.854166666667,29.2291666666667
0.722539605417085,-109.8125,29.2291666666667
0.746409423924064,-109.770833333333,29.2291666666667
0.746086782032487,-109.729166666667,29.2291666666667
0.771959464394907,-109.6875,29.2291666666667
0.794004702093635,-109.645833333333,29.2291666666667
0.823691154338697,-109.604166666667,29.2291666666667
0.813549025728478,-109.5625,29.2291666666667
0.702493779060516,-109.520833333333,29.2291666666667
0.632831381693406,-109.479166666667,29.2291666666667
0.640594497836306,-109.4375,29.2291666666667
0.709538749516983,-109.395833333333,29.2291666666667
0.794521848234754,-109.354166666667,29.2291666666667
0.837441078939207,-109.3125,29.2291666666667
0.815296392974901,-109.270833333333,29.2291666666667
0.816867454474101,-109.229166666667,29.2291666666667
0.574393243425405,-109.1875,29.2291666666667
0.516040947195215,-109.145833333333,29.2291666666667
0.582498737933782,-109.104166666667,29.2291666666667
0.677463576384716,-113.229166666667,29.1875
0.925938594240967,-112.4375,29.1875
0.930212060593475,-112.395833333333,29.1875
0.93363253120081,-112.354166666667,29.1875
0.938793082392566,-112.3125,29.1875
0.942880175199511,-112.270833333333,29.1875
0.953404711762884,-112.1875,29.1875
0.908244614952499,-112.145833333333,29.1875
0.852885522144392,-112.104166666667,29.1875
0.930538784717671,-112.0625,29.1875
0.960020921471956,-112.020833333333,29.1875
0.954374187942302,-111.979166666667,29.1875
0.945797172284726,-111.9375,29.1875
0.952740168788649,-111.895833333333,29.1875
0.960630062234662,-111.854166666667,29.1875
0.95871693797677,-111.8125,29.1875
0.95740327130083,-111.770833333333,29.1875
0.954595014488089,-111.729166666667,29.1875
0.953160718526223,-111.6875,29.1875
0.957309491494344,-111.645833333333,29.1875
0.958618740375923,-111.604166666667,29.1875
0.957372900147637,-111.5625,29.1875
0.95157259368033,-111.520833333333,29.1875
0.949822423795821,-111.479166666667,29.1875
0.946339579411216,-111.4375,29.1875
0.924916240799096,-111.395833333333,29.1875
0.934930015280314,-111.354166666667,29.1875
0.937513553044031,-111.3125,29.1875
0.942742577861915,-111.270833333333,29.1875
0.948908268277489,-111.229166666667,29.1875
0.948011429631645,-111.1875,29.1875
0.946274951051293,-111.145833333333,29.1875
0.94543124662943,-111.104166666667,29.1875
0.940704245413595,-111.0625,29.1875
0.938210731354061,-111.020833333333,29.1875
0.909609527992645,-110.979166666667,29.1875
0.905945379104313,-110.9375,29.1875
0.922602044946532,-110.895833333333,29.1875
0.921198568846632,-110.854166666667,29.1875
0.893858050087441,-110.8125,29.1875
0.867370883832719,-110.770833333333,29.1875
0.817742972472268,-110.729166666667,29.1875
0.790498502660233,-110.6875,29.1875
0.754042844110579,-110.645833333333,29.1875
0.697329829848426,-110.604166666667,29.1875
0.640350414742012,-110.5625,29.1875
0.609961785272243,-110.520833333333,29.1875
0.599854903271083,-110.479166666667,29.1875
0.581662500612727,-110.4375,29.1875
0.569536073335701,-110.395833333333,29.1875
0.561120386150728,-110.354166666667,29.1875
0.552110340822108,-110.3125,29.1875
0.553817004032858,-110.270833333333,29.1875
0.549471002302287,-110.229166666667,29.1875
0.595974055229822,-110.1875,29.1875
0.632208813842547,-110.145833333333,29.1875
0.659203860574943,-110.104166666667,29.1875
0.680112110792264,-110.0625,29.1875
0.682226050374332,-110.020833333333,29.1875
0.690820344523633,-109.979166666667,29.1875
0.675317918804839,-109.9375,29.1875
0.559256122531864,-109.895833333333,29.1875
0.561943701145873,-109.854166666667,29.1875
0.681293902048154,-109.8125,29.1875
0.738152033429737,-109.770833333333,29.1875
0.738154053199375,-109.729166666667,29.1875
0.748931899957226,-109.6875,29.1875
0.779426314084586,-109.645833333333,29.1875
0.819721105802683,-109.604166666667,29.1875
0.813853344481547,-109.5625,29.1875
0.744328549459614,-109.520833333333,29.1875
0.724249859283455,-109.479166666667,29.1875
0.749139975869693,-109.4375,29.1875
0.75094297738618,-109.395833333333,29.1875
0.781829620945893,-109.354166666667,29.1875
0.820258888560808,-109.3125,29.1875
0.834349415362471,-109.270833333333,29.1875
0.825306162028391,-109.229166666667,29.1875
0.664370761208591,-109.1875,29.1875
0.573955392166487,-109.145833333333,29.1875
0.541417127439572,-109.104166666667,29.1875
0.686801386267377,-113.229166666667,29.1458333333333
0.925361004481159,-112.4375,29.1458333333333
0.930457284927005,-112.395833333333,29.1458333333333
0.92365628301208,-112.354166666667,29.1458333333333
0.922538554516557,-112.3125,29.1458333333333
0.944820057632076,-112.145833333333,29.1458333333333
0.914131638320871,-112.104166666667,29.1458333333333
0.930530147430568,-112.0625,29.1458333333333
0.96599146877827,-112.020833333333,29.1458333333333
0.965137917548029,-111.979166666667,29.1458333333333
0.962271989766865,-111.9375,29.1458333333333
0.962274185017912,-111.895833333333,29.1458333333333
0.966010111879337,-111.854166666667,29.1458333333333
0.963782956098432,-111.8125,29.1458333333333
0.963055723989781,-111.770833333333,29.1458333333333
0.960936174243968,-111.729166666667,29.1458333333333
0.957767416679884,-111.6875,29.1458333333333
0.961037291111816,-111.645833333333,29.1458333333333
0.963819748653067,-111.604166666667,29.1458333333333
0.964929232815209,-111.5625,29.1458333333333
0.961378293696978,-111.520833333333,29.1458333333333
0.956953397253949,-111.479166666667,29.1458333333333
0.957938546324191,-111.4375,29.1458333333333
0.948979691383258,-111.395833333333,29.1458333333333
0.944362021223989,-111.354166666667,29.1458333333333
0.946354494239531,-111.3125,29.1458333333333
0.949299943030102,-111.270833333333,29.1458333333333
0.957094983501794,-111.229166666667,29.1458333333333
0.961763659324592,-111.1875,29.1458333333333
0.958703872476762,-111.145833333333,29.1458333333333
0.955921143222566,-111.104166666667,29.1458333333333
0.949322649411215,-111.0625,29.1458333333333
0.94627827819496,-111.020833333333,29.1458333333333
0.938451660508368,-110.979166666667,29.1458333333333
0.915627828591054,-110.9375,29.1458333333333
0.92146880559156,-110.895833333333,29.1458333333333
0.924845140667026,-110.854166666667,29.1458333333333
0.906880299095867,-110.8125,29.1458333333333
0.873653347019643,-110.770833333333,29.1458333333333
0.824845017735796,-110.729166666667,29.1458333333333
0.789054610837075,-110.6875,29.1458333333333
0.759382094094678,-110.645833333333,29.1458333333333
0.711013251442858,-110.604166666667,29.1458333333333
0.664457992656224,-110.5625,29.1458333333333
0.634735497991557,-110.520833333333,29.1458333333333
0.614872585222545,-110.479166666667,29.1458333333333
0.593915481719634,-110.4375,29.1458333333333
0.574024788063557,-110.395833333333,29.1458333333333
0.56234605309063,-110.354166666667,29.1458333333333
0.553903213371025,-110.3125,29.1458333333333
0.546527505255276,-110.270833333333,29.1458333333333
0.567894687108291,-110.229166666667,29.1458333333333
0.631594635482676,-110.1875,29.1458333333333
0.645891934695909,-110.145833333333,29.1458333333333
0.672863510015066,-110.104166666667,29.1458333333333
0.711509575456334,-110.0625,29.1458333333333
0.711757067522811,-110.020833333333,29.1458333333333
0.710974959880705,-109.979166666667,29.1458333333333
0.698514555057244,-109.9375,29.1458333333333
0.60317534457497,-109.895833333333,29.1458333333333
0.561886210983833,-109.854166666667,29.1458333333333
0.654261081664455,-109.8125,29.1458333333333
0.741975010727506,-109.770833333333,29.1458333333333
0.75382115312416,-109.729166666667,29.1458333333333
0.784945610027128,-109.520833333333,29.1458333333333
0.779132837025287,-109.479166666667,29.1458333333333
0.804545261235893,-109.4375,29.1458333333333
0.814776474523559,-109.395833333333,29.1458333333333
0.739340501169046,-109.354166666667,29.1458333333333
0.753344303304596,-109.3125,29.1458333333333
0.804267964125075,-109.270833333333,29.1458333333333
0.82548366394226,-109.229166666667,29.1458333333333
0.742603776644084,-109.1875,29.1458333333333
0.606813404866894,-109.145833333333,29.1458333333333
0.91899809523043,-112.479166666667,29.1041666666667
0.915561806255449,-112.4375,29.1041666666667
0.926661688432115,-112.395833333333,29.1041666666667
0.916161727694428,-112.354166666667,29.1041666666667
0.90567671933741,-112.3125,29.1041666666667
0.943219264673935,-112.270833333333,29.1041666666667
0.964848059430639,-112.145833333333,29.1041666666667
0.950457224599003,-112.104166666667,29.1041666666667
0.927877939512752,-112.0625,29.1041666666667
0.964449997036283,-112.020833333333,29.1041666666667
0.971659222898621,-111.979166666667,29.1041666666667
0.971273086068686,-111.9375,29.1041666666667
0.970473286462469,-111.895833333333,29.1041666666667
0.969285356538452,-111.854166666667,29.1041666666667
0.966192022784663,-111.8125,29.1041666666667
0.963896561430174,-111.770833333333,29.1041666666667
0.962011335006167,-111.729166666667,29.1041666666667
0.961261240404729,-111.6875,29.1041666666667
0.966604293606662,-111.645833333333,29.1041666666667
0.96886396137471,-111.604166666667,29.1041666666667
0.969391996976516,-111.5625,29.1041666666667
0.968292434349828,-111.520833333333,29.1041666666667
0.965495899357582,-111.479166666667,29.1041666666667
0.964072306650379,-111.4375,29.1041666666667
0.961979664948049,-111.395833333333,29.1041666666667
0.957170226689331,-111.354166666667,29.1041666666667
0.95699839700791,-111.3125,29.1041666666667
0.959876952564555,-111.270833333333,29.1041666666667
0.959567408341998,-111.229166666667,29.1041666666667
0.963931567468673,-111.1875,29.1041666666667
0.963669642531398,-111.145833333333,29.1041666666667
0.960995470296832,-111.104166666667,29.1041666666667
0.956273595518361,-111.0625,29.1041666666667
0.95237084691762,-111.020833333333,29.1041666666667
0.949342025207135,-110.979166666667,29.1041666666667
0.932178187760414,-110.9375,29.1041666666667
0.925554150729158,-110.895833333333,29.1041666666667
0.922717500979283,-110.854166666667,29.1041666666667
0.91314409091101,-110.8125,29.1041666666667
0.880144026738774,-110.770833333333,29.1041666666667
0.816745751179025,-110.729166666667,29.1041666666667
0.784175997280685,-110.6875,29.1041666666667
0.758143898227123,-110.645833333333,29.1041666666667
0.713488380317735,-110.604166666667,29.1041666666667
0.688211554820215,-110.5625,29.1041666666667
0.656311115130555,-110.520833333333,29.1041666666667
0.637200799315319,-110.479166666667,29.1041666666667
0.613509362420289,-110.4375,29.1041666666667
0.595985259634866,-110.395833333333,29.1041666666667
0.581218632573525,-110.354166666667,29.1041666666667
0.56986517409755,-110.3125,29.1041666666667
0.566630094348518,-110.270833333333,29.1041666666667
0.581445399698051,-110.229166666667,29.1041666666667
0.527738370588731,-110.1875,29.1041666666667
0.57341267679791,-110.145833333333,29.1041666666667
0.694340516176884,-110.104166666667,29.1041666666667
0.734530219479037,-110.0625,29.1041666666667
0.742335012180113,-110.020833333333,29.1041666666667
0.732735190598161,-109.979166666667,29.1041666666667
0.708374770716816,-109.9375,29.1041666666667
0.600151348267174,-109.895833333333,29.1041666666667
0.570186357554062,-109.854166666667,29.1041666666667
0.679951969020041,-109.8125,29.1041666666667
0.741884294911379,-109.770833333333,29.1041666666667
0.749644968682511,-109.729166666667,29.1041666666667
0.777302804463613,-109.6875,29.1041666666667
0.772412654500855,-109.645833333333,29.1041666666667
0.706269069993269,-109.604166666667,29.1041666666667
0.679275166277573,-109.5625,29.1041666666667
0.764198966749836,-109.520833333333,29.1041666666667
0.805395006171753,-109.479166666667,29.1041666666667
0.808258833495155,-109.4375,29.1041666666667
0.84266063468389,-109.395833333333,29.1041666666667
0.640946736296484,-109.354166666667,29.1041666666667
0.62948948719095,-109.3125,29.1041666666667
0.770112920799635,-109.270833333333,29.1041666666667
0.802235764714096,-109.229166666667,29.1041666666667
0.753763577233224,-109.1875,29.1041666666667
0.594479098692647,-109.145833333333,29.1041666666667
0.919103810860107,-112.479166666667,29.0625
0.903131885092483,-112.4375,29.0625
0.918481531551328,-112.395833333333,29.0625
0.906352061707126,-112.354166666667,29.0625
0.884887698581434,-112.3125,29.0625
0.939950379735346,-112.270833333333,29.0625
0.962684357817506,-112.229166666667,29.0625
0.968753125707157,-112.145833333333,29.0625
0.95590127382593,-112.104166666667,29.0625
0.924278541360847,-112.0625,29.0625
0.95673353303499,-112.020833333333,29.0625
0.974237495721351,-111.979166666667,29.0625
0.976237351890209,-111.9375,29.0625
0.975168372568096,-111.895833333333,29.0625
0.972432099465603,-111.854166666667,29.0625
0.967855346000076,-111.8125,29.0625
0.965008403475417,-111.770833333333,29.0625
0.961681237581721,-111.729166666667,29.0625
0.961550192365897,-111.6875,29.0625
0.967980809815341,-111.645833333333,29.0625
0.97386700451094,-111.604166666667,29.0625
0.974945405612348,-111.5625,29.0625
0.973331098458206,-111.520833333333,29.0625
0.970980131009227,-111.479166666667,29.0625
0.967834284154069,-111.4375,29.0625
0.966370729833992,-111.395833333333,29.0625
0.967681824477431,-111.354166666667,29.0625
0.966222116571949,-111.3125,29.0625
0.965617748628735,-111.270833333333,29.0625
0.961410857844137,-111.229166666667,29.0625
0.959179687945462,-111.1875,29.0625
0.96304031129946,-111.145833333333,29.0625
0.963462932269935,-111.104166666667,29.0625
0.961053306252125,-111.0625,29.0625
0.956936818849074,-111.020833333333,29.0625
0.948106241596433,-110.979166666667,29.0625
0.941892408886208,-110.9375,29.0625
0.934859191697172,-110.895833333333,29.0625
0.93027483679685,-110.854166666667,29.0625
0.915629186989089,-110.8125,29.0625
0.894258957928493,-110.770833333333,29.0625
0.843817968795566,-110.729166666667,29.0625
0.796068786159235,-110.6875,29.0625
0.772182600137437,-110.645833333333,29.0625
0.707591212529505,-110.604166666667,29.0625
0.695632602750642,-110.5625,29.0625
0.670741549888231,-110.520833333333,29.0625
0.656650942540428,-110.479166666667,29.0625
0.637888605863045,-110.4375,29.0625
0.626942833114575,-110.395833333333,29.0625
0.603501329046991,-110.354166666667,29.0625
0.588727566839905,-110.3125,29.0625
0.585605293028243,-110.270833333333,29.0625
0.572609808775541,-110.229166666667,29.0625
0.522469685975443,-110.1875,29.0625
0.584115122605242,-110.145833333333,29.0625
0.701423985666878,-110.104166666667,29.0625
0.734588504205349,-110.0625,29.0625
0.755484857751483,-110.020833333333,29.0625
0.746565829765985,-109.979166666667,29.0625
0.715334212639076,-109.9375,29.0625
0.624941754624905,-109.895833333333,29.0625
0.635532499043041,-109.854166666667,29.0625
0.712956912001418,-109.8125,29.0625
0.689553043976289,-109.770833333333,29.0625
0.65529637867667,-109.729166666667,29.0625
0.752338303186725,-109.6875,29.0625
0.762536684580431,-109.645833333333,29.0625
0.526266490241449,-109.604166666667,29.0625
0.63764762402813,-109.520833333333,29.0625
0.754579437342735,-109.479166666667,29.0625
0.791109509835916,-109.4375,29.0625
0.840568532921881,-109.395833333333,29.0625
0.675024074246723,-109.354166666667,29.0625
0.564974036991594,-109.3125,29.0625
0.738551491809607,-109.270833333333,29.0625
0.794775164773138,-109.229166666667,29.0625
0.743829278284548,-109.1875,29.0625
0.572308008948252,-109.145833333333,29.0625
0.914507952538925,-112.479166666667,29.0208333333333
0.887501158803257,-112.4375,29.0208333333333
0.916527106773125,-112.395833333333,29.0208333333333
0.90445368219337,-112.354166666667,29.0208333333333
0.892071401856032,-112.3125,29.0208333333333
0.938409177728149,-112.270833333333,29.0208333333333
0.96168249753956,-112.229166666667,29.0208333333333
0.968631634586706,-112.145833333333,29.0208333333333
0.959835733727742,-112.104166666667,29.0208333333333
0.94158851150639,-112.0625,29.0208333333333
0.955380404970864,-112.020833333333,29.0208333333333
0.975125056106767,-111.979166666667,29.0208333333333
0.979532873622456,-111.9375,29.0208333333333
0.978231457088628,-111.895833333333,29.0208333333333
0.973532088955525,-111.854166666667,29.0208333333333
0.968382036221437,-111.8125,29.0208333333333
0.967407278113201,-111.770833333333,29.0208333333333
0.966106829484903,-111.729166666667,29.0208333333333
0.964360824353439,-111.6875,29.0208333333333
0.970155902079526,-111.645833333333,29.0208333333333
0.977206031755069,-111.604166666667,29.0208333333333
0.977562703287095,-111.5625,29.0208333333333
0.975517115840453,-111.520833333333,29.0208333333333
0.973412810759324,-111.479166666667,29.0208333333333
0.969387678823469,-111.4375,29.0208333333333
0.968979393989672,-111.395833333333,29.0208333333333
0.969743660396812,-111.354166666667,29.0208333333333
0.96727180053379,-111.3125,29.0208333333333
0.96390775586388,-111.270833333333,29.0208333333333
0.959366122812203,-111.229166666667,29.0208333333333
0.955563047656993,-111.1875,29.0208333333333
0.954957492778255,-111.145833333333,29.0208333333333
0.960491401526973,-111.104166666667,29.0208333333333
0.962665188118509,-111.0625,29.0208333333333
0.957209882680606,-111.020833333333,29.0208333333333
0.942544222532051,-110.979166666667,29.0208333333333
0.939195967571467,-110.9375,29.0208333333333
0.939985780864006,-110.895833333333,29.0208333333333
0.937412681001062,-110.854166666667,29.0208333333333
0.899553798594789,-110.8125,29.0208333333333
0.868689413916903,-110.770833333333,29.0208333333333
0.866703032235913,-110.729166666667,29.0208333333333
0.838616352262967,-110.6875,29.0208333333333
0.799499400700311,-110.645833333333,29.0208333333333
0.709612343263054,-110.604166666667,29.0208333333333
0.697878427443116,-110.5625,29.0208333333333
0.679599078166981,-110.520833333333,29.0208333333333
0.681416455319435,-110.479166666667,29.0208333333333
0.658921372652029,-110.4375,29.0208333333333
0.639585692223513,-110.395833333333,29.0208333333333
0.616943562712941,-110.354166666667,29.0208333333333
0.606118196665788,-110.3125,29.0208333333333
0.579499538146605,-110.270833333333,29.0208333333333
0.588024329597951,-110.229166666667,29.0208333333333
0.603159880160714,-110.1875,29.0208333333333
0.63295494843382,-110.145833333333,29.0208333333333
0.666409562100634,-110.104166666667,29.0208333333333
0.70583916959371,-110.0625,29.0208333333333
0.748368817048601,-110.020833333333,29.0208333333333
0.751598754300443,-109.979166666667,29.0208333333333
0.717660583683635,-109.9375,29.0208333333333
0.643596159894372,-109.895833333333,29.0208333333333
0.694977636575924,-109.854166666667,29.0208333333333
0.694521718314003,-109.8125,29.0208333333333
0.61786867084328,-109.770833333333,29.0208333333333
0.570561021199216,-109.729166666667,29.0208333333333
0.710942146970015,-109.6875,29.0208333333333
0.831054653370178,-109.645833333333,29.0208333333333
0.543862895153701,-109.604166666667,29.0208333333333
0.624342512238827,-109.479166666667,29.0208333333333
0.737393511121655,-109.4375,29.0208333333333
0.819427764179344,-109.395833333333,29.0208333333333
0.718570879650649,-109.354166666667,29.0208333333333
0.630347690173521,-109.270833333333,29.0208333333333
0.768173955347727,-109.229166666667,29.0208333333333
0.71184924085942,-109.1875,29.0208333333333
0.516184071290512,-109.145833333333,29.0208333333333
0.912710321514225,-112.479166666667,28.9791666666667
0.880227119655849,-112.4375,28.9791666666667
0.906038498049399,-112.395833333333,28.9791666666667
0.888376590528531,-112.354166666667,28.9791666666667
0.889078574156195,-112.3125,28.9791666666667
0.929638809744239,-112.270833333333,28.9791666666667
0.956799537885399,-112.229166666667,28.9791666666667
0.966909600660677,-112.145833333333,28.9791666666667
0.966944341540726,-112.104166666667,28.9791666666667
0.954019868094811,-112.0625,28.9791666666667
0.957371015674408,-112.020833333333,28.9791666666667
0.976006824209517,-111.979166666667,28.9791666666667
0.981342742170018,-111.9375,28.9791666666667
0.981485096337131,-111.895833333333,28.9791666666667
0.973961005329971,-111.854166666667,28.9791666666667
0.968691603777789,-111.8125,28.9791666666667
0.967634954757329,-111.770833333333,28.9791666666667
0.966719301595511,-111.729166666667,28.9791666666667
0.964646365331958,-111.6875,28.9791666666667
0.97084444511897,-111.645833333333,28.9791666666667
0.978456371741557,-111.604166666667,28.9791666666667
0.978513519053493,-111.5625,28.9791666666667
0.97761529823983,-111.520833333333,28.9791666666667
0.975966508604063,-111.479166666667,28.9791666666667
0.9727121902351,-111.4375,28.9791666666667
0.97353070499212,-111.395833333333,28.9791666666667
0.969610717017557,-111.354166666667,28.9791666666667
0.963460829796423,-111.3125,28.9791666666667
0.957746427897984,-111.270833333333,28.9791666666667
0.954742511895171,-111.229166666667,28.9791666666667
0.956070221721536,-111.1875,28.9791666666667
0.956366033917456,-111.145833333333,28.9791666666667
0.955400870728228,-111.104166666667,28.9791666666667
0.959538627235158,-111.0625,28.9791666666667
0.955760707921797,-111.020833333333,28.9791666666667
0.946228172280286,-110.979166666667,28.9791666666667
0.940411664873057,-110.9375,28.9791666666667
0.942194056057291,-110.895833333333,28.9791666666667
0.939093816218893,-110.854166666667,28.9791666666667
0.89249525355491,-110.8125,28.9791666666667
0.828066206021232,-110.770833333333,28.9791666666667
0.868948425266939,-110.729166666667,28.9791666666667
0.845253857507486,-110.6875,28.9791666666667
0.799299242843438,-110.645833333333,28.9791666666667
0.729221303014261,-110.604166666667,28.9791666666667
0.704959532167429,-110.5625,28.9791666666667
0.693740770947332,-110.520833333333,28.9791666666667
0.692964303522551,-110.479166666667,28.9791666666667
0.678583292900003,-110.4375,28.9791666666667
0.656444245421854,-110.395833333333,28.9791666666667
0.63420834238756,-110.354166666667,28.9791666666667
0.622479580503148,-110.3125,28.9791666666667
0.586589239156638,-110.270833333333,28.9791666666667
0.586850185117617,-110.229166666667,28.9791666666667
0.604772601596833,-110.1875,28.9791666666667
0.612642694776853,-110.145833333333,28.9791666666667
0.624117400057906,-110.104166666667,28.9791666666667
0.665388053027454,-110.0625,28.9791666666667
0.726239798140042,-110.020833333333,28.9791666666667
0.746665552851688,-109.979166666667,28.9791666666667
0.698002655613647,-109.9375,28.9791666666667
0.595068822505714,-109.895833333333,28.9791666666667
0.715275912266546,-109.854166666667,28.9791666666667
0.729773215103193,-109.8125,28.9791666666667
0.689583108129566,-109.770833333333,28.9791666666667
0.635258133197693,-109.729166666667,28.9791666666667
0.678122950224029,-109.6875,28.9791666666667
0.843876924358973,-109.645833333333,28.9791666666667
0.764671408917955,-109.604166666667,28.9791666666667
0.512992346121729,-109.479166666667,28.9791666666667
0.656528498866659,-109.4375,28.9791666666667
0.757972475405553,-109.395833333333,28.9791666666667
0.650283467594289,-109.354166666667,28.9791666666667
0.513253897813355,-109.270833333333,28.9791666666667
0.669292178356216,-109.229166666667,28.9791666666667
0.648400399418877,-109.1875,28.9791666666667
0.922994521567082,-112.479166666667,28.9375
0.880894992729611,-112.4375,28.9375
0.895651875875616,-112.395833333333,28.9375
0.876999606951064,-112.354166666667,28.9375
0.88551606130043,-112.3125,28.9375
0.931203825700266,-112.270833333333,28.9375
0.95392450160974,-112.229166666667,28.9375
0.964384026161922,-112.0625,28.9375
0.962763559034357,-112.020833333333,28.9375
0.975923096072988,-111.979166666667,28.9375
0.982126749773514,-111.9375,28.9375
0.983896394897003,-111.895833333333,28.9375
0.976697847522422,-111.854166666667,28.9375
0.970745112476088,-111.8125,28.9375
0.968319858264133,-111.770833333333,28.9375
0.965641311803026,-111.729166666667,28.9375
0.965151926563336,-111.6875,28.9375
0.968618032551059,-111.645833333333,28.9375
0.978048669665942,-111.604166666667,28.9375
0.981358773582758,-111.5625,28.9375
0.982644012293663,-111.520833333333,28.9375
0.980828634930704,-111.479166666667,28.9375
0.977243352284964,-111.4375,28.9375
0.974834575564838,-111.395833333333,28.9375
0.96881414834089,-111.354166666667,28.9375
0.962421905865353,-111.3125,28.9375
0.958235710228541,-111.270833333333,28.9375
0.954585875981254,-111.229166666667,28.9375
0.954612475177104,-111.1875,28.9375
0.958503184068525,-111.145833333333,28.9375
0.95665805179337,-111.104166666667,28.9375
0.953914845058811,-111.0625,28.9375
0.956193493659532,-111.020833333333,28.9375
0.952038372193686,-110.979166666667,28.9375
0.942188463179584,-110.9375,28.9375
0.937695551301635,-110.895833333333,28.9375
0.937750944061642,-110.854166666667,28.9375
0.914281950441339,-110.8125,28.9375
0.860664890232543,-110.770833333333,28.9375
0.867714721298341,-110.729166666667,28.9375
0.854012381355811,-110.6875,28.9375
0.804301362632671,-110.645833333333,28.9375
0.754113870451091,-110.604166666667,28.9375
0.708907863519005,-110.5625,28.9375
0.702172750109226,-110.520833333333,28.9375
0.699867168363286,-110.479166666667,28.9375
0.698991905233219,-110.4375,28.9375
0.678392549681541,-110.395833333333,28.9375
0.653686962748178,-110.354166666667,28.9375
0.635318068818245,-110.3125,28.9375
0.608163595025549,-110.270833333333,28.9375
0.599394063241574,-110.229166666667,28.9375
0.600412349150038,-110.1875,28.9375
0.602848972892121,-110.145833333333,28.9375
0.616811641647137,-110.104166666667,28.9375
0.648457330948766,-110.0625,28.9375
0.707024637591176,-110.020833333333,28.9375
0.732354895852864,-109.979166666667,28.9375
0.699676541680302,-109.9375,28.9375
0.61068765095323,-109.895833333333,28.9375
0.696050143003054,-109.854166666667,28.9375
0.756422259150885,-109.8125,28.9375
0.769617718407343,-109.770833333333,28.9375
0.726364991201877,-109.729166666667,28.9375
0.649797931545971,-109.6875,28.9375
0.785223575062498,-109.645833333333,28.9375
0.853737990123281,-109.604166666667,28.9375
0.601940815684044,-109.5625,28.9375
0.585155723030406,-109.4375,28.9375
0.668854982687701,-109.395833333333,28.9375
0.540578715884337,-109.354166666667,28.9375
0.539398706953854,-109.229166666667,28.9375
0.549749936179763,-109.1875,28.9375
0.940721260178184,-112.520833333333,28.8958333333333
0.919650664408122,-112.479166666667,28.8958333333333
0.890397148345973,-112.4375,28.8958333333333
0.901378293366535,-112.395833333333,28.8958333333333
0.891531460567625,-112.354166666667,28.8958333333333
0.904325369397992,-112.3125,28.8958333333333
0.945591882568258,-112.270833333333,28.8958333333333
0.972023671625607,-112.020833333333,28.8958333333333
0.977611859853913,-111.979166666667,28.8958333333333
0.983904392589417,-111.9375,28.8958333333333
0.984732191050709,-111.895833333333,28.8958333333333
0.978862511826441,-111.854166666667,28.8958333333333
0.973096887526478,-111.8125,28.8958333333333
0.970023192718108,-111.770833333333,28.8958333333333
0.966822078873384,-111.729166666667,28.8958333333333
0.966069243810225,-111.6875,28.8958333333333
0.965821756613765,-111.645833333333,28.8958333333333
0.974413331452782,-111.604166666667,28.8958333333333
0.981429888692198,-111.5625,28.8958333333333
0.985159644732018,-111.520833333333,28.8958333333333
0.983636457240872,-111.479166666667,28.8958333333333
0.977620870753608,-111.4375,28.8958333333333
0.969456249020903,-111.395833333333,28.8958333333333
0.962464957638504,-111.354166666667,28.8958333333333
0.957260991801994,-111.3125,28.8958333333333
0.959068854485393,-111.270833333333,28.8958333333333
0.957724052827991,-111.229166666667,28.8958333333333
0.953962173010774,-111.1875,28.8958333333333
0.952247001588568,-111.145833333333,28.8958333333333
0.95194221567896,-111.104166666667,28.8958333333333
0.950823203235774,-111.0625,28.8958333333333
0.951210683753361,-111.020833333333,28.8958333333333
0.953149357639054,-110.979166666667,28.8958333333333
0.944988280253339,-110.9375,28.8958333333333
0.938653228332214,-110.895833333333,28.8958333333333
0.935116642057291,-110.854166666667,28.8958333333333
0.92193800890106,-110.8125,28.8958333333333
0.893538627386028,-110.770833333333,28.8958333333333
0.875208414427346,-110.729166666667,28.8958333333333
0.862982381282658,-110.6875,28.8958333333333
0.819970269657031,-110.645833333333,28.8958333333333
0.771197805676999,-110.604166666667,28.8958333333333
0.70250534265925,-110.5625,28.8958333333333
0.694492188809787,-110.520833333333,28.8958333333333
0.700311005700333,-110.479166666667,28.8958333333333
0.704732245157092,-110.4375,28.8958333333333
0.701278275905465,-110.395833333333,28.8958333333333
0.684726065466487,-110.354166666667,28.8958333333333
0.667120670663371,-110.3125,28.8958333333333
0.641166146222401,-110.270833333333,28.8958333333333
0.619616055054221,-110.229166666667,28.8958333333333
0.615560468018949,-110.1875,28.8958333333333
0.61614299159149,-110.145833333333,28.8958333333333
0.627817384637715,-110.104166666667,28.8958333333333
0.65233791765472,-110.0625,28.8958333333333
0.687264931700116,-110.020833333333,28.8958333333333
0.706259144674881,-109.979166666667,28.8958333333333
0.686746152269903,-109.9375,28.8958333333333
0.659328284087716,-109.895833333333,28.8958333333333
0.691254458065283,-109.854166666667,28.8958333333333
0.741563117278548,-109.8125,28.8958333333333
0.77099534111775,-109.770833333333,28.8958333333333
0.779982884352002,-109.729166666667,28.8958333333333
0.637255987068946,-109.6875,28.8958333333333
0.710414411916157,-109.645833333333,28.8958333333333
0.844047849953463,-109.604166666667,28.8958333333333
0.649033844411312,-109.5625,28.8958333333333
0.510265567143328,-109.4375,28.8958333333333
0.576512836700183,-109.395833333333,28.8958333333333
0.941598630472173,-112.520833333333,28.8541666666667
0.918585275497864,-112.479166666667,28.8541666666667
0.916865205458604,-112.4375,28.8541666666667
0.924687884370655,-112.395833333333,28.8541666666667
0.909729944714652,-112.354166666667,28.8541666666667
0.915809905388458,-112.3125,28.8541666666667
0.948363632817578,-112.270833333333,28.8541666666667
0.985924736833916,-111.9375,28.8541666666667
0.985597409071629,-111.895833333333,28.8541666666667
0.980360020397872,-111.854166666667,28.8541666666667
0.974148095305023,-111.8125,28.8541666666667
0.970803650544706,-111.770833333333,28.8541666666667
0.968582699106392,-111.729166666667,28.8541666666667
0.969039572251992,-111.6875,28.8541666666667
0.967997012035417,-111.645833333333,28.8541666666667
0.971405603563483,-111.604166666667,28.8541666666667
0.978515093685553,-111.5625,28.8541666666667
0.983588071340194,-111.520833333333,28.8541666666667
0.982553946725593,-111.479166666667,28.8541666666667
0.975766177292372,-111.4375,28.8541666666667
0.963552229359491,-111.395833333333,28.8541666666667
0.950510387631435,-111.354166666667,28.8541666666667
0.945823149950482,-111.3125,28.8541666666667
0.950586402605499,-111.270833333333,28.8541666666667
0.951073072564786,-111.229166666667,28.8541666666667
0.949670028546935,-111.1875,28.8541666666667
0.948135628163997,-111.145833333333,28.8541666666667
0.94069988697628,-111.104166666667,28.8541666666667
0.94295056301078,-111.0625,28.8541666666667
0.94071206171094,-111.020833333333,28.8541666666667
0.941781881864364,-110.979166666667,28.8541666666667
0.944363986286516,-110.9375,28.8541666666667
0.940141950490671,-110.895833333333,28.8541666666667
0.933078806235234,-110.854166666667,28.8541666666667
0.919282061512462,-110.8125,28.8541666666667
0.893482461412948,-110.770833333333,28.8541666666667
0.88422614884944,-110.729166666667,28.8541666666667
0.867384363219739,-110.6875,28.8541666666667
0.82920638279234,-110.645833333333,28.8541666666667
0.783061478455814,-110.604166666667,28.8541666666667
0.725466401933572,-110.5625,28.8541666666667
0.704902007218142,-110.520833333333,28.8541666666667
0.706441549135975,-110.479166666667,28.8541666666667
0.707995575889696,-110.4375,28.8541666666667
0.724850364776654,-110.395833333333,28.8541666666667
0.724760285445847,-110.354166666667,28.8541666666667
0.709474260300488,-110.3125,28.8541666666667
0.683276378248611,-110.270833333333,28.8541666666667
0.647721061417368,-110.229166666667,28.8541666666667
0.642773503809318,-110.1875,28.8541666666667
0.644791502263502,-110.145833333333,28.8541666666667
0.640638484016901,-110.104166666667,28.8541666666667
0.652298504920535,-110.0625,28.8541666666667
0.665807648438129,-110.020833333333,28.8541666666667
0.677024804877743,-109.979166666667,28.8541666666667
0.670204042140103,-109.9375,28.8541666666667
0.653874001545311,-109.895833333333,28.8541666666667
0.662585764198115,-109.854166666667,28.8541666666667
0.687000963899541,-109.8125,28.8541666666667
0.741748127668058,-109.770833333333,28.8541666666667
0.79490177078204,-109.729166666667,28.8541666666667
0.703789909093471,-109.6875,28.8541666666667
0.672773080392356,-109.645833333333,28.8541666666667
0.792520197851103,-109.604166666667,28.8541666666667
0.67196341774516,-109.5625,28.8541666666667
0.930642007571361,-112.4375,28.8125
0.935471752902124,-112.395833333333,28.8125
0.927464238572724,-112.354166666667,28.8125
0.937827051124339,-112.3125,28.8125
0.980580490202311,-111.854166666667,28.8125
0.975544900915445,-111.8125,28.8125
0.971995517189983,-111.770833333333,28.8125
0.970632719766603,-111.729166666667,28.8125
0.969910794296113,-111.6875,28.8125
0.966825112700659,-111.645833333333,28.8125
0.97040386753058,-111.604166666667,28.8125
0.978270723721214,-111.5625,28.8125
0.980855331813757,-111.520833333333,28.8125
0.978949443317984,-111.479166666667,28.8125
0.97374738936178,-111.4375,28.8125
0.965775416861836,-111.395833333333,28.8125
0.952631580220509,-111.354166666667,28.8125
0.942498221243254,-111.3125,28.8125
0.940698813657399,-111.270833333333,28.8125
0.93775740818233,-111.229166666667,28.8125
0.935393738610627,-111.1875,28.8125
0.939315531679778,-111.145833333333,28.8125
0.928020877068151,-111.104166666667,28.8125
0.931609993465411,-111.0625,28.8125
0.93316928732149,-111.020833333333,28.8125
0.931761629442459,-110.979166666667,28.8125
0.940228569900945,-110.9375,28.8125
0.940071062807125,-110.895833333333,28.8125
0.933323611942119,-110.854166666667,28.8125
0.921947106099169,-110.8125,28.8125
0.900229653776433,-110.770833333333,28.8125
0.890318865917807,-110.729166666667,28.8125
0.873290797737486,-110.6875,28.8125
0.839148213387289,-110.645833333333,28.8125
0.790997988910112,-110.604166666667,28.8125
0.746201435533267,-110.5625,28.8125
0.734266176564084,-110.520833333333,28.8125
0.730444515375096,-110.479166666667,28.8125
0.729233709582449,-110.4375,28.8125
0.7385720163808,-110.395833333333,28.8125
0.74503547358635,-110.354166666667,28.8125
0.73528714686094,-110.3125,28.8125
0.702541737107997,-110.270833333333,28.8125
0.661101466869584,-110.229166666667,28.8125
0.641526175473079,-110.1875,28.8125
0.630231672638335,-110.145833333333,28.8125
0.629882446086115,-110.104166666667,28.8125
0.645850206087704,-110.0625,28.8125
0.663829984389569,-110.020833333333,28.8125
0.672419333477817,-109.979166666667,28.8125
0.662636876997109,-109.9375,28.8125
0.634682424274766,-109.895833333333,28.8125
0.618193578122127,-109.854166666667,28.8125
0.609445160238903,-109.8125,28.8125
0.690858809593096,-109.770833333333,28.8125
0.782565969266164,-109.729166666667,28.8125
0.788779506847974,-109.6875,28.8125
0.737594560888163,-109.645833333333,28.8125
0.75964836242917,-109.604166666667,28.8125
0.67036541282624,-109.5625,28.8125
0.937776092861081,-112.354166666667,28.7708333333333
0.947131240905165,-112.3125,28.7708333333333
0.957131923579966,-112.270833333333,28.7708333333333
0.98289817400423,-111.895833333333,28.7708333333333
0.975890838701539,-111.8125,28.7708333333333
0.973273967429262,-111.770833333333,28.7708333333333
0.973760068644116,-111.729166666667,28.7708333333333
0.971286520150669,-111.6875,28.7708333333333
0.968784107232244,-111.645833333333,28.7708333333333
0.972344473545461,-111.604166666667,28.7708333333333
0.9779854766325,-111.5625,28.7708333333333
0.978973977993764,-111.520833333333,28.7708333333333
0.977050165155182,-111.479166666667,28.7708333333333
0.972348556664916,-111.4375,28.7708333333333
0.96639131242856,-111.395833333333,28.7708333333333
0.955390563096165,-111.354166666667,28.7708333333333
0.942817249416517,-111.3125,28.7708333333333
0.938475234519621,-111.270833333333,28.7708333333333
0.934703373120141,-111.229166666667,28.7708333333333
0.926443782021768,-111.1875,28.7708333333333
0.928429329904602,-111.145833333333,28.7708333333333
0.922068862597387,-111.104166666667,28.7708333333333
0.919745865413946,-111.0625,28.7708333333333
0.929215525014875,-111.020833333333,28.7708333333333
0.928266826462403,-110.979166666667,28.7708333333333
0.931976753066579,-110.9375,28.7708333333333
0.933351628719042,-110.895833333333,28.7708333333333
0.932103635219886,-110.854166666667,28.7708333333333
0.922984110081605,-110.8125,28.7708333333333
0.915395142300255,-110.770833333333,28.7708333333333
0.900428934594492,-110.729166666667,28.7708333333333
0.881272740114308,-110.6875,28.7708333333333
0.85250486785406,-110.645833333333,28.7708333333333
0.808799237030718,-110.604166666667,28.7708333333333
0.766873455516536,-110.5625,28.7708333333333
0.758106792584158,-110.520833333333,28.7708333333333
0.754273068213801,-110.479166666667,28.7708333333333
0.75157820496279,-110.4375,28.7708333333333
0.749614895687905,-110.395833333333,28.7708333333333
0.75488716988113,-110.354166666667,28.7708333333333
0.746665295875343,-110.3125,28.7708333333333
0.708500385120283,-110.270833333333,28.7708333333333
0.66824510496417,-110.229166666667,28.7708333333333
0.642290144033424,-110.1875,28.7708333333333
0.606209873595291,-110.145833333333,28.7708333333333
0.598711097826752,-110.104166666667,28.7708333333333
0.628938366691146,-110.0625,28.7708333333333
0.660440055764548,-110.020833333333,28.7708333333333
0.678805443859645,-109.979166666667,28.7708333333333
0.674733663050065,-109.9375,28.7708333333333
0.64552088261786,-109.895833333333,28.7708333333333
0.617690726530554,-109.854166666667,28.7708333333333
0.582303843152848,-109.8125,28.7708333333333
0.636861009748525,-109.770833333333,28.7708333333333
0.734606320135134,-109.729166666667,28.7708333333333
0.773334835948261,-109.6875,28.7708333333333
0.750978769820341,-109.645833333333,28.7708333333333
0.746918076702247,-109.604166666667,28.7708333333333
0.693302075368393,-109.5625,28.7708333333333
0.9818394459708,-111.895833333333,28.7291666666667
0.979152497815516,-111.854166666667,28.7291666666667
0.974744454680724,-111.8125,28.7291666666667
0.973669338018132,-111.770833333333,28.7291666666667
0.975926974631822,-111.729166666667,28.7291666666667
0.974414414498182,-111.6875,28.7291666666667
0.974317429753832,-111.645833333333,28.7291666666667
0.976691778652657,-111.604166666667,28.7291666666667
0.977516284013969,-111.5625,28.7291666666667
0.976927209571274,-111.520833333333,28.7291666666667
0.977263806541565,-111.479166666667,28.7291666666667
0.976398192140266,-111.4375,28.7291666666667
0.968222055770974,-111.395833333333,28.7291666666667
0.95696360323898,-111.354166666667,28.7291666666667
0.946979510920549,-111.3125,28.7291666666667
0.939819591140283,-111.270833333333,28.7291666666667
0.932971187350304,-111.229166666667,28.7291666666667
0.925918617460269,-111.1875,28.7291666666667
0.92076090865374,-111.145833333333,28.7291666666667
0.919385147263334,-111.104166666667,28.7291666666667
0.914843375301101,-111.0625,28.7291666666667
0.923303629309385,-111.020833333333,28.7291666666667
0.92526794791469,-110.979166666667,28.7291666666667
0.92291648596028,-110.9375,28.7291666666667
0.92617869391437,-110.895833333333,28.7291666666667
0.929344571958583,-110.854166666667,28.7291666666667
0.928052099895094,-110.8125,28.7291666666667
0.925759260822324,-110.770833333333,28.7291666666667
0.904405486566428,-110.729166666667,28.7291666666667
0.884607033324301,-110.6875,28.7291666666667
0.860165710462338,-110.645833333333,28.7291666666667
0.819237825335237,-110.604166666667,28.7291666666667
0.799987817810719,-110.5625,28.7291666666667
0.774930714365444,-110.520833333333,28.7291666666667
0.776191406512347,-110.479166666667,28.7291666666667
0.76983863657245,-110.4375,28.7291666666667
0.771475748987799,-110.395833333333,28.7291666666667
0.781356301624081,-110.354166666667,28.7291666666667
0.769866119576467,-110.3125,28.7291666666667
0.725263387331635,-110.270833333333,28.7291666666667
0.688615252220613,-110.229166666667,28.7291666666667
0.651707541740708,-110.1875,28.7291666666667
0.605809386805902,-110.145833333333,28.7291666666667
0.597170074492436,-110.104166666667,28.7291666666667
0.629699172077401,-110.0625,28.7291666666667
0.658453906329621,-110.020833333333,28.7291666666667
0.673146444537017,-109.979166666667,28.7291666666667
0.668954157964729,-109.9375,28.7291666666667
0.6361438666013,-109.895833333333,28.7291666666667
0.597963684465075,-109.854166666667,28.7291666666667
0.589004309817989,-109.8125,28.7291666666667
0.611829809031626,-109.770833333333,28.7291666666667
0.663192948622165,-109.729166666667,28.7291666666667
0.691980981306898,-109.6875,28.7291666666667
0.71604749301679,-109.645833333333,28.7291666666667
0.749252464689432,-109.604166666667,28.7291666666667
0.716337242044345,-109.5625,28.7291666666667
0.601022389013916,-109.520833333333,28.7291666666667
0.940937944289604,-112.5625,28.6875
0.978103175860363,-111.854166666667,28.6875
0.976416824627614,-111.8125,28.6875
0.976410536426966,-111.770833333333,28.6875
0.976478454136516,-111.729166666667,28.6875
0.975620302604355,-111.6875,28.6875
0.975376807201439,-111.645833333333,28.6875
0.977140467769366,-111.604166666667,28.6875
0.976777442572391,-111.5625,28.6875
0.975373832787421,-111.520833333333,28.6875
0.974937771629573,-111.479166666667,28.6875
0.975583683672925,-111.4375,28.6875
0.969864611781141,-111.395833333333,28.6875
0.958222524808053,-111.354166666667,28.6875
0.945596005927647,-111.3125,28.6875
0.939156890466681,-111.270833333333,28.6875
0.935392692662358,-111.229166666667,28.6875
0.927904995977233,-111.1875,28.6875
0.91877838924965,-111.145833333333,28.6875
0.912926430745248,-111.104166666667,28.6875
0.913103363500976,-111.0625,28.6875
0.913805054633817,-111.020833333333,28.6875
0.916428321245832,-110.979166666667,28.6875
0.915660716189448,-110.9375,28.6875
0.918358050611541,-110.895833333333,28.6875
0.927161201094321,-110.854166666667,28.6875
0.929069783218865,-110.8125,28.6875
0.924886527582289,-110.770833333333,28.6875
0.906280174512483,-110.729166666667,28.6875
0.884924798786605,-110.6875,28.6875
0.867560296159218,-110.645833333333,28.6875
0.838008744907871,-110.604166666667,28.6875
0.820502001790976,-110.5625,28.6875
0.788745377642888,-110.520833333333,28.6875
0.789354567350497,-110.479166666667,28.6875
0.787545287168309,-110.4375,28.6875
0.793523790413906,-110.395833333333,28.6875
0.809845290297794,-110.354166666667,28.6875
0.801492102635963,-110.3125,28.6875
0.760340826053066,-110.270833333333,28.6875
0.724871351733236,-110.229166666667,28.6875
0.684506348538243,-110.1875,28.6875
0.658829631986776,-110.145833333333,28.6875
0.639775759465748,-110.104166666667,28.6875
0.64321808785232,-110.0625,28.6875
0.658236409362382,-110.020833333333,28.6875
0.667683564879858,-109.979166666667,28.6875
0.664812270705038,-109.9375,28.6875
0.629297057890569,-109.895833333333,28.6875
0.575638029216465,-109.854166666667,28.6875
0.580043478676958,-109.8125,28.6875
0.604068049232471,-109.770833333333,28.6875
0.562858233199766,-109.729166666667,28.6875
0.538920641712194,-109.6875,28.6875
0.617146362310671,-109.645833333333,28.6875
0.704890310989392,-109.604166666667,28.6875
0.702156263578642,-109.5625,28.6875
0.65812510690914,-109.520833333333,28.6875
0.914284467250927,-112.854166666667,28.6458333333333
0.978422457624739,-111.8125,28.6458333333333
0.978685625360158,-111.770833333333,28.6458333333333
0.975931306957634,-111.729166666667,28.6458333333333
0.973536454499883,-111.6875,28.6458333333333
0.972008261268509,-111.645833333333,28.6458333333333
0.974478809178395,-111.604166666667,28.6458333333333
0.976552521054666,-111.5625,28.6458333333333
0.976649032622095,-111.520833333333,28.6458333333333
0.972503845726092,-111.479166666667,28.6458333333333
0.966861200122852,-111.4375,28.6458333333333
0.959128382201246,-111.395833333333,28.6458333333333
0.946748786993337,-111.354166666667,28.6458333333333
0.933619939960266,-111.3125,28.6458333333333
0.934297872910217,-111.270833333333,28.6458333333333
0.934033191636848,-111.229166666667,28.6458333333333
0.924123567254177,-111.1875,28.6458333333333
0.916739858925311,-111.145833333333,28.6458333333333
0.907305501994723,-111.104166666667,28.6458333333333
0.904769390074191,-111.0625,28.6458333333333
0.906115327538575,-111.020833333333,28.6458333333333
0.905504099457527,-110.979166666667,28.6458333333333
0.908645880785227,-110.9375,28.6458333333333
0.914626775025818,-110.895833333333,28.6458333333333
0.932615169713612,-110.854166666667,28.6458333333333
0.93349166570277,-110.8125,28.6458333333333
0.924105399891715,-110.770833333333,28.6458333333333
0.90888670935363,-110.729166666667,28.6458333333333
0.890893425257191,-110.6875,28.6458333333333
0.870028803732418,-110.645833333333,28.6458333333333
0.849520460477386,-110.604166666667,28.6458333333333
0.813545197769374,-110.5625,28.6458333333333
0.790679949627995,-110.520833333333,28.6458333333333
0.790878445099538,-110.479166666667,28.6458333333333
0.79504945129539,-110.4375,28.6458333333333
0.794942816160044,-110.395833333333,28.6458333333333
0.816843078548506,-110.354166666667,28.6458333333333
0.819723694445379,-110.3125,28.6458333333333
0.794577222192643,-110.270833333333,28.6458333333333
0.760100800163818,-110.229166666667,28.6458333333333
0.722954883828457,-110.1875,28.6458333333333
0.685548197054391,-110.145833333333,28.6458333333333
0.659409283069859,-110.104166666667,28.6458333333333
0.648730098858443,-110.0625,28.6458333333333
0.656677267297157,-110.020833333333,28.6458333333333
0.666244464501628,-109.979166666667,28.6458333333333
0.65281159743798,-109.9375,28.6458333333333
0.640410858279153,-109.895833333333,28.6458333333333
0.596380059118581,-109.854166666667,28.6458333333333
0.566050276088067,-109.8125,28.6458333333333
0.544319305639392,-109.770833333333,28.6458333333333
0.513049255784171,-109.645833333333,28.6458333333333
0.649591014177862,-109.604166666667,28.6458333333333
0.696351906356681,-109.5625,28.6458333333333
0.659263870785171,-109.520833333333,28.6458333333333
0.519061606602748,-109.479166666667,28.6458333333333
0.900795461240622,-112.770833333333,28.6041666666667
0.97669004894529,-111.770833333333,28.6041666666667
0.976271365269791,-111.729166666667,28.6041666666667
0.97181815438084,-111.6875,28.6041666666667
0.96818685621206,-111.645833333333,28.6041666666667
0.96814030557625,-111.604166666667,28.6041666666667
0.970644219306293,-111.5625,28.6041666666667
0.970227410921488,-111.520833333333,28.6041666666667
0.963989727462396,-111.479166666667,28.6041666666667
0.95408917769207,-111.4375,28.6041666666667
0.942942845663705,-111.395833333333,28.6041666666667
0.930823554179104,-111.354166666667,28.6041666666667
0.922510199129202,-111.3125,28.6041666666667
0.924568378506468,-111.270833333333,28.6041666666667
0.920164638963913,-111.229166666667,28.6041666666667
0.910032435976837,-111.1875,28.6041666666667
0.912050701492001,-111.145833333333,28.6041666666667
0.901845686521903,-111.104166666667,28.6041666666667
0.894743769696362,-111.0625,28.6041666666667
0.893833718020305,-111.020833333333,28.6041666666667
0.899560166145456,-110.979166666667,28.6041666666667
0.905444257086487,-110.9375,28.6041666666667
0.918642214901196,-110.895833333333,28.6041666666667
0.937442571250587,-110.854166666667,28.6041666666667
0.936500177700973,-110.8125,28.6041666666667
0.923052007140585,-110.770833333333,28.6041666666667
0.910967386447018,-110.729166666667,28.6041666666667
0.898748012197093,-110.6875,28.6041666666667
0.871731883801879,-110.645833333333,28.6041666666667
0.834514483557484,-110.604166666667,28.6041666666667
0.805422865599856,-110.5625,28.6041666666667
0.791280062210642,-110.520833333333,28.6041666666667
0.782435663490945,-110.479166666667,28.6041666666667
0.80003171904243,-110.4375,28.6041666666667
0.803920662093565,-110.395833333333,28.6041666666667
0.805243013930397,-110.354166666667,28.6041666666667
0.806868966549102,-110.3125,28.6041666666667
0.796929672310895,-110.270833333333,28.6041666666667
0.770176840451376,-110.229166666667,28.6041666666667
0.738294750374056,-110.1875,28.6041666666667
0.683777323753122,-110.145833333333,28.6041666666667
0.6557620038273,-110.104166666667,28.6041666666667
0.638924394040058,-110.0625,28.6041666666667
0.61793233087112,-110.020833333333,28.6041666666667
0.64143035962472,-109.979166666667,28.6041666666667
0.642734123706302,-109.9375,28.6041666666667
0.639262285171626,-109.895833333333,28.6041666666667
0.609233191296704,-109.854166666667,28.6041666666667
0.576564823736507,-109.8125,28.6041666666667
0.512852846871757,-109.770833333333,28.6041666666667
0.625244324486036,-109.604166666667,28.6041666666667
0.680816632696323,-109.5625,28.6041666666667
0.635688006417589,-109.520833333333,28.6041666666667
0.51457504005234,-109.479166666667,28.6041666666667
0.974499085599191,-111.729166666667,28.5625
0.968365174025432,-111.6875,28.5625
0.964500227114808,-111.645833333333,28.5625
0.959834043013958,-111.604166666667,28.5625
0.95945784773279,-111.5625,28.5625
0.959709661406093,-111.520833333333,28.5625
0.953138022217087,-111.479166666667,28.5625
0.943777328309109,-111.4375,28.5625
0.934831184053687,-111.395833333333,28.5625
0.925982077255051,-111.354166666667,28.5625
0.921062249946745,-111.3125,28.5625
0.918942186678853,-111.270833333333,28.5625
0.911930094008461,-111.229166666667,28.5625
0.907454226715966,-111.1875,28.5625
0.908754370987332,-111.145833333333,28.5625
0.898311411218594,-111.104166666667,28.5625
0.88561796298401,-111.0625,28.5625
0.881423213601738,-111.020833333333,28.5625
0.899673486201924,-110.979166666667,28.5625
0.908426357434999,-110.9375,28.5625
0.923575313027446,-110.895833333333,28.5625
0.934040187975525,-110.854166666667,28.5625
0.934381746470004,-110.8125,28.5625
0.931984608230505,-110.770833333333,28.5625
0.916004027260932,-110.729166666667,28.5625
0.880659164639122,-110.6875,28.5625
0.85790260381296,-110.645833333333,28.5625
0.843606169860773,-110.604166666667,28.5625
0.821515115009857,-110.5625,28.5625
0.798314786423616,-110.520833333333,28.5625
0.788733358068243,-110.479166666667,28.5625
0.796024014733016,-110.4375,28.5625
0.790527838878237,-110.395833333333,28.5625
0.780358925839395,-110.354166666667,28.5625
0.786159909014138,-110.3125,28.5625
0.779647750552753,-110.270833333333,28.5625
0.750642541017712,-110.229166666667,28.5625
0.725267490035262,-110.1875,28.5625
0.681754871441415,-110.145833333333,28.5625
0.644639730331613,-110.104166666667,28.5625
0.62435214027183,-110.0625,28.5625
0.569691609397526,-110.020833333333,28.5625
0.596418801566111,-109.979166666667,28.5625
0.633230671051309,-109.9375,28.5625
0.629802848327214,-109.895833333333,28.5625
0.609023038429791,-109.854166666667,28.5625
0.585984804793942,-109.8125,28.5625
0.521779117331812,-109.770833333333,28.5625
0.50915102562903,-109.645833333333,28.5625
0.60443927688039,-109.604166666667,28.5625
0.674612029124857,-109.5625,28.5625
0.632831081587313,-109.520833333333,28.5625
0.968556269952343,-111.729166666667,28.5208333333333
0.964015787813374,-111.6875,28.5208333333333
0.961882505767066,-111.645833333333,28.5208333333333
0.957284028443868,-111.604166666667,28.5208333333333
0.954074539084872,-111.5625,28.5208333333333
0.955531892366248,-111.520833333333,28.5208333333333
0.948968196943248,-111.479166666667,28.5208333333333
0.939617506635321,-111.4375,28.5208333333333
0.932557190688028,-111.395833333333,28.5208333333333
0.926091470466847,-111.354166666667,28.5208333333333
0.91858185474634,-111.3125,28.5208333333333
0.918870331808391,-111.270833333333,28.5208333333333
0.916140690513785,-111.229166666667,28.5208333333333
0.912389230385904,-111.1875,28.5208333333333
0.903059405722276,-111.145833333333,28.5208333333333
0.890988947018113,-111.104166666667,28.5208333333333
0.875392659022615,-111.0625,28.5208333333333
0.879817929093805,-111.020833333333,28.5208333333333
0.895167430179286,-110.979166666667,28.5208333333333
0.863931265688089,-110.9375,28.5208333333333
0.906658132838781,-110.895833333333,28.5208333333333
0.943443769432197,-110.854166666667,28.5208333333333
0.940751469353656,-110.8125,28.5208333333333
0.927982110206627,-110.770833333333,28.5208333333333
0.900932801734172,-110.729166666667,28.5208333333333
0.847186834546309,-110.6875,28.5208333333333
0.823190411350812,-110.645833333333,28.5208333333333
0.820683739705004,-110.604166666667,28.5208333333333
0.822404711795947,-110.5625,28.5208333333333
0.815344866508862,-110.520833333333,28.5208333333333
0.798542428138328,-110.479166666667,28.5208333333333
0.784792399272833,-110.4375,28.5208333333333
0.773683569942849,-110.395833333333,28.5208333333333
0.755235000164104,-110.354166666667,28.5208333333333
0.761075999837714,-110.3125,28.5208333333333
0.760142094544742,-110.270833333333,28.5208333333333
0.728780497581009,-110.229166666667,28.5208333333333
0.695850483236243,-110.1875,28.5208333333333
0.682180267943798,-110.145833333333,28.5208333333333
0.648515521648975,-110.104166666667,28.5208333333333
0.610910661471828,-110.0625,28.5208333333333
0.56786610964205,-110.020833333333,28.5208333333333
0.587943125674086,-109.979166666667,28.5208333333333
0.629258840843752,-109.9375,28.5208333333333
0.629209462928857,-109.895833333333,28.5208333333333
0.608159677051409,-109.854166666667,28.5208333333333
0.581924587436704,-109.8125,28.5208333333333
0.536950197017769,-109.770833333333,28.5208333333333
0.569145239523601,-109.604166666667,28.5208333333333
0.659650758589133,-109.5625,28.5208333333333
0.656358552247337,-109.520833333333,28.5208333333333
0.962640862812379,-111.6875,28.4791666666667
0.960880865477819,-111.645833333333,28.4791666666667
0.958902091537284,-111.604166666667,28.4791666666667
0.955927028681025,-111.5625,28.4791666666667
0.952544871729819,-111.520833333333,28.4791666666667
0.946152944799463,-111.479166666667,28.4791666666667
0.936901534809612,-111.4375,28.4791666666667
0.928197537049599,-111.395833333333,28.4791666666667
0.923124408031579,-111.354166666667,28.4791666666667
0.917432312475783,-111.3125,28.4791666666667
0.915407697838461,-111.270833333333,28.4791666666667
0.915385617049826,-111.229166666667,28.4791666666667
0.912172269695367,-111.1875,28.4791666666667
0.89947475428539,-111.145833333333,28.4791666666667
0.881768078158986,-111.104166666667,28.4791666666667
0.868580296924145,-111.0625,28.4791666666667
0.88200116407761,-111.020833333333,28.4791666666667
0.88246165449004,-110.979166666667,28.4791666666667
0.837188526873481,-110.9375,28.4791666666667
0.895000564373301,-110.895833333333,28.4791666666667
0.941315258151804,-110.854166666667,28.4791666666667
0.925568390761101,-110.8125,28.4791666666667
0.909144877600439,-110.770833333333,28.4791666666667
0.87715880706802,-110.729166666667,28.4791666666667
0.811079132050758,-110.6875,28.4791666666667
0.784065415381777,-110.645833333333,28.4791666666667
0.778226522278591,-110.604166666667,28.4791666666667
0.778503728168586,-110.5625,28.4791666666667
0.780113722338659,-110.520833333333,28.4791666666667
0.764944965200415,-110.479166666667,28.4791666666667
0.750178223720668,-110.4375,28.4791666666667
0.747296021186606,-110.395833333333,28.4791666666667
0.725807870947807,-110.354166666667,28.4791666666667
0.714186312522968,-110.3125,28.4791666666667
0.715872745946339,-110.270833333333,28.4791666666667
0.703445835583248,-110.229166666667,28.4791666666667
0.675451719001992,-110.1875,28.4791666666667
0.657998011609667,-110.145833333333,28.4791666666667
0.63729079337335,-110.104166666667,28.4791666666667
0.602882405301133,-110.0625,28.4791666666667
0.603792397877448,-110.020833333333,28.4791666666667
0.604975673650615,-109.979166666667,28.4791666666667
0.611181428838339,-109.9375,28.4791666666667
0.614251107615803,-109.895833333333,28.4791666666667
0.589125103682442,-109.854166666667,28.4791666666667
0.565680609922409,-109.8125,28.4791666666667
0.529190871756194,-109.770833333333,28.4791666666667
0.548656542100784,-109.604166666667,28.4791666666667
0.640606904187453,-109.5625,28.4791666666667
0.640179958051259,-109.520833333333,28.4791666666667
0.828499461408932,-112.9375,28.4375
0.843377765160225,-112.895833333333,28.4375
0.8462058353054,-112.854166666667,28.4375
0.959948518696914,-111.604166666667,28.4375
0.955769453852617,-111.5625,28.4375
0.9481937585677,-111.520833333333,28.4375
0.941549587998415,-111.479166666667,28.4375
0.931721331531507,-111.4375,28.4375
0.915972886512225,-111.395833333333,28.4375
0.91671165922277,-111.354166666667,28.4375
0.916977581549109,-111.3125,28.4375
0.914388422237558,-111.270833333333,28.4375
0.914350409088769,-111.229166666667,28.4375
0.911637889558008,-111.1875,28.4375
0.894507947263643,-111.145833333333,28.4375
0.877303720859647,-111.104166666667,28.4375
0.869685877214789,-111.0625,28.4375
0.868348562469413,-111.020833333333,28.4375
0.876546205217273,-110.979166666667,28.4375
0.886930584425907,-110.9375,28.4375
0.910554929719327,-110.895833333333,28.4375
0.913730502493239,-110.854166666667,28.4375
0.884263060673746,-110.8125,28.4375
0.857272806458823,-110.770833333333,28.4375
0.824250211569321,-110.729166666667,28.4375
0.767341550837985,-110.6875,28.4375
0.750240595349486,-110.645833333333,28.4375
0.745381559825261,-110.604166666667,28.4375
0.728573848038367,-110.5625,28.4375
0.722759826799618,-110.520833333333,28.4375
0.724259945723561,-110.479166666667,28.4375
0.719938417979425,-110.4375,28.4375
0.713202031968899,-110.395833333333,28.4375
0.701352571709414,-110.354166666667,28.4375
0.686585472536771,-110.3125,28.4375
0.678472340312098,-110.270833333333,28.4375
0.675246599825459,-110.229166666667,28.4375
0.67033165771884,-110.1875,28.4375
0.636588539441119,-110.145833333333,28.4375
0.624755147385351,-110.104166666667,28.4375
0.60188690153653,-110.0625,28.4375
0.57179401097257,-110.020833333333,28.4375
0.57351371656967,-109.979166666667,28.4375
0.586915062757138,-109.9375,28.4375
0.578373700883373,-109.895833333333,28.4375
0.558641120198086,-109.854166666667,28.4375
0.53928291521115,-109.8125,28.4375
0.561218723405448,-109.604166666667,28.4375
0.638334453368244,-109.5625,28.4375
0.603040319867812,-109.520833333333,28.4375
0.79210468144604,-112.9375,28.3958333333333
0.815152830812032,-112.895833333333,28.3958333333333
0.944725900671786,-111.479166666667,28.3958333333333
0.938745244138947,-111.4375,28.3958333333333
0.93239782655803,-111.395833333333,28.3958333333333
0.925276771264565,-111.354166666667,28.3958333333333
0.922483357591916,-111.3125,28.3958333333333
0.923622113942245,-111.270833333333,28.3958333333333
0.917646551838913,-111.229166666667,28.3958333333333
0.91233737560326,-111.1875,28.3958333333333
0.899047347133347,-111.145833333333,28.3958333333333
0.875483151596642,-111.104166666667,28.3958333333333
0.860294981637203,-111.0625,28.3958333333333
0.851328536970373,-111.020833333333,28.3958333333333
0.863874583578448,-110.979166666667,28.3958333333333
0.875026222676649,-110.9375,28.3958333333333
0.879379929216725,-110.895833333333,28.3958333333333
0.865897243565994,-110.854166666667,28.3958333333333
0.817921013479399,-110.8125,28.3958333333333
0.769375628257919,-110.770833333333,28.3958333333333
0.754093268455898,-110.729166666667,28.3958333333333
0.712530177924877,-110.6875,28.3958333333333
0.696563014698152,-110.645833333333,28.3958333333333
0.692376449165529,-110.604166666667,28.3958333333333
0.69077326013208,-110.5625,28.3958333333333
0.697653787972583,-110.520833333333,28.3958333333333
0.696063732748858,-110.479166666667,28.3958333333333
0.687451615967599,-110.4375,28.3958333333333
0.681722831482305,-110.395833333333,28.3958333333333
0.671883260292282,-110.354166666667,28.3958333333333
0.673675772142697,-110.3125,28.3958333333333
0.660979438588242,-110.270833333333,28.3958333333333
0.648519117638563,-110.229166666667,28.3958333333333
0.635933640315563,-110.1875,28.3958333333333
0.601786134605342,-110.145833333333,28.3958333333333
0.591400397328224,-110.104166666667,28.3958333333333
0.579105630350924,-110.0625,28.3958333333333
0.557912517281347,-110.020833333333,28.3958333333333
0.565253267290925,-109.979166666667,28.3958333333333
0.567609287651741,-109.9375,28.3958333333333
0.551310200789556,-109.895833333333,28.3958333333333
0.543613956031832,-109.854166666667,28.3958333333333
0.513635432148196,-109.8125,28.3958333333333
0.551487975667888,-109.604166666667,28.3958333333333
0.602194856906788,-109.5625,28.3958333333333
0.568915717977318,-109.520833333333,28.3958333333333
0.803677086935356,-112.9375,28.3541666666667
0.813364741303412,-112.895833333333,28.3541666666667
0.94153472395879,-111.4375,28.3541666666667
0.938589250132097,-111.395833333333,28.3541666666667
0.932905950422369,-111.354166666667,28.3541666666667
0.931573492234069,-111.3125,28.3541666666667
0.928262846486501,-111.270833333333,28.3541666666667
0.919785381061163,-111.229166666667,28.3541666666667
0.910212737340866,-111.1875,28.3541666666667
0.898021095961963,-111.145833333333,28.3541666666667
0.884693634783183,-111.104166666667,28.3541666666667
0.865254904779027,-111.0625,28.3541666666667
0.84911868361356,-111.020833333333,28.3541666666667
0.868358864350338,-110.979166666667,28.3541666666667
0.850886643610011,-110.9375,28.3541666666667
0.822503021500972,-110.895833333333,28.3541666666667
0.799902684846021,-110.854166666667,28.3541666666667
0.736534791075389,-110.8125,28.3541666666667
0.678950007806746,-110.770833333333,28.3541666666667
0.664644543497953,-110.729166666667,28.3541666666667
0.639568946848478,-110.6875,28.3541666666667
0.639181873713957,-110.645833333333,28.3541666666667
0.635870369786064,-110.604166666667,28.3541666666667
0.653110430265218,-110.5625,28.3541666666667
0.672874301152203,-110.520833333333,28.3541666666667
0.676007305628841,-110.479166666667,28.3541666666667
0.659881524085015,-110.4375,28.3541666666667
0.640186022719211,-110.395833333333,28.3541666666667
0.628498790789629,-110.354166666667,28.3541666666667
0.636633670721059,-110.3125,28.3541666666667
0.641596873156647,-110.270833333333,28.3541666666667
0.631224803960614,-110.229166666667,28.3541666666667
0.590732978962219,-110.1875,28.3541666666667
0.556385698815066,-110.145833333333,28.3541666666667
0.544499096355572,-110.104166666667,28.3541666666667
0.539272758075304,-110.0625,28.3541666666667
0.539153485347305,-110.020833333333,28.3541666666667
0.544240738705322,-109.979166666667,28.3541666666667
0.530360305791897,-109.9375,28.3541666666667
0.530894591081728,-109.895833333333,28.3541666666667
0.532383572677563,-109.854166666667,28.3541666666667
0.534692040233491,-109.604166666667,28.3541666666667
0.520422201977803,-109.5625,28.3541666666667
0.800163096618534,-112.9375,28.3125
0.815803758433356,-112.895833333333,28.3125
0.943532850035473,-111.4375,28.3125
0.939496921520634,-111.395833333333,28.3125
0.935917549115618,-111.354166666667,28.3125
0.933149509675561,-111.3125,28.3125
0.928358875514645,-111.270833333333,28.3125
0.923145800753248,-111.229166666667,28.3125
0.914442340030298,-111.1875,28.3125
0.904678524661365,-111.145833333333,28.3125
0.897331013439645,-111.104166666667,28.3125
0.877123746276931,-111.0625,28.3125
0.849348601518528,-111.020833333333,28.3125
0.847790640424282,-110.979166666667,28.3125
0.829366500593115,-110.9375,28.3125
0.787790658687035,-110.895833333333,28.3125
0.747949787331789,-110.854166666667,28.3125
0.68412700492085,-110.8125,28.3125
0.635150626448757,-110.770833333333,28.3125
0.598322861148376,-110.729166666667,28.3125
0.585928038842319,-110.6875,28.3125
0.604660737361573,-110.645833333333,28.3125
0.61475210470253,-110.604166666667,28.3125
0.624295754438204,-110.5625,28.3125
0.6457447026861,-110.520833333333,28.3125
0.651737233348419,-110.479166666667,28.3125
0.639165888057624,-110.4375,28.3125
0.634976686009531,-110.395833333333,28.3125
0.614181928711555,-110.354166666667,28.3125
0.611473721944863,-110.3125,28.3125
0.620919316225637,-110.270833333333,28.3125
0.616976381768549,-110.229166666667,28.3125
0.592853165315363,-110.1875,28.3125
0.569893870773236,-110.145833333333,28.3125
0.544994475166569,-110.104166666667,28.3125
0.543654449651214,-110.0625,28.3125
0.539265115390152,-110.020833333333,28.3125
0.526996637356906,-109.979166666667,28.3125
0.523344533381923,-109.9375,28.3125
0.532861539446633,-109.895833333333,28.3125
0.519785278349347,-109.854166666667,28.3125
0.519034522659359,-109.604166666667,28.3125
0.788376083050158,-112.9375,28.2708333333333
0.804108483409599,-112.895833333333,28.2708333333333
0.937312568236997,-111.354166666667,28.2708333333333
0.931683838059102,-111.3125,28.2708333333333
0.930361754265131,-111.270833333333,28.2708333333333
0.924458996741893,-111.229166666667,28.2708333333333
0.919636360219389,-111.1875,28.2708333333333
0.917063347873212,-111.145833333333,28.2708333333333
0.908022676950634,-111.104166666667,28.2708333333333
0.879666278580148,-111.0625,28.2708333333333
0.855868751733565,-111.020833333333,28.2708333333333
0.834706443870275,-110.979166666667,28.2708333333333
0.811375144857625,-110.9375,28.2708333333333
0.793876700112772,-110.895833333333,28.2708333333333
0.742757312667704,-110.854166666667,28.2708333333333
0.66754573083124,-110.8125,28.2708333333333
0.618613987441182,-110.770833333333,28.2708333333333
0.590926851504351,-110.729166666667,28.2708333333333
0.563148687329351,-110.6875,28.2708333333333
0.584737200753146,-110.645833333333,28.2708333333333
0.608319709577425,-110.604166666667,28.2708333333333
0.611681457077021,-110.5625,28.2708333333333
0.627891607965655,-110.520833333333,28.2708333333333
0.630164975832486,-110.479166666667,28.2708333333333
0.615585925994276,-110.4375,28.2708333333333
0.628115903278565,-110.395833333333,28.2708333333333
0.606879235803718,-110.354166666667,28.2708333333333
0.596239576484786,-110.3125,28.2708333333333
0.59867263321302,-110.270833333333,28.2708333333333
0.60119253743617,-110.229166666667,28.2708333333333
0.578410212971392,-110.1875,28.2708333333333
0.555960096114809,-110.145833333333,28.2708333333333
0.549098579074618,-110.104166666667,28.2708333333333
0.543702152205806,-110.0625,28.2708333333333
0.538741906145963,-110.020833333333,28.2708333333333
0.52531045604782,-109.979166666667,28.2708333333333
0.523704276636896,-109.9375,28.2708333333333
0.52863122642946,-109.895833333333,28.2708333333333
0.51257694313197,-109.854166666667,28.2708333333333
0.708811892388813,-113.0625,28.2291666666667
0.752920095963797,-113.020833333333,28.2291666666667
0.81496981963813,-112.9375,28.2291666666667
0.800928952447622,-112.895833333333,28.2291666666667
0.7819368150703,-112.854166666667,28.2291666666667
0.939149502060724,-111.354166666667,28.2291666666667
0.934805280351764,-111.3125,28.2291666666667
0.932002118483782,-111.270833333333,28.2291666666667
0.926696930380379,-111.229166666667,28.2291666666667
0.91758164343576,-111.1875,28.2291666666667
0.90895617149807,-111.145833333333,28.2291666666667
0.903423075779869,-111.104166666667,28.2291666666667
0.888104347324874,-111.0625,28.2291666666667
0.866043389625187,-111.020833333333,28.2291666666667
0.843245702768862,-110.979166666667,28.2291666666667
0.817975215624578,-110.9375,28.2291666666667
0.784109419182833,-110.895833333333,28.2291666666667
0.744581999653811,-110.854166666667,28.2291666666667
0.688669421789934,-110.8125,28.2291666666667
0.641611957784709,-110.770833333333,28.2291666666667
0.603638782844907,-110.729166666667,28.2291666666667
0.572653666936656,-110.6875,28.2291666666667
0.581359991709239,-110.645833333333,28.2291666666667
0.608832201239912,-110.604166666667,28.2291666666667
0.613681383909579,-110.5625,28.2291666666667
0.620933153747494,-110.520833333333,28.2291666666667
0.627374080546881,-110.479166666667,28.2291666666667
0.605116261101545,-110.4375,28.2291666666667
0.613739753985209,-110.395833333333,28.2291666666667
0.602686213455973,-110.354166666667,28.2291666666667
0.607564295577178,-110.3125,28.2291666666667
0.602494284207367,-110.270833333333,28.2291666666667
0.588882246537354,-110.229166666667,28.2291666666667
0.572318240672212,-110.1875,28.2291666666667
0.549341183676924,-110.145833333333,28.2291666666667
0.550144672994132,-110.104166666667,28.2291666666667
0.543963761337563,-110.0625,28.2291666666667
0.544752668241085,-110.020833333333,28.2291666666667
0.548235191015514,-109.979166666667,28.2291666666667
0.544589295360111,-109.9375,28.2291666666667
0.539043710296341,-109.895833333333,28.2291666666667
0.507579981695244,-109.854166666667,28.2291666666667
0.69417337466095,-113.0625,28.1875
0.755832692816217,-113.020833333333,28.1875
0.808511658839629,-112.895833333333,28.1875
0.832820180653229,-112.854166666667,28.1875
0.815061925620033,-112.8125,28.1875
0.938111710640456,-111.3125,28.1875
0.933226215001543,-111.270833333333,28.1875
0.934507429029175,-111.229166666667,28.1875
0.915498277105792,-111.1875,28.1875
0.882147238668368,-111.145833333333,28.1875
0.887234526540935,-111.104166666667,28.1875
0.891395034743085,-111.0625,28.1875
0.880160932776757,-111.020833333333,28.1875
0.862743341976343,-110.979166666667,28.1875
0.832543486179678,-110.9375,28.1875
0.788583059187479,-110.895833333333,28.1875
0.79078279796884,-110.854166666667,28.1875
0.761034996823727,-110.8125,28.1875
0.661568867822382,-110.770833333333,28.1875
0.630651306272734,-110.729166666667,28.1875
0.612014639714827,-110.6875,28.1875
0.612747624610879,-110.645833333333,28.1875
0.628111074783655,-110.604166666667,28.1875
0.631174245412902,-110.5625,28.1875
0.629581486792684,-110.520833333333,28.1875
0.633470483252536,-110.479166666667,28.1875
0.610219261854596,-110.4375,28.1875
0.60531770827052,-110.395833333333,28.1875
0.598467778854424,-110.354166666667,28.1875
0.605750221520026,-110.3125,28.1875
0.60464778941817,-110.270833333333,28.1875
0.586730922849462,-110.229166666667,28.1875
0.575219267004557,-110.1875,28.1875
0.561104666465569,-110.145833333333,28.1875
0.555792262405399,-110.104166666667,28.1875
0.547391880846682,-110.0625,28.1875
0.542809168655213,-110.020833333333,28.1875
0.55306729630604,-109.979166666667,28.1875
0.559948144436216,-109.9375,28.1875
0.552031115521276,-109.895833333333,28.1875
0.52515800542509,-109.854166666667,28.1875
0.500304048793569,-109.8125,28.1875
0.713814016753487,-113.0625,28.1458333333333
0.747892366735896,-113.020833333333,28.1458333333333
0.806575764466999,-112.895833333333,28.1458333333333
0.81211808076164,-112.854166666667,28.1458333333333
0.831531409138102,-112.8125,28.1458333333333
0.945444267244562,-111.3125,28.1458333333333
0.942569166632852,-111.270833333333,28.1458333333333
0.943869030632914,-111.229166666667,28.1458333333333
0.919983837697577,-111.1875,28.1458333333333
0.880855703067227,-111.145833333333,28.1458333333333
0.882641341036399,-111.104166666667,28.1458333333333
0.892039703025677,-111.0625,28.1458333333333
0.896396214284183,-111.020833333333,28.1458333333333
0.881121589287898,-110.979166666667,28.1458333333333
0.842874179545825,-110.9375,28.1458333333333
0.796573313165121,-110.895833333333,28.1458333333333
0.789222071425048,-110.854166666667,28.1458333333333
0.767976961897551,-110.8125,28.1458333333333
0.701868934375087,-110.770833333333,28.1458333333333
0.666539699213994,-110.729166666667,28.1458333333333
0.664126468307525,-110.6875,28.1458333333333
0.666140635046327,-110.645833333333,28.1458333333333
0.675162781533804,-110.604166666667,28.1458333333333
0.668953516416701,-110.5625,28.1458333333333
0.656649702412443,-110.520833333333,28.1458333333333
0.647088520625263,-110.479166666667,28.1458333333333
0.62686696825787,-110.4375,28.1458333333333
0.61151560895216,-110.395833333333,28.1458333333333
0.586330405324171,-110.354166666667,28.1458333333333
0.592643940794372,-110.3125,28.1458333333333
0.598624965709401,-110.270833333333,28.1458333333333
0.59318582312042,-110.229166666667,28.1458333333333
0.585533439916025,-110.1875,28.1458333333333
0.569518195988923,-110.145833333333,28.1458333333333
0.558317503849252,-110.104166666667,28.1458333333333
0.547760104948687,-110.0625,28.1458333333333
0.540465596188585,-110.020833333333,28.1458333333333
0.534529022484312,-109.979166666667,28.1458333333333
0.540272299107804,-109.9375,28.1458333333333
0.539998292876669,-109.895833333333,28.1458333333333
0.53304689637764,-109.854166666667,28.1458333333333
0.506132630263868,-109.8125,28.1458333333333
0.750377556543833,-113.020833333333,28.1041666666667
0.8073802234387,-112.979166666667,28.1041666666667
0.800786364805911,-112.895833333333,28.1041666666667
0.821053784965477,-112.854166666667,28.1041666666667
0.834441441037626,-112.8125,28.1041666666667
0.95504382449161,-111.270833333333,28.1041666666667
0.946535502709162,-111.229166666667,28.1041666666667
0.922543402733465,-111.1875,28.1041666666667
0.900412043612596,-111.145833333333,28.1041666666667
0.893403235087607,-111.104166666667,28.1041666666667
0.90319813435563,-111.0625,28.1041666666667
0.902559626708786,-111.020833333333,28.1041666666667
0.88904672068068,-110.979166666667,28.1041666666667
0.8653747718245,-110.9375,28.1041666666667
0.827331962265162,-110.895833333333,28.1041666666667
0.801178808083268,-110.854166666667,28.1041666666667
0.779332377803703,-110.8125,28.1041666666667
0.73576206272411,-110.770833333333,28.1041666666667
0.71639410879974,-110.729166666667,28.1041666666667
0.72501263697905,-110.6875,28.1041666666667
0.72643406919586,-110.645833333333,28.1041666666667
0.727494069257258,-110.604166666667,28.1041666666667
0.71409420791591,-110.5625,28.1041666666667
0.694465840452469,-110.520833333333,28.1041666666667
0.677543539164364,-110.479166666667,28.1041666666667
0.643779946432772,-110.4375,28.1041666666667
0.612120567705224,-110.395833333333,28.1041666666667
0.588085551794648,-110.354166666667,28.1041666666667
0.584934560035661,-110.3125,28.1041666666667
0.598023219222697,-110.270833333333,28.1041666666667
0.605202979591199,-110.229166666667,28.1041666666667
0.59972358727049,-110.1875,28.1041666666667
0.581911921804001,-110.145833333333,28.1041666666667
0.559095946968775,-110.104166666667,28.1041666666667
0.557235236800392,-110.0625,28.1041666666667
0.544296483359482,-110.020833333333,28.1041666666667
0.521729459932776,-109.979166666667,28.1041666666667
0.522558331660522,-109.9375,28.1041666666667
0.530897930202537,-109.895833333333,28.1041666666667
0.521959541735682,-109.854166666667,28.1041666666667
0.724262574543307,-113.020833333333,28.0625
0.755875509006547,-112.979166666667,28.0625
0.80371987788353,-112.9375,28.0625
0.829657547407819,-112.895833333333,28.0625
0.811683862849059,-112.854166666667,28.0625
0.821801242976012,-112.8125,28.0625
0.949676987547579,-111.229166666667,28.0625
0.92215292651699,-111.1875,28.0625
0.895036185544168,-111.145833333333,28.0625
0.889337797464957,-111.104166666667,28.0625
0.901327584874533,-111.0625,28.0625
0.900020309194992,-111.020833333333,28.0625
0.908982999265777,-110.979166666667,28.0625
0.902738118190853,-110.9375,28.0625
0.884246991718135,-110.895833333333,28.0625
0.859798430112156,-110.854166666667,28.0625
0.82414432281387,-110.8125,28.0625
0.781133263095202,-110.770833333333,28.0625
0.770014184491678,-110.729166666667,28.0625
0.776343432262671,-110.6875,28.0625
0.782721968567306,-110.645833333333,28.0625
0.769589180514597,-110.604166666667,28.0625
0.756480094801678,-110.5625,28.0625
0.74507628081785,-110.520833333333,28.0625
0.71679720207063,-110.479166666667,28.0625
0.691991438670966,-110.4375,28.0625
0.671221782840785,-110.395833333333,28.0625
0.636384510769217,-110.354166666667,28.0625
0.59550511771866,-110.3125,28.0625
0.60195742263687,-110.270833333333,28.0625
0.619263975535336,-110.229166666667,28.0625
0.616017987569144,-110.1875,28.0625
0.607334556949194,-110.145833333333,28.0625
0.591304917948042,-110.104166666667,28.0625
0.578337773960984,-110.0625,28.0625
0.551143581107805,-110.020833333333,28.0625
0.523473174999878,-109.979166666667,28.0625
0.503359180342668,-109.9375,28.0625
0.512635946913612,-109.895833333333,28.0625
0.514462268134838,-109.854166666667,28.0625
0.705460791447692,-113.020833333333,28.0208333333333
0.712475048983326,-112.979166666667,28.0208333333333
0.738364170832013,-112.9375,28.0208333333333
0.782473785352868,-112.895833333333,28.0208333333333
0.832588142206343,-112.854166666667,28.0208333333333
0.81689363666887,-112.8125,28.0208333333333
0.953926292876044,-111.1875,28.0208333333333
0.932282510529055,-111.145833333333,28.0208333333333
0.923035340626639,-111.104166666667,28.0208333333333
0.918008385231947,-111.0625,28.0208333333333
0.923852237315175,-111.020833333333,28.0208333333333
0.933727780266672,-110.979166666667,28.0208333333333
0.930814302934507,-110.9375,28.0208333333333
0.920539461559007,-110.895833333333,28.0208333333333
0.914224799666506,-110.854166666667,28.0208333333333
0.882315522718382,-110.8125,28.0208333333333
0.83671898358709,-110.770833333333,28.0208333333333
0.82465930075343,-110.729166666667,28.0208333333333
0.826205586558774,-110.6875,28.0208333333333
0.826001381193853,-110.645833333333,28.0208333333333
0.804683812940067,-110.604166666667,28.0208333333333
0.789883980587522,-110.5625,28.0208333333333
0.779836574495683,-110.520833333333,28.0208333333333
0.758753798049758,-110.479166666667,28.0208333333333
0.743793035855068,-110.4375,28.0208333333333
0.719597897904653,-110.395833333333,28.0208333333333
0.632659141321124,-110.354166666667,28.0208333333333
0.587742875036064,-110.3125,28.0208333333333
0.608024143608973,-110.270833333333,28.0208333333333
0.61793033792772,-110.229166666667,28.0208333333333
0.622304532039822,-110.1875,28.0208333333333
0.619906693345753,-110.145833333333,28.0208333333333
0.599442966519733,-110.104166666667,28.0208333333333
0.563802802240057,-110.0625,28.0208333333333
0.543884323475101,-110.020833333333,28.0208333333333
0.547149370475564,-109.979166666667,28.0208333333333
0.527148879466883,-109.9375,28.0208333333333
0.509272763724902,-109.895833333333,28.0208333333333
0.721942823149633,-113.0625,27.9791666666667
0.67470088669875,-113.020833333333,27.9791666666667
0.655300721942518,-112.979166666667,27.9791666666667
0.716257274722412,-112.9375,27.9791666666667
0.789496978956128,-112.895833333333,27.9791666666667
0.818865904809462,-112.854166666667,27.9791666666667
0.849094660980952,-112.8125,27.9791666666667
0.82994651293143,-112.770833333333,27.9791666666667
0.971758205105357,-111.104166666667,27.9791666666667
0.969178982884309,-111.0625,27.9791666666667
0.961990932361652,-111.020833333333,27.9791666666667
0.958847948199623,-110.979166666667,27.9791666666667
0.952661931954198,-110.9375,27.9791666666667
0.947832675718586,-110.895833333333,27.9791666666667
0.920616305792017,-110.8125,27.9791666666667
0.889956778050087,-110.770833333333,27.9791666666667
0.872201124100798,-110.729166666667,27.9791666666667
0.860527035856818,-110.6875,27.9791666666667
0.860272997223302,-110.645833333333,27.9791666666667
0.837580421304816,-110.604166666667,27.9791666666667
0.831161124252176,-110.5625,27.9791666666667
0.807261142048675,-110.520833333333,27.9791666666667
0.779354408842056,-110.479166666667,27.9791666666667
0.764871732528623,-110.4375,27.9791666666667
0.733587672357312,-110.395833333333,27.9791666666667
0.652397397688616,-110.354166666667,27.9791666666667
0.589412749102307,-110.3125,27.9791666666667
0.608639108492723,-110.270833333333,27.9791666666667
0.625936004313598,-110.229166666667,27.9791666666667
0.626162064499017,-110.1875,27.9791666666667
0.607452604328862,-110.145833333333,27.9791666666667
0.579182320133701,-110.104166666667,27.9791666666667
0.554579422714767,-110.0625,27.9791666666667
0.542545058336968,-110.020833333333,27.9791666666667
0.555136409273838,-109.979166666667,27.9791666666667
0.569377793876972,-109.9375,27.9791666666667
0.545854637890916,-109.895833333333,27.9791666666667
0.510271680852026,-109.854166666667,27.9791666666667
0.501203180673803,-109.8125,27.9791666666667
0.720628320856978,-113.020833333333,27.9375
0.687667064028784,-112.979166666667,27.9375
0.729276534985057,-112.9375,27.9375
0.778728156660731,-112.895833333333,27.9375
0.804360028773442,-112.854166666667,27.9375
0.82717188588085,-112.8125,27.9375
0.817255725324718,-112.770833333333,27.9375
0.972474564795103,-110.9375,27.9375
0.972565434159516,-110.895833333333,27.9375
0.936896854166214,-110.8125,27.9375
0.922526042411606,-110.770833333333,27.9375
0.90971490509844,-110.729166666667,27.9375
0.880651532346403,-110.6875,27.9375
0.86216136848266,-110.645833333333,27.9375
0.869968305039353,-110.604166666667,27.9375
0.868303755319595,-110.5625,27.9375
0.844768041581829,-110.520833333333,27.9375
0.823427595197799,-110.479166666667,27.9375
0.783554961665501,-110.4375,27.9375
0.743569577590955,-110.395833333333,27.9375
0.695169787099188,-110.354166666667,27.9375
0.603181181845894,-110.3125,27.9375
0.587440198755532,-110.270833333333,27.9375
0.625417325200706,-110.229166666667,27.9375
0.622773749555954,-110.1875,27.9375
0.596471967847223,-110.145833333333,27.9375
0.56981378575891,-110.104166666667,27.9375
0.544869594638102,-110.0625,27.9375
0.53775022059342,-110.020833333333,27.9375
0.535000463573297,-109.979166666667,27.9375
0.581004474392472,-109.9375,27.9375
0.600914809397221,-109.895833333333,27.9375
0.565477319019172,-109.854166666667,27.9375
0.53996614445606,-109.8125,27.9375
0.64036833294863,-113.729166666667,27.8958333333333
0.651461264101459,-113.6875,27.8958333333333
0.654359854509277,-113.645833333333,27.8958333333333
0.666140677813359,-113.604166666667,27.8958333333333
0.671817009981522,-113.5625,27.8958333333333
0.681839777539539,-113.520833333333,27.8958333333333
0.692306664911171,-113.479166666667,27.8958333333333
0.770312383629607,-113.020833333333,27.8958333333333
0.772330468921228,-112.979166666667,27.8958333333333
0.769593038702581,-112.9375,27.8958333333333
0.773181210515366,-112.895833333333,27.8958333333333
0.779389955936796,-112.854166666667,27.8958333333333
0.819721770815401,-112.8125,27.8958333333333
0.868383537387509,-112.770833333333,27.8958333333333
0.982454128948697,-110.9375,27.8958333333333
0.977599945273665,-110.895833333333,27.8958333333333
0.886998488891741,-110.6875,27.8958333333333
0.890222521404599,-110.604166666667,27.8958333333333
0.885763840484989,-110.5625,27.8958333333333
0.882230691685297,-110.520833333333,27.8958333333333
0.862123585538716,-110.479166666667,27.8958333333333
0.790467811147693,-110.4375,27.8958333333333
0.741913745613969,-110.395833333333,27.8958333333333
0.716075749155051,-110.354166666667,27.8958333333333
0.637096795815481,-110.3125,27.8958333333333
0.567169583532056,-110.270833333333,27.8958333333333
0.593721071540773,-110.229166666667,27.8958333333333
0.634325197324678,-110.1875,27.8958333333333
0.632066143170155,-110.145833333333,27.8958333333333
0.624902967774322,-110.104166666667,27.8958333333333
0.590234465130462,-110.0625,27.8958333333333
0.565070673108402,-110.020833333333,27.8958333333333
0.55307530314253,-109.979166666667,27.8958333333333
0.597368971911958,-109.9375,27.8958333333333
0.638298014953095,-109.895833333333,27.8958333333333
0.620112196980298,-109.854166666667,27.8958333333333
0.57643722897774,-109.8125,27.8958333333333
0.60746094046731,-113.8125,27.8541666666667
0.611690063799566,-113.770833333333,27.8541666666667
0.628307174726484,-113.729166666667,27.8541666666667
0.645283339892399,-113.6875,27.8541666666667
0.649240651644457,-113.645833333333,27.8541666666667
0.659741160883772,-113.604166666667,27.8541666666667
0.67291040106391,-113.5625,27.8541666666667
0.681207659324016,-113.520833333333,27.8541666666667
0.688200919234312,-113.479166666667,27.8541666666667
0.692893036240002,-113.4375,27.8541666666667
0.764555595902773,-113.0625,27.8541666666667
0.752638673204932,-113.020833333333,27.8541666666667
0.775275896090448,-112.979166666667,27.8541666666667
0.799303262928885,-112.9375,27.8541666666667
0.807542774661215,-112.895833333333,27.8541666666667
0.818433897007774,-112.854166666667,27.8541666666667
0.846523874734579,-112.8125,27.8541666666667
0.873328866079585,-112.770833333333,27.8541666666667
0.888038574947791,-110.479166666667,27.8541666666667
0.839453998614695,-110.4375,27.8541666666667
0.76978450280339,-110.395833333333,27.8541666666667
0.70742978392611,-110.354166666667,27.8541666666667
0.647630308583506,-110.3125,27.8541666666667
0.533018026304132,-110.270833333333,27.8541666666667
0.551724160586732,-110.229166666667,27.8541666666667
0.673120614339564,-110.1875,27.8541666666667
0.695211096739506,-110.145833333333,27.8541666666667
0.684509329486097,-110.104166666667,27.8541666666667
0.678296619594875,-110.0625,27.8541666666667
0.647577832393326,-110.020833333333,27.8541666666667
0.60335438475821,-109.979166666667,27.8541666666667
0.634761898976272,-109.9375,27.8541666666667
0.667504824151562,-109.895833333333,27.8541666666667
0.652559858868329,-109.854166666667,27.8541666666667
0.594482626256194,-109.8125,27.8541666666667
0.596980769169904,-113.854166666667,27.8125
0.601292552686339,-113.8125,27.8125
0.605855827388044,-113.770833333333,27.8125
0.619417336893565,-113.729166666667,27.8125
0.635653741858832,-113.6875,27.8125
0.639999951599426,-113.645833333333,27.8125
0.647692763661275,-113.604166666667,27.8125
0.660497828390258,-113.5625,27.8125
0.667262765280159,-113.520833333333,27.8125
0.68115377584208,-113.479166666667,27.8125
0.689407923195937,-113.4375,27.8125
0.713921211565469,-113.395833333333,27.8125
0.745140518552424,-113.0625,27.8125
0.724742891443057,-113.020833333333,27.8125
0.755357128728958,-112.979166666667,27.8125
0.804104531693593,-112.9375,27.8125
0.828273345353831,-112.895833333333,27.8125
0.834510129833973,-112.854166666667,27.8125
0.841357089166295,-112.8125,27.8125
0.860154159742265,-112.770833333333,27.8125
0.875791054585508,-112.729166666667,27.8125
0.921332578206221,-110.5625,27.8125
0.913772370900497,-110.520833333333,27.8125
0.905312342192118,-110.479166666667,27.8125
0.891448617078118,-110.4375,27.8125
0.846258230908759,-110.395833333333,27.8125
0.741627649445769,-110.354166666667,27.8125
0.63759031396688,-110.3125,27.8125
0.517682481706897,-110.270833333333,27.8125
0.572959520668999,-110.229166666667,27.8125
0.712073515433784,-110.1875,27.8125
0.748707746406748,-110.145833333333,27.8125
0.738387631590128,-110.104166666667,27.8125
0.715894876410967,-110.0625,27.8125
0.684196468872572,-110.020833333333,27.8125
0.657949618350371,-109.979166666667,27.8125
0.679774146712942,-109.9375,27.8125
0.678518353527693,-109.895833333333,27.8125
0.649820543353133,-109.854166666667,27.8125
0.602376696907783,-109.8125,27.8125
0.588918139287767,-113.895833333333,27.7708333333333
0.591868555167059,-113.854166666667,27.7708333333333
0.595600273680361,-113.8125,27.7708333333333
0.598300554654731,-113.770833333333,27.7708333333333
0.606506162997668,-113.729166666667,27.7708333333333
0.619791710718931,-113.6875,27.7708333333333
0.628422484341597,-113.645833333333,27.7708333333333
0.637511399691941,-113.604166666667,27.7708333333333
0.646241807384093,-113.5625,27.7708333333333
0.655929253715008,-113.520833333333,27.7708333333333
0.67320609646283,-113.479166666667,27.7708333333333
0.685921952743172,-113.4375,27.7708333333333
0.719245179358057,-113.395833333333,27.7708333333333
0.717227565169511,-113.104166666667,27.7708333333333
0.68605689511088,-113.0625,27.7708333333333
0.657163743452665,-113.020833333333,27.7708333333333
0.731264843278284,-112.979166666667,27.7708333333333
0.790760466625287,-112.9375,27.7708333333333
0.806111656747432,-112.895833333333,27.7708333333333
0.799926681694519,-112.854166666667,27.7708333333333
0.786823639700449,-112.8125,27.7708333333333
0.828531052520411,-112.770833333333,27.7708333333333
0.862149553328763,-112.729166666667,27.7708333333333
0.936077677380207,-110.5625,27.7708333333333
0.927227194586615,-110.520833333333,27.7708333333333
0.920669345028681,-110.479166666667,27.7708333333333
0.913808537353359,-110.4375,27.7708333333333
0.866496425240976,-110.395833333333,27.7708333333333
0.776079683450448,-110.354166666667,27.7708333333333
0.743953949436227,-110.3125,27.7708333333333
0.669669311501186,-110.270833333333,27.7708333333333
0.632274999572943,-110.229166666667,27.7708333333333
0.73304103870438,-110.1875,27.7708333333333
0.789015746720083,-110.145833333333,27.7708333333333
0.773056489630538,-110.104166666667,27.7708333333333
0.752656664534024,-110.0625,27.7708333333333
0.750918604714463,-110.020833333333,27.7708333333333
0.729306996024124,-109.979166666667,27.7708333333333
0.733525624132692,-109.9375,27.7708333333333
0.706845343568262,-109.895833333333,27.7708333333333
0.642608489132641,-109.854166666667,27.7708333333333
0.591757754216441,-109.8125,27.7708333333333
0.580282279505741,-113.9375,27.7291666666667
0.583442398313666,-113.895833333333,27.7291666666667
0.585194324429048,-113.854166666667,27.7291666666667
0.589840875272128,-113.8125,27.7291666666667
0.588793080376122,-113.770833333333,27.7291666666667
0.597975823291528,-113.729166666667,27.7291666666667
0.611737254467746,-113.6875,27.7291666666667
0.621683609435566,-113.645833333333,27.7291666666667
0.616436256874605,-113.604166666667,27.7291666666667
0.616474156288095,-113.5625,27.7291666666667
0.629602747732828,-113.520833333333,27.7291666666667
0.647928643764147,-113.479166666667,27.7291666666667
0.669757022741589,-113.4375,27.7291666666667
0.713353482656034,-113.395833333333,27.7291666666667
0.745725783274743,-113.354166666667,27.7291666666667
0.690069789610093,-113.145833333333,27.7291666666667
0.647168942502744,-113.104166666667,27.7291666666667
0.614260562535585,-113.0625,27.7291666666667
0.596211115647226,-113.020833333333,27.7291666666667
0.688751708785794,-112.979166666667,27.7291666666667
0.750821665854427,-112.9375,27.7291666666667
0.755763679144888,-112.895833333333,27.7291666666667
0.750674615709831,-112.854166666667,27.7291666666667
0.762460274527714,-112.8125,27.7291666666667
0.807178686764307,-112.770833333333,27.7291666666667
0.834191866264075,-112.729166666667,27.7291666666667
0.851084499254048,-112.6875,27.7291666666667
0.93704443504315,-110.520833333333,27.7291666666667
0.932227206866525,-110.479166666667,27.7291666666667
0.926065100034104,-110.4375,27.7291666666667
0.905396898851224,-110.395833333333,27.7291666666667
0.869257324897319,-110.354166666667,27.7291666666667
0.856722880844998,-110.3125,27.7291666666667
0.761785640324536,-110.270833333333,27.7291666666667
0.623365361051543,-110.229166666667,27.7291666666667
0.693303411438722,-110.1875,27.7291666666667
0.810656525800417,-110.145833333333,27.7291666666667
0.815522391132478,-110.104166666667,27.7291666666667
0.811161528923784,-110.0625,27.7291666666667
0.805620773464284,-110.020833333333,27.7291666666667
0.781063155478434,-109.979166666667,27.7291666666667
0.781994379978928,-109.9375,27.7291666666667
0.761840106142524,-109.895833333333,27.7291666666667
0.695263930709841,-109.854166666667,27.7291666666667
0.646935025276321,-109.8125,27.7291666666667
0.554974982963712,-109.770833333333,27.7291666666667
0.567067815744617,-113.9375,27.6875
0.576408719038019,-113.895833333333,27.6875
0.578458761747961,-113.854166666667,27.6875
0.575141259723243,-113.8125,27.6875
0.573599611055488,-113.770833333333,27.6875
0.587604601932041,-113.729166666667,27.6875
0.59642420858325,-113.6875,27.6875
0.591205951541223,-113.645833333333,27.6875
0.584859943399525,-113.604166666667,27.6875
0.586684856615422,-113.5625,27.6875
0.600682792879544,-113.520833333333,27.6875
0.619390584911017,-113.479166666667,27.6875
0.641407520276881,-113.4375,27.6875
0.675483993684827,-113.395833333333,27.6875
0.709378892751841,-113.354166666667,27.6875
0.654391159517609,-113.1875,27.6875
0.635474911779818,-113.145833333333,27.6875
0.595429294938188,-113.104166666667,27.6875
0.541905845848876,-113.0625,27.6875
0.555893828449113,-113.020833333333,27.6875
0.670377213570676,-112.979166666667,27.6875
0.709703542012133,-112.9375,27.6875
0.726072017998669,-112.895833333333,27.6875
0.734271685422491,-112.854166666667,27.6875
0.783098180267137,-112.8125,27.6875
0.814393296727822,-112.770833333333,27.6875
0.831053975942446,-112.729166666667,27.6875
0.852428228842405,-112.6875,27.6875
0.874746099517912,-112.645833333333,27.6875
0.944931117230241,-110.520833333333,27.6875
0.941948477139312,-110.479166666667,27.6875
0.939397037151396,-110.4375,27.6875
0.930127457732049,-110.395833333333,27.6875
0.921772328732869,-110.354166666667,27.6875
0.900265365955735,-110.3125,27.6875
0.853287211812498,-110.270833333333,27.6875
0.732351644872793,-110.229166666667,27.6875
0.729392004663657,-110.1875,27.6875
0.832763714093761,-110.145833333333,27.6875
0.857889795203575,-110.104166666667,27.6875
0.84507587643204,-110.0625,27.6875
0.850041165567168,-110.020833333333,27.6875
0.845155128239524,-109.979166666667,27.6875
0.84015110327296,-109.9375,27.6875
0.782211077081254,-109.895833333333,27.6875
0.695977384658367,-109.854166666667,27.6875
0.664511519833301,-109.8125,27.6875
0.572821604506927,-109.770833333333,27.6875
0.564434871710909,-114.020833333333,27.6458333333333
0.560569490048512,-113.979166666667,27.6458333333333
0.559752079012557,-113.9375,27.6458333333333
0.567307645364915,-113.895833333333,27.6458333333333
0.566837883726853,-113.854166666667,27.6458333333333
0.565560104990334,-113.8125,27.6458333333333
0.554971493292521,-113.770833333333,27.6458333333333
0.56296923501369,-113.729166666667,27.6458333333333
0.570320466303656,-113.6875,27.6458333333333
0.565796446619705,-113.645833333333,27.6458333333333
0.567586136262533,-113.604166666667,27.6458333333333
0.567515026438503,-113.5625,27.6458333333333
0.576782978392384,-113.520833333333,27.6458333333333
0.599288997665767,-113.479166666667,27.6458333333333
0.624933333559813,-113.4375,27.6458333333333
0.644748137280902,-113.395833333333,27.6458333333333
0.665962390093343,-113.354166666667,27.6458333333333
0.686088727049152,-113.3125,27.6458333333333
0.721676942227425,-113.270833333333,27.6458333333333
0.627101356483111,-113.1875,27.6458333333333
0.546556407928986,-113.145833333333,27.6458333333333
0.546943848291049,-113.104166666667,27.6458333333333
0.543378740249942,-113.0625,27.6458333333333
0.502403658422736,-113.020833333333,27.6458333333333
0.607154642449262,-112.979166666667,27.6458333333333
0.704288620691348,-112.9375,27.6458333333333
0.734597121098847,-112.895833333333,27.6458333333333
0.744223409006512,-112.854166666667,27.6458333333333
0.792591641368664,-112.8125,27.6458333333333
0.803619484329509,-112.770833333333,27.6458333333333
0.802936385092089,-112.729166666667,27.6458333333333
0.84341949243473,-112.6875,27.6458333333333
0.875037531038435,-112.645833333333,27.6458333333333
0.885883096707554,-112.604166666667,27.6458333333333
0.973253617498807,-110.604166666667,27.6458333333333
0.9646474397715,-110.5625,27.6458333333333
0.955122112222415,-110.520833333333,27.6458333333333
0.948970922639923,-110.479166666667,27.6458333333333
0.947625734510837,-110.4375,27.6458333333333
0.943015854092691,-110.395833333333,27.6458333333333
0.933379173991052,-110.354166666667,27.6458333333333
0.927594920650501,-110.3125,27.6458333333333
0.912150980821001,-110.270833333333,27.6458333333333
0.879961561191329,-110.229166666667,27.6458333333333
0.854126007037082,-110.1875,27.6458333333333
0.877688461325887,-110.145833333333,27.6458333333333
0.891693532631897,-110.104166666667,27.6458333333333
0.880965351742356,-110.0625,27.6458333333333
0.882896340900299,-110.020833333333,27.6458333333333
0.891672912303201,-109.979166666667,27.6458333333333
0.885539469456297,-109.9375,27.6458333333333
0.840854140750575,-109.895833333333,27.6458333333333
0.775002776502194,-109.854166666667,27.6458333333333
0.661582745827191,-109.8125,27.6458333333333
0.561884148778132,-109.770833333333,27.6458333333333
0.547617766108916,-114.0625,27.6041666666667
0.547251084932968,-114.020833333333,27.6041666666667
0.53931396223734,-113.979166666667,27.6041666666667
0.546516985605698,-113.9375,27.6041666666667
0.550251697418104,-113.854166666667,27.6041666666667
0.546635007848635,-113.8125,27.6041666666667
0.53571916081766,-113.770833333333,27.6041666666667
0.542421432643614,-113.729166666667,27.6041666666667
0.554101613293157,-113.6875,27.6041666666667
0.5497789571559,-113.645833333333,27.6041666666667
0.542250229275694,-113.604166666667,27.6041666666667
0.542099223250511,-113.5625,27.6041666666667
0.564991634031013,-113.520833333333,27.6041666666667
0.586848369815053,-113.479166666667,27.6041666666667
0.637992342815467,-113.4375,27.6041666666667
0.638451731460119,-113.395833333333,27.6041666666667
0.646201728928635,-113.354166666667,27.6041666666667
0.670288925690563,-113.3125,27.6041666666667
0.683780593321931,-113.270833333333,27.6041666666667
0.674035362179994,-113.229166666667,27.6041666666667
0.632507478926663,-113.1875,27.6041666666667
0.552685940430557,-113.145833333333,27.6041666666667
0.556150995077479,-112.979166666667,27.6041666666667
0.653973456772239,-112.9375,27.6041666666667
0.710594521290198,-112.895833333333,27.6041666666667
0.738925853745259,-112.854166666667,27.6041666666667
0.768838109846801,-112.8125,27.6041666666667
0.788988297925464,-112.770833333333,27.6041666666667
0.769201792476955,-112.729166666667,27.6041666666667
0.783353260721249,-112.6875,27.6041666666667
0.839367582261285,-112.645833333333,27.6041666666667
0.838595423154377,-112.604166666667,27.6041666666667
0.783525625452654,-112.5625,27.6041666666667
0.772770199753063,-112.520833333333,27.6041666666667
0.839382396229754,-112.479166666667,27.6041666666667
0.97285307551896,-110.5625,27.6041666666667
0.963034590419774,-110.520833333333,27.6041666666667
0.953112931718312,-110.479166666667,27.6041666666667
0.950600205717718,-110.4375,27.6041666666667
0.948054439083502,-110.395833333333,27.6041666666667
0.940398900531306,-110.354166666667,27.6041666666667
0.935574787791417,-110.3125,27.6041666666667
0.926874185856968,-110.270833333333,27.6041666666667
0.927508987282649,-110.229166666667,27.6041666666667
0.922549961930168,-110.1875,27.6041666666667
0.916277785622134,-110.145833333333,27.6041666666667
0.917391153474742,-110.104166666667,27.6041666666667
0.915885714045316,-110.0625,27.6041666666667
0.919481192311042,-110.020833333333,27.6041666666667
0.91920694026759,-109.979166666667,27.6041666666667
0.918613050094187,-109.9375,27.6041666666667
0.883041413345083,-109.895833333333,27.6041666666667
0.809929930096994,-109.854166666667,27.6041666666667
0.714300014905009,-109.8125,27.6041666666667
0.628410906131348,-109.770833333333,27.6041666666667
0.53361998526175,-114.104166666667,27.5625
0.528731045537371,-114.0625,27.5625
0.527792229188113,-114.020833333333,27.5625
0.527667059346946,-113.979166666667,27.5625
0.530969815565148,-113.9375,27.5625
0.531213700114518,-113.895833333333,27.5625
0.532636647969369,-113.854166666667,27.5625
0.525922785722894,-113.8125,27.5625
0.524091562827483,-113.770833333333,27.5625
0.526630627347312,-113.729166666667,27.5625
0.531942238723121,-113.6875,27.5625
0.528163862829349,-113.645833333333,27.5625
0.523932947428642,-113.604166666667,27.5625
0.525577883439574,-113.5625,27.5625
0.543894614634859,-113.520833333333,27.5625
0.596668666876866,-113.479166666667,27.5625
0.585302313397226,-113.4375,27.5625
0.57430887179606,-113.395833333333,27.5625
0.578699393922128,-113.354166666667,27.5625
0.599606174352305,-113.3125,27.5625
0.633146951545877,-113.270833333333,27.5625
0.657108584052075,-113.229166666667,27.5625
0.649322529162438,-113.1875,27.5625
0.601622998094159,-113.145833333333,27.5625
0.543063443843476,-113.104166666667,27.5625
0.59546781055248,-112.9375,27.5625
0.623392923507173,-112.895833333333,27.5625
0.676702030906213,-112.854166666667,27.5625
0.713643152330139,-112.8125,27.5625
0.731115207535815,-112.770833333333,27.5625
0.685978140816348,-112.729166666667,27.5625
0.670558440454436,-112.6875,27.5625
0.758609920181345,-112.645833333333,27.5625
0.769201279128956,-112.604166666667,27.5625
0.631390191343868,-112.5625,27.5625
0.545999287596666,-112.520833333333,27.5625
0.719609788023716,-112.479166666667,27.5625
0.840997296517778,-112.4375,27.5625
0.856380094704036,-112.395833333333,27.5625
0.978024939708433,-110.604166666667,27.5625
0.972491113701388,-110.5625,27.5625
0.967572820318917,-110.520833333333,27.5625
0.962069137925391,-110.479166666667,27.5625
0.957323136014513,-110.4375,27.5625
0.954493630439449,-110.395833333333,27.5625
0.947317917039722,-110.354166666667,27.5625
0.941884637810368,-110.3125,27.5625
0.93779984481485,-110.270833333333,27.5625
0.935534221140834,-110.229166666667,27.5625
0.936259009306484,-110.1875,27.5625
0.93674255971741,-110.145833333333,27.5625
0.937669932748828,-110.104166666667,27.5625
0.941975328131358,-110.0625,27.5625
0.948127852174663,-110.020833333333,27.5625
0.947281666126931,-109.979166666667,27.5625
0.944311311053476,-109.9375,27.5625
0.920431107105687,-109.895833333333,27.5625
0.86501068076188,-109.854166666667,27.5625
0.744253452525991,-109.8125,27.5625
0.588587258270914,-109.770833333333,27.5625
0.520142066075072,-114.104166666667,27.5208333333333
0.518252218689626,-114.0625,27.5208333333333
0.517957538147692,-114.020833333333,27.5208333333333
0.518416205941278,-113.979166666667,27.5208333333333
0.516167466716265,-113.9375,27.5208333333333
0.52090925385253,-113.895833333333,27.5208333333333
0.525302876378394,-113.854166666667,27.5208333333333
0.519224198217029,-113.8125,27.5208333333333
0.511929487815876,-113.770833333333,27.5208333333333
0.509828114670568,-113.729166666667,27.5208333333333
0.507478796593045,-113.6875,27.5208333333333
0.510468485533657,-113.645833333333,27.5208333333333
0.516273317951853,-113.604166666667,27.5208333333333
0.520004033517769,-113.5625,27.5208333333333
0.55395905784184,-113.520833333333,27.5208333333333
0.550067945081079,-113.479166666667,27.5208333333333
0.537344373429321,-113.4375,27.5208333333333
0.525505674059035,-113.395833333333,27.5208333333333
0.537606592094581,-113.354166666667,27.5208333333333
0.5631858043634,-113.3125,27.5208333333333
0.597195019079359,-113.270833333333,27.5208333333333
0.628837017423956,-113.229166666667,27.5208333333333
0.64006951649998,-113.1875,27.5208333333333
0.640739117553783,-113.145833333333,27.5208333333333
0.612034597369715,-113.104166666667,27.5208333333333
0.54816352264382,-113.0625,27.5208333333333
0.51373567275556,-113.020833333333,27.5208333333333
0.517022686539631,-112.979166666667,27.5208333333333
0.535925171297983,-112.9375,27.5208333333333
0.5596904885033,-112.895833333333,27.5208333333333
0.655475168387959,-112.854166666667,27.5208333333333
0.717316328619825,-112.8125,27.5208333333333
0.706664238478779,-112.770833333333,27.5208333333333
0.637617406056401,-112.729166666667,27.5208333333333
0.644030806816372,-112.6875,27.5208333333333
0.710014485348187,-112.645833333333,27.5208333333333
0.664413987334849,-112.604166666667,27.5208333333333
0.549396002416958,-112.5625,27.5208333333333
0.567137525231682,-112.520833333333,27.5208333333333
0.654235512769705,-112.479166666667,27.5208333333333
0.690681019886901,-112.4375,27.5208333333333
0.685135194280779,-112.395833333333,27.5208333333333
0.783537237186559,-112.354166666667,27.5208333333333
0.9751804963693,-110.5625,27.5208333333333
0.972523518057642,-110.520833333333,27.5208333333333
0.968101410120146,-110.479166666667,27.5208333333333
0.961992954234223,-110.4375,27.5208333333333
0.960494281699353,-110.395833333333,27.5208333333333
0.957866114214973,-110.354166666667,27.5208333333333
0.953968930791619,-110.3125,27.5208333333333
0.951718328786389,-110.270833333333,27.5208333333333
0.94796148319977,-110.229166666667,27.5208333333333
0.944478255233487,-110.1875,27.5208333333333
0.94512452854373,-110.145833333333,27.5208333333333
0.94937875646938,-110.104166666667,27.5208333333333
0.956223138565324,-110.0625,27.5208333333333
0.963856634220286,-110.020833333333,27.5208333333333
0.968762188717328,-109.979166666667,27.5208333333333
0.966271776793074,-109.9375,27.5208333333333
0.948624721188686,-109.895833333333,27.5208333333333
0.908444660384842,-109.854166666667,27.5208333333333
0.659284131858746,-109.8125,27.5208333333333
0.512349591586065,-114.104166666667,27.4791666666667
0.517865747461611,-114.0625,27.4791666666667
0.513451450773445,-114.020833333333,27.4791666666667
0.517878025779038,-113.979166666667,27.4791666666667
0.522098171838646,-113.9375,27.4791666666667
0.522464998813169,-113.895833333333,27.4791666666667
0.52233878395793,-113.854166666667,27.4791666666667
0.514302916622992,-113.8125,27.4791666666667
0.506757299083366,-113.770833333333,27.4791666666667
0.505160452573024,-113.729166666667,27.4791666666667
0.503680733722697,-113.604166666667,27.4791666666667
0.512136343922962,-113.5625,27.4791666666667
0.540212992275794,-113.520833333333,27.4791666666667
0.527979024068322,-113.479166666667,27.4791666666667
0.518466898471671,-113.4375,27.4791666666667
0.50694655838819,-113.395833333333,27.4791666666667
0.515755361817922,-113.354166666667,27.4791666666667
0.540758390904817,-113.3125,27.4791666666667
0.575641830477965,-113.270833333333,27.4791666666667
0.600838376253497,-113.229166666667,27.4791666666667
0.612072659025235,-113.1875,27.4791666666667
0.623761974573064,-113.145833333333,27.4791666666667
0.621449354394162,-113.104166666667,27.4791666666667
0.586592497904149,-113.0625,27.4791666666667
0.534518625567693,-113.020833333333,27.4791666666667
0.512267771912476,-112.979166666667,27.4791666666667
0.529383183237269,-112.9375,27.4791666666667
0.561280369339556,-112.895833333333,27.4791666666667
0.653518228277368,-112.854166666667,27.4791666666667
0.719984231794924,-112.8125,27.4791666666667
0.724706890738522,-112.770833333333,27.4791666666667
0.684386589319625,-112.729166666667,27.4791666666667
0.679920411608582,-112.6875,27.4791666666667
0.658075009147469,-112.645833333333,27.4791666666667
0.519164143482715,-112.604166666667,27.4791666666667
0.50909641644778,-112.5625,27.4791666666667
0.66084435780792,-112.520833333333,27.4791666666667
0.684988805445117,-112.479166666667,27.4791666666667
0.665607953404511,-112.4375,27.4791666666667
0.626781029772509,-112.395833333333,27.4791666666667
0.726501247042887,-112.354166666667,27.4791666666667
0.979208044751885,-110.5625,27.4791666666667
0.976897591740618,-110.520833333333,27.4791666666667
0.973960393553708,-110.479166666667,27.4791666666667
0.970238665566018,-110.4375,27.4791666666667
0.96726134256598,-110.395833333333,27.4791666666667
0.964683817097491,-110.354166666667,27.4791666666667
0.957705213992665,-110.3125,27.4791666666667
0.955185434103896,-110.270833333333,27.4791666666667
0.951791733457735,-110.229166666667,27.4791666666667
0.95140968249446,-110.1875,27.4791666666667
0.953156926149688,-110.145833333333,27.4791666666667
0.958898245205291,-110.104166666667,27.4791666666667
0.96531476852675,-110.0625,27.4791666666667
0.973160577997377,-110.020833333333,27.4791666666667
0.978236206661881,-109.979166666667,27.4791666666667
0.978667670271958,-109.9375,27.4791666666667
0.973404750689852,-109.895833333333,27.4791666666667
0.941121301533369,-109.854166666667,27.4791666666667
0.823701302700256,-109.8125,27.4791666666667
0.601370596874087,-109.770833333333,27.4791666666667
0.501224357580766,-114.104166666667,27.4375
0.513037270261059,-114.0625,27.4375
0.516022661021337,-114.020833333333,27.4375
0.528849267701427,-113.979166666667,27.4375
0.532193454306321,-113.9375,27.4375
0.520844830606289,-113.895833333333,27.4375
0.51425254593777,-113.854166666667,27.4375
0.510245090877982,-113.8125,27.4375
0.509119771598921,-113.770833333333,27.4375
0.509701581676997,-113.729166666667,27.4375
0.507989978874128,-113.6875,27.4375
0.503734358227543,-113.645833333333,27.4375
0.502151999247254,-113.604166666667,27.4375
0.536783414384855,-113.5625,27.4375
0.531582911709612,-113.520833333333,27.4375
0.523173928744318,-113.479166666667,27.4375
0.513648330424991,-113.4375,27.4375
0.511032272716599,-113.395833333333,27.4375
0.51396151855213,-113.354166666667,27.4375
0.53254163128688,-113.3125,27.4375
0.561633827706566,-113.270833333333,27.4375
0.588162867150922,-113.229166666667,27.4375
0.608846536981464,-113.1875,27.4375
0.616465506998973,-113.145833333333,27.4375
0.627295887847526,-113.104166666667,27.4375
0.63467551878037,-113.0625,27.4375
0.605868020392376,-113.020833333333,27.4375
0.575174928484198,-112.979166666667,27.4375
0.563581201214082,-112.9375,27.4375
0.583912713899701,-112.895833333333,27.4375
0.675146283101294,-112.854166666667,27.4375
0.72334958134305,-112.8125,27.4375
0.736574654694544,-112.770833333333,27.4375
0.719976939854162,-112.729166666667,27.4375
0.71304395027729,-112.6875,27.4375
0.683340130581278,-112.645833333333,27.4375
0.592410600305729,-112.604166666667,27.4375
0.610800754500427,-112.5625,27.4375
0.68941624517976,-112.520833333333,27.4375
0.702884290619475,-112.479166666667,27.4375
0.710349058913551,-112.4375,27.4375
0.6956187814292,-112.395833333333,27.4375
0.761687822692474,-112.354166666667,27.4375
0.981860692681859,-111.895833333333,27.4375
0.978343762039427,-110.520833333333,27.4375
0.976433634648887,-110.479166666667,27.4375
0.973164446216598,-110.4375,27.4375
0.970039549556086,-110.395833333333,27.4375
0.967349507015475,-110.354166666667,27.4375
0.961790127706826,-110.3125,27.4375
0.959444021113368,-110.270833333333,27.4375
0.956765349047845,-110.229166666667,27.4375
0.95613971771818,-110.1875,27.4375
0.957760746478398,-110.145833333333,27.4375
0.96192099978542,-110.104166666667,27.4375
0.970043856913131,-110.0625,27.4375
0.976889546960982,-110.020833333333,27.4375
0.98258723316647,-109.979166666667,27.4375
0.984972307890338,-109.9375,27.4375
0.981686754650511,-109.895833333333,27.4375
0.959315575322217,-109.854166666667,27.4375
0.894261863895989,-109.8125,27.4375
0.78991322156787,-109.770833333333,27.4375
0.632692688945155,-109.729166666667,27.4375
0.517605706605322,-109.6875,27.4375
0.509873251959178,-114.0625,27.3958333333333
0.519889404490976,-114.020833333333,27.3958333333333
0.523913456931248,-113.979166666667,27.3958333333333
0.522580321084798,-113.9375,27.3958333333333
0.515390785009587,-113.895833333333,27.3958333333333
0.50750201850046,-113.854166666667,27.3958333333333
0.50777961086993,-113.8125,27.3958333333333
0.504689268893202,-113.770833333333,27.3958333333333
0.506624826844849,-113.729166666667,27.3958333333333
0.505721342647402,-113.6875,27.3958333333333
0.501158622654475,-113.645833333333,27.3958333333333
0.535656920434567,-113.5625,27.3958333333333
0.528614906625009,-113.520833333333,27.3958333333333
0.523133731376502,-113.479166666667,27.3958333333333
0.51540546982496,-113.4375,27.3958333333333
0.512369336828752,-113.395833333333,27.3958333333333
0.523235268137316,-113.354166666667,27.3958333333333
0.541542445748432,-113.3125,27.3958333333333
0.564116658241357,-113.270833333333,27.3958333333333
0.591031358417335,-113.229166666667,27.3958333333333
0.615079230609024,-113.1875,27.3958333333333
0.626851573893066,-113.145833333333,27.3958333333333
0.634745135874855,-113.104166666667,27.3958333333333
0.645259137110542,-113.0625,27.3958333333333
0.644907912723566,-113.020833333333,27.3958333333333
0.622004967648909,-112.979166666667,27.3958333333333
0.623787819579124,-112.9375,27.3958333333333
0.63439335433867,-112.895833333333,27.3958333333333
0.685526107256584,-112.854166666667,27.3958333333333
0.724282552075714,-112.8125,27.3958333333333
0.738164906354813,-112.770833333333,27.3958333333333
0.729870876206694,-112.729166666667,27.3958333333333
0.723084169001217,-112.6875,27.3958333333333
0.712983329814684,-112.645833333333,27.3958333333333
0.679719172031573,-112.604166666667,27.3958333333333
0.638830755950661,-112.5625,27.3958333333333
0.63596093020823,-112.520833333333,27.3958333333333
0.646518336385126,-112.479166666667,27.3958333333333
0.674151616316908,-112.4375,27.3958333333333
0.731850541003421,-112.395833333333,27.3958333333333
0.818699358576779,-112.354166666667,27.3958333333333
0.835575036472636,-112.3125,27.3958333333333
0.975759813896745,-110.479166666667,27.3958333333333
0.974250434466997,-110.4375,27.3958333333333
0.972249761508099,-110.395833333333,27.3958333333333
0.968272284010668,-110.354166666667,27.3958333333333
0.966947525642006,-110.3125,27.3958333333333
0.966169901711439,-110.270833333333,27.3958333333333
0.965253453189684,-110.229166666667,27.3958333333333
0.961348163076214,-110.1875,27.3958333333333
0.959702996401754,-110.145833333333,27.3958333333333
0.962528607315239,-110.104166666667,27.3958333333333
0.97064319718299,-110.0625,27.3958333333333
0.978914310566025,-110.020833333333,27.3958333333333
0.982319465591185,-109.979166666667,27.3958333333333
0.983761551370684,-109.9375,27.3958333333333
0.978000097938915,-109.895833333333,27.3958333333333
0.956795706832443,-109.854166666667,27.3958333333333
0.915764986527977,-109.8125,27.3958333333333
0.84673458078209,-109.770833333333,27.3958333333333
0.756433417895989,-109.729166666667,27.3958333333333
0.624789890534166,-109.6875,27.3958333333333
0.505142589952571,-109.645833333333,27.3958333333333
0.502922742513346,-114.0625,27.3541666666667
0.512276343041559,-114.020833333333,27.3541666666667
0.511249740284152,-113.979166666667,27.3541666666667
0.513688411747422,-113.9375,27.3541666666667
0.508472682492638,-113.895833333333,27.3541666666667
0.505359666920041,-113.854166666667,27.3541666666667
0.501530809745143,-113.8125,27.3541666666667
0.528456009155747,-113.5625,27.3541666666667
0.526434091907934,-113.520833333333,27.3541666666667
0.525367846847828,-113.479166666667,27.3541666666667
0.524428902007561,-113.4375,27.3541666666667
0.532051336667283,-113.395833333333,27.3541666666667
0.545885363964046,-113.354166666667,27.3541666666667
0.553666944451109,-113.3125,27.3541666666667
0.575002973247476,-113.270833333333,27.3541666666667
0.602511853913387,-113.229166666667,27.3541666666667
0.62418376183702,-113.1875,27.3541666666667
0.634285995402858,-113.145833333333,27.3541666666667
0.641779769179396,-113.104166666667,27.3541666666667
0.644674883802298,-113.0625,27.3541666666667
0.649049400428579,-113.020833333333,27.3541666666667
0.656468913216788,-112.979166666667,27.3541666666667
0.667886968098288,-112.9375,27.3541666666667
0.678751747455217,-112.895833333333,27.3541666666667
0.693615710248425,-112.854166666667,27.3541666666667
0.717061996037273,-112.8125,27.3541666666667
0.726819280335817,-112.770833333333,27.3541666666667
0.71839448891705,-112.729166666667,27.3541666666667
0.701750567464722,-112.6875,27.3541666666667
0.687457893918715,-112.645833333333,27.3541666666667
0.661739109419258,-112.604166666667,27.3541666666667
0.611141541271829,-112.5625,27.3541666666667
0.570783898674405,-112.520833333333,27.3541666666667
0.574278690846965,-112.479166666667,27.3541666666667
0.626931057976493,-112.4375,27.3541666666667
0.68832665710023,-112.395833333333,27.3541666666667
0.774500598553589,-112.354166666667,27.3541666666667
0.853502982563165,-112.3125,27.3541666666667
0.83871526444757,-112.270833333333,27.3541666666667
0.979088410214261,-110.4375,27.3541666666667
0.977518589246088,-110.395833333333,27.3541666666667
0.973380196291289,-110.354166666667,27.3541666666667
0.971588662697086,-110.3125,27.3541666666667
0.971580065067393,-110.270833333333,27.3541666666667
0.968854493198529,-110.229166666667,27.3541666666667
0.964743112799295,-110.1875,27.3541666666667
0.96302038094798,-110.145833333333,27.3541666666667
0.965816395185777,-110.104166666667,27.3541666666667
0.97332372535484,-110.0625,27.3541666666667
0.9793903149473,-110.020833333333,27.3541666666667
0.980795270850895,-109.979166666667,27.3541666666667
0.979013077199427,-109.9375,27.3541666666667
0.971373545200803,-109.895833333333,27.3541666666667
0.95149943152614,-109.854166666667,27.3541666666667
0.925244800695766,-109.8125,27.3541666666667
0.89159789343296,-109.770833333333,27.3541666666667
0.824413683199165,-109.729166666667,27.3541666666667
0.699063090073592,-109.6875,27.3541666666667
0.558396913316813,-109.645833333333,27.3541666666667
0.507394496827799,-114.020833333333,27.3125
0.509885312865317,-113.979166666667,27.3125
0.508744583135498,-113.9375,27.3125
0.503636156782621,-113.895833333333,27.3125
0.502904505155229,-113.854166666667,27.3125
0.524490682223269,-113.520833333333,27.3125
0.523316804957439,-113.479166666667,27.3125
0.529346467358892,-113.4375,27.3125
0.552893889667356,-113.395833333333,27.3125
0.563997213152311,-113.354166666667,27.3125
0.570895489772067,-113.3125,27.3125
0.58357358353763,-113.270833333333,27.3125
0.605738420731105,-113.229166666667,27.3125
0.628860132079635,-113.1875,27.3125
0.641608613654304,-113.145833333333,27.3125
0.652593534884406,-113.104166666667,27.3125
0.655617360560203,-113.0625,27.3125
0.650623444600555,-113.020833333333,27.3125
0.657230371125464,-112.979166666667,27.3125
0.670670792761735,-112.9375,27.3125
0.697200800915464,-112.895833333333,27.3125
0.710543247095793,-112.854166666667,27.3125
0.710376037248159,-112.8125,27.3125
0.715747816180648,-112.770833333333,27.3125
0.71185100962888,-112.729166666667,27.3125
0.696482863892645,-112.6875,27.3125
0.664566002208629,-112.645833333333,27.3125
0.627590466081412,-112.604166666667,27.3125
0.599429443498004,-112.5625,27.3125
0.560255952710271,-112.520833333333,27.3125
0.535120799269736,-112.479166666667,27.3125
0.581375244998806,-112.4375,27.3125
0.641526134096769,-112.395833333333,27.3125
0.728603883393489,-112.354166666667,27.3125
0.794572829122003,-112.3125,27.3125
0.849974902479994,-112.270833333333,27.3125
0.981721278065337,-110.4375,27.3125
0.98093065960108,-110.395833333333,27.3125
0.978471730494772,-110.354166666667,27.3125
0.975474485070619,-110.3125,27.3125
0.974505198224805,-110.270833333333,27.3125
0.970177520288973,-110.229166666667,27.3125
0.968102993050795,-110.1875,27.3125
0.968667779328019,-110.145833333333,27.3125
0.970629478173381,-110.104166666667,27.3125
0.975318672373716,-110.0625,27.3125
0.979513593068769,-110.020833333333,27.3125
0.979408336967576,-109.979166666667,27.3125
0.975777212696869,-109.9375,27.3125
0.971449923545838,-109.895833333333,27.3125
0.957144699538824,-109.854166666667,27.3125
0.935921110050664,-109.8125,27.3125
0.907745142944117,-109.770833333333,27.3125
0.854089319698135,-109.729166666667,27.3125
0.782359269027432,-109.6875,27.3125
0.705799515556648,-109.645833333333,27.3125
0.593803570854804,-109.604166666667,27.3125
0.509490108333318,-113.9375,27.2708333333333
0.504717015563803,-113.895833333333,27.2708333333333
0.503890658000817,-113.854166666667,27.2708333333333
0.515946093668178,-113.520833333333,27.2708333333333
0.523986724323465,-113.479166666667,27.2708333333333
0.546571546863436,-113.4375,27.2708333333333
0.566043904599745,-113.395833333333,27.2708333333333
0.576483493843646,-113.354166666667,27.2708333333333
0.585484245250275,-113.3125,27.2708333333333
0.594844723990831,-113.270833333333,27.2708333333333
0.603512268222391,-113.229166666667,27.2708333333333
0.624957321775811,-113.1875,27.2708333333333
0.639715406078704,-113.145833333333,27.2708333333333
0.654955543091598,-113.104166666667,27.2708333333333
0.659022806330125,-113.0625,27.2708333333333
0.660466952882242,-113.020833333333,27.2708333333333
0.669168460972789,-112.979166666667,27.2708333333333
0.675445059679821,-112.9375,27.2708333333333
0.684630922579337,-112.895833333333,27.2708333333333
0.695092724436668,-112.854166666667,27.2708333333333
0.695571046996616,-112.8125,27.2708333333333
0.695523141870938,-112.770833333333,27.2708333333333
0.695166529983296,-112.729166666667,27.2708333333333
0.669858783927557,-112.6875,27.2708333333333
0.640964875235237,-112.645833333333,27.2708333333333
0.601814976145153,-112.604166666667,27.2708333333333
0.571769546414446,-112.5625,27.2708333333333
0.547446899343537,-112.520833333333,27.2708333333333
0.530495225940077,-112.479166666667,27.2708333333333
0.552624621598404,-112.4375,27.2708333333333
0.632712916813695,-112.395833333333,27.2708333333333
0.716726917940509,-112.354166666667,27.2708333333333
0.775867448344064,-112.3125,27.2708333333333
0.835198180963497,-112.270833333333,27.2708333333333
0.821236179306703,-112.229166666667,27.2708333333333
0.98328339572011,-110.4375,27.2708333333333
0.982465377794892,-110.395833333333,27.2708333333333
0.979024203232267,-110.354166666667,27.2708333333333
0.976268623727119,-110.3125,27.2708333333333
0.975310360430056,-110.270833333333,27.2708333333333
0.970670312361831,-110.229166666667,27.2708333333333
0.969742164628106,-110.1875,27.2708333333333
0.971873257302875,-110.145833333333,27.2708333333333
0.972156972106716,-110.104166666667,27.2708333333333
0.974776891875994,-110.0625,27.2708333333333
0.976721629073127,-110.020833333333,27.2708333333333
0.975672500283903,-109.979166666667,27.2708333333333
0.973060592969868,-109.9375,27.2708333333333
0.969825337155829,-109.895833333333,27.2708333333333
0.960534318160432,-109.854166666667,27.2708333333333
0.945601430331193,-109.8125,27.2708333333333
0.919974443513428,-109.770833333333,27.2708333333333
0.888185268267007,-109.729166666667,27.2708333333333
0.857915165029441,-109.6875,27.2708333333333
0.822622416631733,-109.645833333333,27.2708333333333
0.728191328519667,-109.604166666667,27.2708333333333
0.640968590507791,-109.5625,27.2708333333333
0.549848896996602,-109.520833333333,27.2708333333333
0.522131320045063,-113.479166666667,27.2291666666667
0.542321308623428,-113.4375,27.2291666666667
0.554554855021621,-113.395833333333,27.2291666666667
0.574313703474875,-113.354166666667,27.2291666666667
0.595437452087265,-113.3125,27.2291666666667
0.596708228198672,-113.270833333333,27.2291666666667
0.603591811069289,-113.229166666667,27.2291666666667
0.622819546265847,-113.1875,27.2291666666667
0.638947034476021,-113.145833333333,27.2291666666667
0.653658707839649,-113.104166666667,27.2291666666667
0.660735512867499,-113.0625,27.2291666666667
0.662000821437505,-113.020833333333,27.2291666666667
0.665109290922334,-112.979166666667,27.2291666666667
0.665839995670965,-112.9375,27.2291666666667
0.657934228916213,-112.895833333333,27.2291666666667
0.673019552993431,-112.854166666667,27.2291666666667
0.674081308754984,-112.8125,27.2291666666667
0.671751872970978,-112.770833333333,27.2291666666667
0.657937152358844,-112.729166666667,27.2291666666667
0.630065321452023,-112.6875,27.2291666666667
0.601899974311324,-112.645833333333,27.2291666666667
0.547504374872589,-112.604166666667,27.2291666666667
0.529029475951118,-112.479166666667,27.2291666666667
0.561781021610064,-112.4375,27.2291666666667
0.613224266736019,-112.395833333333,27.2291666666667
0.677088367950954,-112.354166666667,27.2291666666667
0.726250235711858,-112.3125,27.2291666666667
0.803698896427451,-112.270833333333,27.2291666666667
0.816999962485744,-112.229166666667,27.2291666666667
0.875987073217501,-112.0625,27.2291666666667
0.980641246907781,-110.354166666667,27.2291666666667
0.978188936812019,-110.3125,27.2291666666667
0.977017325026679,-110.270833333333,27.2291666666667
0.975031221861969,-110.229166666667,27.2291666666667
0.974157305569892,-110.1875,27.2291666666667
0.973217724580981,-110.145833333333,27.2291666666667
0.973525096092158,-110.104166666667,27.2291666666667
0.975885716955191,-110.0625,27.2291666666667
0.975303286316117,-110.020833333333,27.2291666666667
0.973180399543537,-109.979166666667,27.2291666666667
0.970072866625021,-109.9375,27.2291666666667
0.967312544873022,-109.895833333333,27.2291666666667
0.961064090925023,-109.854166666667,27.2291666666667
0.946342403521948,-109.8125,27.2291666666667
0.926508091107745,-109.770833333333,27.2291666666667
0.909791086219208,-109.729166666667,27.2291666666667
0.889602546619158,-109.6875,27.2291666666667
0.867643294151391,-109.645833333333,27.2291666666667
0.829356763175229,-109.604166666667,27.2291666666667
0.775196723595548,-109.5625,27.2291666666667
0.67429564864512,-109.520833333333,27.2291666666667
0.550687510011775,-109.479166666667,27.2291666666667
0.55609877162367,-113.395833333333,27.1875
0.577120694115999,-113.354166666667,27.1875
0.599272176364777,-113.3125,27.1875
0.60845752433186,-113.270833333333,27.1875
0.619679738622607,-113.229166666667,27.1875
0.639254261559182,-113.1875,27.1875
0.653194078865516,-113.145833333333,27.1875
0.662758517203937,-113.104166666667,27.1875
0.673933395989793,-113.0625,27.1875
0.670689105876017,-113.020833333333,27.1875
0.665641339672534,-112.979166666667,27.1875
0.605151108615006,-112.9375,27.1875
0.602958866375808,-112.895833333333,27.1875
0.615495918358228,-112.854166666667,27.1875
0.670029924500833,-112.8125,27.1875
0.654288771899603,-112.770833333333,27.1875
0.622110660455199,-112.729166666667,27.1875
0.590821559271602,-112.6875,27.1875
0.551780249514485,-112.645833333333,27.1875
0.564847974492852,-112.479166666667,27.1875
0.59812965168659,-112.4375,27.1875
0.607266392296683,-112.395833333333,27.1875
0.603143527909754,-112.354166666667,27.1875
0.610155215430523,-112.3125,27.1875
0.68388208076713,-112.270833333333,27.1875
0.801625416815856,-112.229166666667,27.1875
0.853055957319651,-112.0625,27.1875
0.98164329168688,-110.3125,27.1875
0.981512963296806,-110.270833333333,27.1875
0.981148408876255,-110.229166666667,27.1875
0.979083155301785,-110.1875,27.1875
0.975965283281022,-110.145833333333,27.1875
0.975745337674295,-110.104166666667,27.1875
0.975566496020803,-110.0625,27.1875
0.974776206962061,-110.020833333333,27.1875
0.971416956374145,-109.979166666667,27.1875
0.965582605695237,-109.9375,27.1875
0.963922972993542,-109.895833333333,27.1875
0.961072479791312,-109.854166666667,27.1875
0.952194386336157,-109.8125,27.1875
0.937096677056007,-109.770833333333,27.1875
0.92456760427985,-109.729166666667,27.1875
0.908107782874484,-109.6875,27.1875
0.890703040951467,-109.645833333333,27.1875
0.874636587561835,-109.604166666667,27.1875
0.84918043867097,-109.5625,27.1875
0.7602545565405,-109.520833333333,27.1875
0.630194136927915,-109.479166666667,27.1875
0.579971735572956,-113.354166666667,27.1458333333333
0.596758172528063,-113.3125,27.1458333333333
0.615765094077524,-113.270833333333,27.1458333333333
0.63504224030378,-113.229166666667,27.1458333333333
0.649935060513512,-113.1875,27.1458333333333
0.66551812019511,-113.145833333333,27.1458333333333
0.678220903632519,-113.104166666667,27.1458333333333
0.683875155521939,-113.0625,27.1458333333333
0.679188929288175,-113.020833333333,27.1458333333333
0.621800961782369,-112.979166666667,27.1458333333333
0.61779033200833,-112.9375,27.1458333333333
0.621200558103964,-112.895833333333,27.1458333333333
0.616262577087632,-112.854166666667,27.1458333333333
0.602927479104918,-112.8125,27.1458333333333
0.644887648960142,-112.770833333333,27.1458333333333
0.597428011700224,-112.729166666667,27.1458333333333
0.550167329442151,-112.6875,27.1458333333333
0.50929028571986,-112.645833333333,27.1458333333333
0.531795908976099,-112.520833333333,27.1458333333333
0.555910829236188,-112.479166666667,27.1458333333333
0.538960379584066,-112.4375,27.1458333333333
0.541241252936527,-112.395833333333,27.1458333333333
0.53073852603078,-112.354166666667,27.1458333333333
0.537137561480784,-112.3125,27.1458333333333
0.613728964559699,-112.270833333333,27.1458333333333
0.709986131595094,-112.229166666667,27.1458333333333
0.810081632325821,-112.1875,27.1458333333333
0.815859968162858,-112.145833333333,27.1458333333333
0.979927039931402,-110.229166666667,27.1458333333333
0.977633823312735,-110.1875,27.1458333333333
0.974936130655461,-110.145833333333,27.1458333333333
0.973412943950816,-110.104166666667,27.1458333333333
0.973080068552209,-110.0625,27.1458333333333
0.972844730368092,-110.020833333333,27.1458333333333
0.967199056487129,-109.979166666667,27.1458333333333
0.959274968868789,-109.9375,27.1458333333333
0.958647411567907,-109.895833333333,27.1458333333333
0.956618952744605,-109.854166666667,27.1458333333333
0.949976403334748,-109.8125,27.1458333333333
0.936573105979794,-109.770833333333,27.1458333333333
0.916672029674583,-109.729166666667,27.1458333333333
0.905000028324583,-109.6875,27.1458333333333
0.902577456653742,-109.645833333333,27.1458333333333
0.893092505240942,-109.604166666667,27.1458333333333
0.867444604532883,-109.5625,27.1458333333333
0.804398378168187,-109.520833333333,27.1458333333333
0.673725955572569,-109.479166666667,27.1458333333333
0.562290908791112,-109.4375,27.1458333333333
0.622375201559411,-113.270833333333,27.1041666666667
0.640201098242363,-113.229166666667,27.1041666666667
0.654869529843919,-113.1875,27.1041666666667
0.66966714885725,-113.145833333333,27.1041666666667
0.682438797523064,-113.104166666667,27.1041666666667
0.688018016472424,-113.0625,27.1041666666667
0.694243652910967,-113.020833333333,27.1041666666667
0.640552523078045,-112.979166666667,27.1041666666667
0.642542316065534,-112.9375,27.1041666666667
0.634908946585291,-112.895833333333,27.1041666666667
0.615129270882179,-112.854166666667,27.1041666666667
0.596325727884686,-112.8125,27.1041666666667
0.624417264862441,-112.770833333333,27.1041666666667
0.557272295627009,-112.729166666667,27.1041666666667
0.519399948090537,-112.3125,27.1041666666667
0.538063513125431,-112.270833333333,27.1041666666667
0.604877874525408,-112.229166666667,27.1041666666667
0.750009168137252,-112.1875,27.1041666666667
0.839127637844723,-112.145833333333,27.1041666666667
0.837911434997398,-112.104166666667,27.1041666666667
0.876340518249092,-112.0625,27.1041666666667
0.895664898191604,-112.020833333333,27.1041666666667
0.969806560628908,-110.0625,27.1041666666667
0.953469860626953,-109.9375,27.1041666666667
0.94761629469188,-109.895833333333,27.1041666666667
0.943804485305291,-109.854166666667,27.1041666666667
0.934033686001056,-109.8125,27.1041666666667
0.919106975038688,-109.770833333333,27.1041666666667
0.896699566225752,-109.729166666667,27.1041666666667
0.880700968603505,-109.6875,27.1041666666667
0.875466714519585,-109.645833333333,27.1041666666667
0.874958289301871,-109.604166666667,27.1041666666667
0.851081722598932,-109.5625,27.1041666666667
0.801017072700324,-109.520833333333,27.1041666666667
0.701041807934258,-109.479166666667,27.1041666666667
0.606219384090785,-109.4375,27.1041666666667
0.512893408052538,-109.395833333333,27.1041666666667
0.644442343978295,-113.229166666667,27.0625
0.659593485309948,-113.1875,27.0625
0.673394197621142,-113.145833333333,27.0625
0.682528177261322,-113.104166666667,27.0625
0.694264321770006,-113.0625,27.0625
0.706045887489828,-113.020833333333,27.0625
0.658171816847702,-112.979166666667,27.0625
0.650555366805025,-112.9375,27.0625
0.629775379741895,-112.895833333333,27.0625
0.603924727032506,-112.854166666667,27.0625
0.580290756795082,-112.8125,27.0625
0.597973002960484,-112.770833333333,27.0625
0.538015105651636,-112.729166666667,27.0625
0.517551378744083,-112.3125,27.0625
0.550184986842552,-112.270833333333,27.0625
0.621875085248007,-112.229166666667,27.0625
0.721966802966338,-112.1875,27.0625
0.809518735540192,-112.145833333333,27.0625
0.870486149285531,-112.104166666667,27.0625
0.877050901699296,-112.0625,27.0625
0.898774127851073,-112.020833333333,27.0625
0.928170945961142,-109.895833333333,27.0625
0.91546178390102,-109.854166666667,27.0625
0.899147433176453,-109.8125,27.0625
0.881860850618786,-109.770833333333,27.0625
0.854571122529982,-109.729166666667,27.0625
0.834438245814528,-109.6875,27.0625
0.828102193706283,-109.645833333333,27.0625
0.81906913381298,-109.604166666667,27.0625
0.792887393720084,-109.5625,27.0625
0.746878128477839,-109.520833333333,27.0625
0.671365659598592,-109.479166666667,27.0625
0.600140078945354,-109.4375,27.0625
0.511325064992073,-109.395833333333,27.0625
0.662260182513024,-113.1875,27.0208333333333
0.675174646067715,-113.145833333333,27.0208333333333
0.683952178401976,-113.104166666667,27.0208333333333
0.695266839590109,-113.0625,27.0208333333333
0.706292446006031,-113.020833333333,27.0208333333333
0.662862708854162,-112.979166666667,27.0208333333333
0.650889954192668,-112.9375,27.0208333333333
0.632013439692322,-112.895833333333,27.0208333333333
0.608443501319537,-112.854166666667,27.0208333333333
0.577977910586111,-112.8125,27.0208333333333
0.597145336851281,-112.770833333333,27.0208333333333
0.546900582433155,-112.729166666667,27.0208333333333
0.51103978598455,-112.270833333333,27.0208333333333
0.555833199615231,-112.229166666667,27.0208333333333
0.654383897406767,-112.1875,27.0208333333333
0.767247741462901,-112.145833333333,27.0208333333333
0.855123186805077,-112.104166666667,27.0208333333333
0.9178809596189,-112.0625,27.0208333333333
0.898385068902264,-112.020833333333,27.0208333333333
0.905721027004584,-109.895833333333,27.0208333333333
0.884275550131021,-109.854166666667,27.0208333333333
0.857557226972408,-109.8125,27.0208333333333
0.837470834026409,-109.770833333333,27.0208333333333
0.807764943530444,-109.729166666667,27.0208333333333
0.783462396639192,-109.6875,27.0208333333333
0.764588487664298,-109.645833333333,27.0208333333333
0.743785596807579,-109.604166666667,27.0208333333333
0.722484641698275,-109.5625,27.0208333333333
0.67754516722753,-109.520833333333,27.0208333333333
0.62253598066649,-109.479166666667,27.0208333333333
0.583050927921054,-109.4375,27.0208333333333
0.502272806041407,-109.395833333333,27.0208333333333
0.648957240387495,-113.1875,26.9791666666667
0.670584623078663,-113.145833333333,26.9791666666667
0.681472559077764,-113.104166666667,26.9791666666667
0.6902459357514,-113.0625,26.9791666666667
0.700965876773691,-113.020833333333,26.9791666666667
0.706491120730065,-112.979166666667,26.9791666666667
0.643694400923832,-112.9375,26.9791666666667
0.632400526957123,-112.895833333333,26.9791666666667
0.612702323530752,-112.854166666667,26.9791666666667
0.624871413713334,-112.8125,26.9791666666667
0.577926968002966,-112.770833333333,26.9791666666667
0.536186646372611,-112.729166666667,26.9791666666667
0.598559568335826,-112.229166666667,26.9791666666667
0.681271057285423,-112.1875,26.9791666666667
0.685557447866483,-112.145833333333,26.9791666666667
0.794396506910198,-112.104166666667,26.9791666666667
0.894501694614821,-112.0625,26.9791666666667
0.876953191429852,-112.020833333333,26.9791666666667
0.886612219507298,-109.895833333333,26.9791666666667
0.856193351148887,-109.854166666667,26.9791666666667
0.824765985723259,-109.8125,26.9791666666667
0.791232048918074,-109.770833333333,26.9791666666667
0.743064287120885,-109.729166666667,26.9791666666667
0.707305547625134,-109.6875,26.9791666666667
0.686732959804611,-109.645833333333,26.9791666666667
0.66480979059376,-109.604166666667,26.9791666666667
0.654723247010917,-109.5625,26.9791666666667
0.620131619640899,-109.520833333333,26.9791666666667
0.590755022672284,-109.479166666667,26.9791666666667
0.563386172782419,-109.4375,26.9791666666667
0.510928803851773,-109.395833333333,26.9791666666667
0.682634164716478,-113.104166666667,26.9375
0.692365620299154,-113.0625,26.9375
0.696577907533731,-113.020833333333,26.9375
0.695684200734569,-112.979166666667,26.9375
0.641720477945009,-112.9375,26.9375
0.627132334067896,-112.895833333333,26.9375
0.609072026672339,-112.854166666667,26.9375
0.577047553747442,-112.8125,26.9375
0.58260682691928,-112.770833333333,26.9375
0.542020653706771,-112.729166666667,26.9375
0.588160201704107,-112.229166666667,26.9375
0.651804082113071,-112.1875,26.9375
0.689048129060408,-112.145833333333,26.9375
0.798237160383952,-112.104166666667,26.9375
0.886913200286182,-112.0625,26.9375
0.910792287564293,-112.020833333333,26.9375
0.832340144640863,-109.854166666667,26.9375
0.797454176027873,-109.8125,26.9375
0.744879086368141,-109.770833333333,26.9375
0.680661603848984,-109.729166666667,26.9375
0.635864261126514,-109.6875,26.9375
0.614932413409903,-109.645833333333,26.9375
0.596985730469606,-109.604166666667,26.9375
0.593660063061192,-109.5625,26.9375
0.589483965260731,-109.520833333333,26.9375
0.562663817490659,-109.479166666667,26.9375
0.523106157129992,-109.4375,26.9375
0.676928926084571,-113.104166666667,26.8958333333333
0.68282036538926,-113.0625,26.8958333333333
0.686814810257316,-113.020833333333,26.8958333333333
0.689067314539984,-112.979166666667,26.8958333333333
0.6320435981666,-112.9375,26.8958333333333
0.611786597591941,-112.895833333333,26.8958333333333
0.596534713122638,-112.854166666667,26.8958333333333
0.580904862347955,-112.8125,26.8958333333333
0.608468521714407,-112.770833333333,26.8958333333333
0.566956433374552,-112.729166666667,26.8958333333333
0.53781895075153,-112.6875,26.8958333333333
0.500875544425473,-112.645833333333,26.8958333333333
0.542880666037256,-112.1875,26.8958333333333
0.702026717690976,-112.145833333333,26.8958333333333
0.858974313123055,-112.104166666667,26.8958333333333
0.910664853060185,-112.0625,26.8958333333333
0.91748919964533,-112.020833333333,26.8958333333333
0.890226326829926,-111.979166666667,26.8958333333333
0.80731574156963,-109.854166666667,26.8958333333333
0.760784341084012,-109.8125,26.8958333333333
0.698844688368785,-109.770833333333,26.8958333333333
0.640733127703784,-109.729166666667,26.8958333333333
0.584592029062654,-109.6875,26.8958333333333
0.548932366928617,-109.645833333333,26.8958333333333
0.527408830865423,-109.604166666667,26.8958333333333
0.538192965510196,-109.5625,26.8958333333333
0.555413066961513,-109.520833333333,26.8958333333333
0.533028491201807,-109.479166666667,26.8958333333333
0.502789173181076,-109.4375,26.8958333333333
0.671487439511834,-113.104166666667,26.8541666666667
0.680008857137603,-113.0625,26.8541666666667
0.680271404573156,-113.020833333333,26.8541666666667
0.674861828231419,-112.979166666667,26.8541666666667
0.663443819787488,-112.9375,26.8541666666667
0.610397448747094,-112.895833333333,26.8541666666667
0.598492635972482,-112.854166666667,26.8541666666667
0.589289749321566,-112.8125,26.8541666666667
0.613406767003138,-112.770833333333,26.8541666666667
0.580732748138579,-112.729166666667,26.8541666666667
0.542278151614647,-112.6875,26.8541666666667
0.563549228056868,-112.1875,26.8541666666667
0.734962225982798,-112.145833333333,26.8541666666667
0.863291868919417,-112.104166666667,26.8541666666667
0.902455043015778,-112.0625,26.8541666666667
0.906629469709968,-112.020833333333,26.8541666666667
0.916433423932096,-111.979166666667,26.8541666666667
0.895354414403021,-111.9375,26.8541666666667
0.955335614441173,-111.8125,26.8541666666667
0.94221492451231,-111.770833333333,26.8541666666667
0.779835576673737,-109.854166666667,26.8541666666667
0.742497238497566,-109.8125,26.8541666666667
0.68518457985025,-109.770833333333,26.8541666666667
0.615768735211032,-109.729166666667,26.8541666666667
0.55109444839742,-109.6875,26.8541666666667
0.512329039302762,-109.645833333333,26.8541666666667
0.520964001770185,-109.520833333333,26.8541666666667
0.532750353462174,-109.479166666667,26.8541666666667
0.531845559134946,-109.4375,26.8541666666667
0.525824919389153,-109.395833333333,26.8541666666667
0.661291992231051,-113.145833333333,26.8125
0.67365516472211,-113.104166666667,26.8125
0.675311517529343,-113.0625,26.8125
0.668730601631066,-113.020833333333,26.8125
0.655579007273351,-112.979166666667,26.8125
0.654412018342363,-112.9375,26.8125
0.663544362412662,-112.895833333333,26.8125
0.606844300794794,-112.854166666667,26.8125
0.599078007724503,-112.8125,26.8125
0.622218987027809,-112.770833333333,26.8125
0.571011914711006,-112.729166666667,26.8125
0.528674282833283,-112.6875,26.8125
0.599180493211154,-112.1875,26.8125
0.741878032768315,-112.145833333333,26.8125
0.856627291579012,-112.104166666667,26.8125
0.875526168888244,-112.0625,26.8125
0.859969616594991,-112.020833333333,26.8125
0.859501191931696,-111.979166666667,26.8125
0.887537119013673,-111.9375,26.8125
0.926557393653205,-111.895833333333,26.8125
0.926553803411061,-111.8125,26.8125
0.903812331628371,-111.770833333333,26.8125
0.925169133914865,-111.729166666667,26.8125
0.750621954333309,-109.854166666667,26.8125
0.751459063094211,-109.8125,26.8125
0.702426293318327,-109.770833333333,26.8125
0.636599166050669,-109.729166666667,26.8125
0.563503053353495,-109.6875,26.8125
0.504388066173631,-109.645833333333,26.8125
0.502857189020504,-109.520833333333,26.8125
0.534854977419098,-109.479166666667,26.8125
0.555386335436894,-109.4375,26.8125
0.541608151987223,-109.395833333333,26.8125
0.520178174372303,-109.354166666667,26.8125
0.654022966693609,-113.1875,26.7708333333333
0.677848347698986,-113.104166666667,26.7708333333333
0.678063492734249,-113.0625,26.7708333333333
0.661848377024263,-113.020833333333,26.7708333333333
0.643457688370925,-112.979166666667,26.7708333333333
0.652107072587793,-112.9375,26.7708333333333
0.66045007750989,-112.895833333333,26.7708333333333
0.653133634105304,-112.854166666667,26.7708333333333
0.641836978746359,-112.8125,26.7708333333333
0.621874242589797,-112.770833333333,26.7708333333333
0.584915761654506,-112.729166666667,26.7708333333333
0.543464970937493,-112.6875,26.7708333333333
0.526693534349521,-112.1875,26.7708333333333
0.715570664798078,-112.145833333333,26.7708333333333
0.827893113546543,-112.104166666667,26.7708333333333
0.856775217605653,-112.0625,26.7708333333333
0.829618212089846,-112.020833333333,26.7708333333333
0.809133140649406,-111.979166666667,26.7708333333333
0.838116833490081,-111.9375,26.7708333333333
0.915196130323548,-111.895833333333,26.7708333333333
0.907219948138984,-111.8125,26.7708333333333
0.855059669948698,-111.770833333333,26.7708333333333
0.89374360577602,-111.729166666667,26.7708333333333
0.936020025572704,-111.6875,26.7708333333333
0.766994778368903,-109.8125,26.7708333333333
0.747235161977568,-109.770833333333,26.7708333333333
0.699491680241513,-109.729166666667,26.7708333333333
0.608038175676918,-109.6875,26.7708333333333
0.528546099604643,-109.645833333333,26.7708333333333
0.509381752862025,-109.520833333333,26.7708333333333
0.538106383172875,-109.479166666667,26.7708333333333
0.552329612091766,-109.4375,26.7708333333333
0.540126727920382,-109.395833333333,26.7708333333333
0.512962760375949,-109.354166666667,26.7708333333333
0.667631898538953,-113.104166666667,26.7291666666667
0.671850890575334,-113.0625,26.7291666666667
0.669693885391657,-113.020833333333,26.7291666666667
0.66167468355843,-112.979166666667,26.7291666666667
0.656101779255163,-112.9375,26.7291666666667
0.668149447996136,-112.895833333333,26.7291666666667
0.665256876936562,-112.854166666667,26.7291666666667
0.648288612551274,-112.8125,26.7291666666667
0.629897516128131,-112.770833333333,26.7291666666667
0.598896007614066,-112.729166666667,26.7291666666667
0.555357454699262,-112.6875,26.7291666666667
0.513863778700155,-112.645833333333,26.7291666666667
0.609334906349547,-112.145833333333,26.7291666666667
0.731878953820578,-112.104166666667,26.7291666666667
0.787321844997632,-112.0625,26.7291666666667
0.813540059243673,-112.020833333333,26.7291666666667
0.812961815884187,-111.979166666667,26.7291666666667
0.821942264142875,-111.9375,26.7291666666667
0.894541945021791,-111.8125,26.7291666666667
0.843022282788744,-111.770833333333,26.7291666666667
0.849342310547019,-111.729166666667,26.7291666666667
0.903207288605489,-111.6875,26.7291666666667
0.929996460904498,-111.645833333333,26.7291666666667
0.774570961745249,-109.770833333333,26.7291666666667
0.730077377428994,-109.729166666667,26.7291666666667
0.657791920234591,-109.6875,26.7291666666667
0.581549775408174,-109.645833333333,26.7291666666667
0.536059871579184,-109.604166666667,26.7291666666667
0.521147091756359,-109.5625,26.7291666666667
0.556384633075782,-109.4375,26.7291666666667
0.532103738860434,-109.395833333333,26.7291666666667
0.503762527920056,-109.354166666667,26.7291666666667
0.673482107253911,-113.0625,26.6875
0.672324004299992,-113.020833333333,26.6875
0.666465256385007,-112.979166666667,26.6875
0.660088222107861,-112.9375,26.6875
0.662526489943244,-112.895833333333,26.6875
0.656714715720264,-112.854166666667,26.6875
0.639322471793118,-112.8125,26.6875
0.62390456166357,-112.770833333333,26.6875
0.608298857367526,-112.729166666667,26.6875
0.576308634547949,-112.6875,26.6875
0.5326501182642,-112.645833333333,26.6875
0.507009891495303,-112.604166666667,26.6875
0.548603020923883,-112.104166666667,26.6875
0.726755704753471,-112.0625,26.6875
0.765356882668979,-112.020833333333,26.6875
0.750210197920263,-111.979166666667,26.6875
0.787353110811899,-111.9375,26.6875
0.848696889660791,-111.895833333333,26.6875
0.888233863137718,-111.770833333333,26.6875
0.872728116665911,-111.729166666667,26.6875
0.891420804298252,-111.6875,26.6875
0.925186243309297,-111.645833333333,26.6875
0.937708655087094,-111.604166666667,26.6875
0.68165071933737,-109.6875,26.6875
0.529094968180497,-109.395833333333,26.6875
0.509120127005565,-109.354166666667,26.6875
0.66659019843377,-113.104166666667,26.6458333333333
0.67635875325521,-113.020833333333,26.6458333333333
0.668187455586619,-112.979166666667,26.6458333333333
0.66187928929642,-112.9375,26.6458333333333
0.65112142568638,-112.895833333333,26.6458333333333
0.647609529023473,-112.854166666667,26.6458333333333
0.644914571701165,-112.8125,26.6458333333333
0.630695964761025,-112.770833333333,26.6458333333333
0.609392128116932,-112.729166666667,26.6458333333333
0.595030036920061,-112.6875,26.6458333333333
0.568926045143834,-112.645833333333,26.6458333333333
0.567652832094551,-112.604166666667,26.6458333333333
0.56102806842971,-112.5625,26.6458333333333
0.52664482184549,-112.4375,26.6458333333333
0.510233825273947,-112.395833333333,26.6458333333333
0.503141094732374,-112.354166666667,26.6458333333333
0.538767259239838,-112.0625,26.6458333333333
0.524260964743372,-112.020833333333,26.6458333333333
0.559270226500296,-111.979166666667,26.6458333333333
0.702219170154087,-111.9375,26.6458333333333
0.811347006930435,-111.895833333333,26.6458333333333
0.852207524734078,-111.854166666667,26.6458333333333
0.905738782571798,-111.729166666667,26.6458333333333
0.91156023905379,-111.6875,26.6458333333333
0.921711039662756,-111.645833333333,26.6458333333333
0.93041263299404,-111.604166666667,26.6458333333333
0.535724238571188,-109.395833333333,26.6458333333333
0.516748973177393,-109.354166666667,26.6458333333333
0.680193017248792,-113.020833333333,26.6041666666667
0.676384193089533,-112.979166666667,26.6041666666667
0.672833265248691,-112.9375,26.6041666666667
0.659678585727431,-112.895833333333,26.6041666666667
0.65972277595077,-112.854166666667,26.6041666666667
0.677524613919218,-112.8125,26.6041666666667
0.66759089488339,-112.770833333333,26.6041666666667
0.639790790315674,-112.729166666667,26.6041666666667
0.631288610065846,-112.6875,26.6041666666667
0.615644016903509,-112.645833333333,26.6041666666667
0.626908194543478,-112.604166666667,26.6041666666667
0.628601659725193,-112.5625,26.6041666666667
0.588145060677771,-112.520833333333,26.6041666666667
0.609491036834127,-112.479166666667,26.6041666666667
0.557028700784794,-112.4375,26.6041666666667
0.578260249792601,-112.395833333333,26.6041666666667
0.558298909395973,-112.354166666667,26.6041666666667
0.559363241468029,-111.9375,26.6041666666667
0.744965060394028,-111.895833333333,26.6041666666667
0.786733862332507,-111.854166666667,26.6041666666667
0.821333101461641,-111.8125,26.6041666666667
0.918646831352772,-111.6875,26.6041666666667
0.92200633887488,-111.645833333333,26.6041666666667
0.930883203743022,-111.604166666667,26.6041666666667
0.51360180352842,-109.354166666667,26.6041666666667
0.68908393380936,-112.979166666667,26.5625
0.691326789292131,-112.9375,26.5625
0.686575847686999,-112.895833333333,26.5625
0.685701186567313,-112.854166666667,26.5625
0.693490003280417,-112.8125,26.5625
0.701542107985331,-112.770833333333,26.5625
0.691661005459399,-112.729166666667,26.5625
0.674963306275673,-112.6875,26.5625
0.665242437632742,-112.645833333333,26.5625
0.67564261059755,-112.604166666667,26.5625
0.685538180839076,-112.5625,26.5625
0.676700577288021,-112.520833333333,26.5625
0.684825837960053,-112.479166666667,26.5625
0.643254182880847,-112.4375,26.5625
0.630859188401675,-112.395833333333,26.5625
0.535038340680446,-112.354166666667,26.5625
0.655521443741329,-111.895833333333,26.5625
0.741011498831528,-111.854166666667,26.5625
0.802068197029636,-111.8125,26.5625
0.924436468736549,-111.6875,26.5625
0.919898907522344,-111.645833333333,26.5625
0.917848895733403,-111.604166666667,26.5625
0.711057628647649,-112.9375,26.5208333333333
0.709695770437882,-112.854166666667,26.5208333333333
0.715857321179216,-112.8125,26.5208333333333
0.719753553846874,-112.770833333333,26.5208333333333
0.735564225593254,-112.729166666667,26.5208333333333
0.731234765939853,-112.6875,26.5208333333333
0.714328156861747,-112.645833333333,26.5208333333333
0.708026640850969,-112.604166666667,26.5208333333333
0.729282588940857,-112.5625,26.5208333333333
0.744118648813934,-112.520833333333,26.5208333333333
0.747583685253279,-112.479166666667,26.5208333333333
0.707212953663877,-112.4375,26.5208333333333
0.661898565887479,-112.395833333333,26.5208333333333
0.612793918266446,-112.354166666667,26.5208333333333
0.505316867792496,-112.3125,26.5208333333333
0.541655181539692,-111.895833333333,26.5208333333333
0.633279653940342,-111.854166666667,26.5208333333333
0.735981516583747,-111.8125,26.5208333333333
0.806543807540394,-111.770833333333,26.5208333333333
0.85413330186377,-111.729166666667,26.5208333333333
0.877581475000588,-111.6875,26.5208333333333
0.881340972683276,-111.645833333333,26.5208333333333
0.890212443089646,-111.604166666667,26.5208333333333
0.926637455018713,-111.5625,26.5208333333333
0.948963666290198,-111.520833333333,26.5208333333333
0.955819889409014,-111.479166666667,26.5208333333333
0.735301989078293,-112.854166666667,26.4791666666667
0.741629566752919,-112.8125,26.4791666666667
0.745276374974759,-112.770833333333,26.4791666666667
0.732161322064091,-112.729166666667,26.4791666666667
0.766633013505297,-112.6875,26.4791666666667
0.753337909628578,-112.645833333333,26.4791666666667
0.744886787103513,-112.604166666667,26.4791666666667
0.753198201367666,-112.5625,26.4791666666667
0.77805110607371,-112.520833333333,26.4791666666667
0.78874837189496,-112.479166666667,26.4791666666667
0.768247417225698,-112.4375,26.4791666666667
0.736388051351608,-112.395833333333,26.4791666666667
0.666095827050708,-112.354166666667,26.4791666666667
0.512329892056783,-112.020833333333,26.4791666666667
0.537258677790051,-111.979166666667,26.4791666666667
0.51482069701586,-111.9375,26.4791666666667
0.501603475386057,-111.895833333333,26.4791666666667
0.549964583250527,-111.854166666667,26.4791666666667
0.570612096032261,-111.8125,26.4791666666667
0.646169034512306,-111.770833333333,26.4791666666667
0.757805234574915,-111.729166666667,26.4791666666667
0.789585793320119,-111.6875,26.4791666666667
0.833872466648112,-111.645833333333,26.4791666666667
0.865568909509811,-111.604166666667,26.4791666666667
0.88751400922844,-111.5625,26.4791666666667
0.899064082123719,-111.520833333333,26.4791666666667
0.934857265061451,-111.479166666667,26.4791666666667
0.762378605055972,-112.8125,26.4375
0.776411054904151,-112.770833333333,26.4375
0.78511132754107,-112.729166666667,26.4375
0.74848701196178,-112.6875,26.4375
0.734287983885784,-112.645833333333,26.4375
0.766778531387273,-112.604166666667,26.4375
0.774281869246166,-112.5625,26.4375
0.78847059583926,-112.520833333333,26.4375
0.81711941473611,-112.479166666667,26.4375
0.823287636178258,-112.4375,26.4375
0.799136720083828,-112.395833333333,26.4375
0.710126959886265,-112.354166666667,26.4375
0.504879393921508,-112.3125,26.4375
0.561404943556218,-112.020833333333,26.4375
0.584086697260777,-111.979166666667,26.4375
0.560825603599433,-111.9375,26.4375
0.522623415248805,-111.895833333333,26.4375
0.582085179026916,-111.854166666667,26.4375
0.605219999673853,-111.8125,26.4375
0.632716575185129,-111.770833333333,26.4375
0.684175048346411,-111.729166666667,26.4375
0.767799642695821,-111.6875,26.4375
0.82717741835603,-111.645833333333,26.4375
0.831853258056715,-111.604166666667,26.4375
0.806397127461311,-111.5625,26.4375
0.845674698037751,-111.520833333333,26.4375
0.936142263761172,-111.479166666667,26.4375
0.76318559309397,-112.729166666667,26.3958333333333
0.757795950026593,-112.6875,26.3958333333333
0.747988606289541,-112.645833333333,26.3958333333333
0.748317884807096,-112.604166666667,26.3958333333333
0.742181485361617,-112.395833333333,26.3958333333333
0.598504185486144,-112.354166666667,26.3958333333333
0.507828612920907,-112.3125,26.3958333333333
0.566513980110979,-112.1875,26.3958333333333
0.602723009097087,-112.145833333333,26.3958333333333
0.520290373154365,-112.104166666667,26.3958333333333
0.531875553010202,-112.020833333333,26.3958333333333
0.649490821420731,-111.979166666667,26.3958333333333
0.667067540097422,-111.9375,26.3958333333333
0.667860270436751,-111.895833333333,26.3958333333333
0.66234762673616,-111.854166666667,26.3958333333333
0.663013004199364,-111.8125,26.3958333333333
0.692462389916024,-111.770833333333,26.3958333333333
0.677122076887795,-111.729166666667,26.3958333333333
0.738347563476655,-111.6875,26.3958333333333
0.78785384413497,-111.645833333333,26.3958333333333
0.833918357880321,-111.604166666667,26.3958333333333
0.856064994877759,-111.5625,26.3958333333333
0.895353432828878,-111.520833333333,26.3958333333333
0.938253879081821,-111.479166666667,26.3958333333333
0.729754379957038,-112.395833333333,26.3541666666667
0.681927547626624,-112.354166666667,26.3541666666667
0.681136528649544,-112.3125,26.3541666666667
0.673097993274983,-112.270833333333,26.3541666666667
0.60629812131764,-112.229166666667,26.3541666666667
0.624923288795192,-112.1875,26.3541666666667
0.69557359970332,-112.145833333333,26.3541666666667
0.628869066315388,-112.104166666667,26.3541666666667
0.545455043903077,-112.0625,26.3541666666667
0.570467367170726,-112.020833333333,26.3541666666667
0.667470751087003,-111.979166666667,26.3541666666667
0.698085664771089,-111.9375,26.3541666666667
0.697274765006729,-111.895833333333,26.3541666666667
0.692492109709937,-111.854166666667,26.3541666666667
0.679721661714586,-111.8125,26.3541666666667
0.689587585332299,-111.770833333333,26.3541666666667
0.659845684808103,-111.729166666667,26.3541666666667
0.626683897726701,-111.6875,26.3541666666667
0.707766108269458,-111.645833333333,26.3541666666667
0.814973511629224,-111.604166666667,26.3541666666667
0.86342471859233,-111.5625,26.3541666666667
0.887821130291722,-111.520833333333,26.3541666666667
0.91858791993867,-111.479166666667,26.3541666666667
0.922514272596915,-111.4375,26.3541666666667
0.805693771387888,-112.395833333333,26.3125
0.789391595180416,-112.354166666667,26.3125
0.761828353021782,-112.3125,26.3125
0.793755831856287,-112.270833333333,26.3125
0.676167722525366,-112.229166666667,26.3125
0.64950923663234,-112.1875,26.3125
0.735774343736671,-112.145833333333,26.3125
0.677004441697863,-112.104166666667,26.3125
0.610200988705805,-112.0625,26.3125
0.63658486665361,-112.020833333333,26.3125
0.672522212223366,-111.979166666667,26.3125
0.680976897232868,-111.9375,26.3125
0.654355872818995,-111.895833333333,26.3125
0.645185644696999,-111.854166666667,26.3125
0.613705687188723,-111.8125,26.3125
0.648004233871926,-111.770833333333,26.3125
0.646167579192588,-111.729166666667,26.3125
0.568596721347129,-111.6875,26.3125
0.603961942940464,-111.645833333333,26.3125
0.754215225428614,-111.604166666667,26.3125
0.870928860197872,-111.5625,26.3125
0.888639098348305,-111.520833333333,26.3125
0.861256570290756,-111.479166666667,26.3125
0.816441234857113,-111.4375,26.3125
0.88433887433711,-111.395833333333,26.3125
0.844984418058246,-112.354166666667,26.2708333333333
0.824118438704764,-112.3125,26.2708333333333
0.8144559605273,-112.270833333333,26.2708333333333
0.746258497935851,-112.229166666667,26.2708333333333
0.762033246848804,-112.1875,26.2708333333333
0.742330379090731,-112.145833333333,26.2708333333333
0.686000948608709,-112.104166666667,26.2708333333333
0.658326550833441,-112.0625,26.2708333333333
0.665590777036317,-112.020833333333,26.2708333333333
0.647990288793151,-111.979166666667,26.2708333333333
0.593619633317783,-111.9375,26.2708333333333
0.571322821383745,-111.895833333333,26.2708333333333
0.566740432369925,-111.854166666667,26.2708333333333
0.538433401499308,-111.8125,26.2708333333333
0.607402958126631,-111.770833333333,26.2708333333333
0.636329136122436,-111.729166666667,26.2708333333333
0.57740726597676,-111.6875,26.2708333333333
0.52935449764541,-111.645833333333,26.2708333333333
0.656741761872164,-111.604166666667,26.2708333333333
0.863703235609334,-111.5625,26.2708333333333
0.859251388663575,-111.520833333333,26.2708333333333
0.851559687270942,-111.479166666667,26.2708333333333
0.797295598225974,-111.4375,26.2708333333333
0.86562086292785,-112.3125,26.2291666666667
0.837023745930628,-112.270833333333,26.2291666666667
0.795453423219258,-112.229166666667,26.2291666666667
0.800075872365396,-112.1875,26.2291666666667
0.7676767470483,-112.145833333333,26.2291666666667
0.720834985325665,-112.104166666667,26.2291666666667
0.736226612745949,-112.0625,26.2291666666667
0.755048805078323,-112.020833333333,26.2291666666667
0.671242803790189,-111.979166666667,26.2291666666667
0.546216924119182,-111.9375,26.2291666666667
0.517010883157114,-111.854166666667,26.2291666666667
0.525257602961212,-111.8125,26.2291666666667
0.547453113914616,-111.770833333333,26.2291666666667
0.561555443675134,-111.729166666667,26.2291666666667
0.511490178200574,-111.6875,26.2291666666667
0.551198355202493,-111.604166666667,26.2291666666667
0.834299171768115,-111.5625,26.2291666666667
0.857737177813259,-111.520833333333,26.2291666666667
0.898150267944867,-111.479166666667,26.2291666666667
0.899312510330703,-111.4375,26.2291666666667
0.937066245749903,-111.395833333333,26.2291666666667
0.857435638924972,-112.3125,26.1875
0.847845862014995,-112.270833333333,26.1875
0.840383114346306,-112.229166666667,26.1875
0.811375555894446,-112.1875,26.1875
0.78481561542598,-112.145833333333,26.1875
0.797345410713395,-112.104166666667,26.1875
0.787663184417815,-112.0625,26.1875
0.750255861399892,-112.020833333333,26.1875
0.643485409497009,-111.979166666667,26.1875
0.531355721179402,-111.9375,26.1875
0.520646949759116,-111.895833333333,26.1875
0.546457907636076,-111.854166666667,26.1875
0.554765312769312,-111.8125,26.1875
0.512396037119578,-111.604166666667,26.1875
0.795102446991804,-111.5625,26.1875
0.874650565233161,-111.520833333333,26.1875
0.865447300203691,-111.479166666667,26.1875
0.917387595937069,-111.4375,26.1875
0.928214568810732,-111.395833333333,26.1875
0.863770130470036,-112.3125,26.1458333333333
0.86635752850924,-112.270833333333,26.1458333333333
0.865999253682342,-112.229166666667,26.1458333333333
0.846073238589918,-112.1875,26.1458333333333
0.827846956123013,-112.145833333333,26.1458333333333
0.812947746043678,-112.104166666667,26.1458333333333
0.78162876195856,-112.0625,26.1458333333333
0.731318034033479,-112.020833333333,26.1458333333333
0.642447512326674,-111.979166666667,26.1458333333333
0.57052005159249,-111.9375,26.1458333333333
0.691192353426104,-111.5625,26.1458333333333
0.819897880898372,-111.520833333333,26.1458333333333
0.865025841344134,-111.479166666667,26.1458333333333
0.88256639329828,-111.4375,26.1458333333333
0.870011020895806,-111.395833333333,26.1458333333333
0.506807600378077,-109.3125,26.1458333333333
0.891461333423437,-112.229166666667,26.1041666666667
0.890015067988072,-112.1875,26.1041666666667
0.872681072046162,-112.145833333333,26.1041666666667
0.822400712314393,-112.104166666667,26.1041666666667
0.793815145968086,-112.0625,26.1041666666667
0.782511356457783,-112.020833333333,26.1041666666667
0.699850449136087,-111.979166666667,26.1041666666667
0.703682121753148,-111.520833333333,26.1041666666667
0.797460059497363,-111.479166666667,26.1041666666667
0.831377626668166,-111.4375,26.1041666666667
0.839492488301486,-111.395833333333,26.1041666666667
0.88273458453938,-111.354166666667,26.1041666666667
0.961541564086882,-111.270833333333,26.1041666666667
0.517275902960186,-109.354166666667,26.1041666666667
0.501476256672603,-109.3125,26.1041666666667
0.501442799275862,-112.270833333333,26.0625
0.507671731451024,-112.229166666667,26.0625
0.907412755180102,-112.1875,26.0625
0.90504120164979,-112.145833333333,26.0625
0.896465257668536,-112.104166666667,26.0625
0.864534006172906,-112.0625,26.0625
0.828826977519819,-112.020833333333,26.0625
0.791261918970365,-111.979166666667,26.0625
0.530883952771403,-111.9375,26.0625
0.598229431531693,-111.520833333333,26.0625
0.69963951381823,-111.479166666667,26.0625
0.761376252863313,-111.4375,26.0625
0.859608147438364,-111.395833333333,26.0625
0.898076004832192,-111.354166666667,26.0625
0.524434864070503,-109.395833333333,26.0625
0.508120672516752,-109.354166666667,26.0625
0.519327269579131,-112.1875,26.0208333333333
0.916489930983282,-112.145833333333,26.0208333333333
0.914742211299129,-112.104166666667,26.0208333333333
0.904955605967043,-112.0625,26.0208333333333
0.886783623683941,-112.020833333333,26.0208333333333
0.858198259997294,-111.979166666667,26.0208333333333
0.614181029391559,-111.9375,26.0208333333333
0.514544511068318,-111.895833333333,26.0208333333333
0.664873425794739,-111.479166666667,26.0208333333333
0.826046563455174,-111.4375,26.0208333333333
0.87339609256432,-111.395833333333,26.0208333333333
0.924191546767065,-111.354166666667,26.0208333333333
0.984508082897934,-111.145833333333,26.0208333333333
0.986043397613218,-111.104166666667,26.0208333333333
0.534102184912972,-109.395833333333,26.0208333333333
0.510126206601287,-109.354166666667,26.0208333333333
0.588207125636556,-112.145833333333,25.9791666666667
0.595749512667764,-112.104166666667,25.9791666666667
0.931810828996926,-112.0625,25.9791666666667
0.902198180630946,-112.020833333333,25.9791666666667
0.865588965227532,-111.979166666667,25.9791666666667
0.848918967257648,-111.9375,25.9791666666667
0.636815177507727,-111.895833333333,25.9791666666667
0.530028662691804,-111.854166666667,25.9791666666667
0.567406423776885,-111.479166666667,25.9791666666667
0.831357327726888,-111.4375,25.9791666666667
0.90029068897497,-111.395833333333,25.9791666666667
0.933228282606096,-111.354166666667,25.9791666666667
0.983695066843709,-111.145833333333,25.9791666666667
0.559325518346472,-109.4375,25.9791666666667
0.543882247227577,-109.395833333333,25.9791666666667
0.511915890202658,-109.354166666667,25.9791666666667
0.538402985124201,-108.979166666667,25.9791666666667
0.554079440200086,-108.9375,25.9791666666667
0.519577226808593,-108.895833333333,25.9791666666667
0.596376603537584,-112.145833333333,25.9375
0.607252009733294,-112.104166666667,25.9375
0.93635509101091,-112.0625,25.9375
0.917069887021472,-112.020833333333,25.9375
0.90240896481289,-111.979166666667,25.9375
0.892736372178348,-111.9375,25.9375
0.818641937925938,-111.895833333333,25.9375
0.570151007841471,-111.854166666667,25.9375
0.51082697824093,-111.8125,25.9375
0.761334265908806,-111.4375,25.9375
0.874226430013307,-111.395833333333,25.9375
0.920996738475394,-111.354166666667,25.9375
0.981525341092258,-111.1875,25.9375
0.555119342138028,-109.4375,25.9375
0.538215656483119,-109.395833333333,25.9375
0.507413063692706,-109.354166666667,25.9375
0.523862646601674,-109.104166666667,25.9375
0.560370752900587,-109.0625,25.9375
0.585587483578978,-109.020833333333,25.9375
0.580308072005089,-108.979166666667,25.9375
0.578196949155572,-108.9375,25.9375
0.547385085041399,-108.895833333333,25.9375
0.536401795155164,-112.145833333333,25.8958333333333
0.59655947656538,-112.104166666667,25.8958333333333
0.547711510373911,-112.0625,25.8958333333333
0.92706490712908,-112.020833333333,25.8958333333333
0.920183280375016,-111.979166666667,25.8958333333333
0.893577093845464,-111.9375,25.8958333333333
0.699550690208972,-111.895833333333,25.8958333333333
0.586345074500886,-111.854166666667,25.8958333333333
0.50780370805622,-111.8125,25.8958333333333
0.576008130579745,-111.4375,25.8958333333333
0.717947591468969,-111.395833333333,25.8958333333333
0.885669988828272,-111.354166666667,25.8958333333333
0.971002543193278,-111.1875,25.8958333333333
0.530473852951141,-109.395833333333,25.8958333333333
0.508297041526528,-109.354166666667,25.8958333333333
0.510639702334881,-109.145833333333,25.8958333333333
0.552245592859056,-109.104166666667,25.8958333333333
0.592078246927183,-109.0625,25.8958333333333
0.610823756079166,-109.020833333333,25.8958333333333
0.602243640766221,-108.979166666667,25.8958333333333
0.5776388621681,-108.9375,25.8958333333333
0.536619882655754,-108.895833333333,25.8958333333333
0.581367595383628,-112.104166666667,25.8541666666667
0.529098340090872,-112.0625,25.8541666666667
0.536993936122242,-112.020833333333,25.8541666666667
0.8006533972069,-111.979166666667,25.8541666666667
0.761810268694925,-111.9375,25.8541666666667
0.735801866768398,-111.895833333333,25.8541666666667
0.633925126473776,-111.854166666667,25.8541666666667
0.581753999377904,-111.8125,25.8541666666667
0.524974616660882,-111.770833333333,25.8541666666667
0.82148167512851,-111.354166666667,25.8541666666667
0.539112520633268,-109.395833333333,25.8541666666667
0.517451182138671,-109.354166666667,25.8541666666667
0.50517127868485,-109.3125,25.8541666666667
0.507329565697358,-109.1875,25.8541666666667
0.528083039518638,-109.145833333333,25.8541666666667
0.555338024966934,-109.104166666667,25.8541666666667
0.609636180270084,-109.0625,25.8541666666667
0.631396883567317,-109.020833333333,25.8541666666667
0.61870146629499,-108.979166666667,25.8541666666667
0.579557840241397,-108.9375,25.8541666666667
0.546893873151336,-108.895833333333,25.8541666666667
0.518341365558998,-108.854166666667,25.8541666666667
0.517596719272443,-112.104166666667,25.8125
0.516110583089261,-112.0625,25.8125
0.525419209914584,-112.020833333333,25.8125
0.775986260378952,-111.979166666667,25.8125
0.775438287001321,-111.9375,25.8125
0.746322775107415,-111.895833333333,25.8125
0.665013324652641,-111.854166666667,25.8125
0.660456915077563,-111.8125,25.8125
0.61347940898304,-111.770833333333,25.8125
0.514582162378897,-111.729166666667,25.8125
0.553119149998854,-109.395833333333,25.8125
0.54223136984768,-109.354166666667,25.8125
0.531239845311966,-109.3125,25.8125
0.515151021041922,-109.270833333333,25.8125
0.518091161231983,-109.229166666667,25.8125
0.532948663602504,-109.1875,25.8125
0.553616663704565,-109.145833333333,25.8125
0.576255397056024,-109.104166666667,25.8125
0.622449012721435,-109.0625,25.8125
0.640670969476295,-109.020833333333,25.8125
0.635461399548305,-108.979166666667,25.8125
0.600488885760378,-108.9375,25.8125
0.558409665602056,-108.895833333333,25.8125
0.511444771691875,-108.854166666667,25.8125
0.78632768301463,-111.979166666667,25.7708333333333
0.760415102229971,-111.9375,25.7708333333333
0.770323542175333,-111.895833333333,25.7708333333333
0.733463037279691,-111.854166666667,25.7708333333333
0.685484853578691,-111.8125,25.7708333333333
0.599479511518359,-111.770833333333,25.7708333333333
0.565109849208188,-111.729166666667,25.7708333333333
0.877703076231139,-111.3125,25.7708333333333
0.5676370593295,-109.395833333333,25.7708333333333
0.558264410785536,-109.354166666667,25.7708333333333
0.54604771488848,-109.3125,25.7708333333333
0.525038907605658,-109.270833333333,25.7708333333333
0.541318564804105,-109.229166666667,25.7708333333333
0.552413562375846,-109.1875,25.7708333333333
0.576850395193581,-109.145833333333,25.7708333333333
0.59563833210294,-109.104166666667,25.7708333333333
0.624430830822549,-109.0625,25.7708333333333
0.640703568215226,-109.020833333333,25.7708333333333
0.636278673307982,-108.979166666667,25.7708333333333
0.608229942874582,-108.9375,25.7708333333333
0.555026089969565,-108.895833333333,25.7708333333333
0.50477078310749,-108.854166666667,25.7708333333333
0.789704265986352,-111.979166666667,25.7291666666667
0.774711530330211,-111.9375,25.7291666666667
0.74219539228271,-111.895833333333,25.7291666666667
0.735765553104551,-111.854166666667,25.7291666666667
0.682256154194829,-111.8125,25.7291666666667
0.639262311534944,-111.770833333333,25.7291666666667
0.615214567932791,-111.729166666667,25.7291666666667
0.516828314550227,-111.6875,25.7291666666667
0.819571488467352,-111.3125,25.7291666666667
0.905583683372582,-111.270833333333,25.7291666666667
0.552506245785915,-109.270833333333,25.7291666666667
0.562493145069256,-109.229166666667,25.7291666666667
0.575581988691235,-109.1875,25.7291666666667
0.587959520886315,-109.145833333333,25.7291666666667
0.602310939470913,-109.104166666667,25.7291666666667
0.622843609271035,-109.0625,25.7291666666667
0.63556439137327,-109.020833333333,25.7291666666667
0.620972969492315,-108.979166666667,25.7291666666667
0.585907919895677,-108.9375,25.7291666666667
0.543453382174294,-108.895833333333,25.7291666666667
0.510044830093256,-108.854166666667,25.7291666666667
0.780814705133774,-111.979166666667,25.6875
0.769035186974125,-111.9375,25.6875
0.753202109954599,-111.895833333333,25.6875
0.756942732975048,-111.854166666667,25.6875
0.712544502662826,-111.8125,25.6875
0.692857151254956,-111.770833333333,25.6875
0.642067830528716,-111.729166666667,25.6875
0.551306638065207,-111.6875,25.6875
0.563130290572059,-111.270833333333,25.6875
0.802045514491511,-111.229166666667,25.6875
0.998317413338904,-111.020833333333,25.6875
0.990650292245643,-110.770833333333,25.6875
0.559758422391254,-109.270833333333,25.6875
0.567161732316868,-109.229166666667,25.6875
0.578397961218562,-109.1875,25.6875
0.593441709870041,-109.145833333333,25.6875
0.609027968789379,-109.104166666667,25.6875
0.619214716695179,-109.0625,25.6875
0.615842854354391,-109.020833333333,25.6875
0.602041158419412,-108.979166666667,25.6875
0.578121408217186,-108.9375,25.6875
0.542183255462574,-108.895833333333,25.6875
0.517807803044616,-108.854166666667,25.6875
0.777435705283732,-111.979166666667,25.6458333333333
0.764883014901311,-111.9375,25.6458333333333
0.751210207990974,-111.895833333333,25.6458333333333
0.727693537483052,-111.854166666667,25.6458333333333
0.737990237571075,-111.8125,25.6458333333333
0.712205956247253,-111.770833333333,25.6458333333333
0.665512030166883,-111.729166666667,25.6458333333333
0.607109446646069,-111.6875,25.6458333333333
0.530352492836221,-111.645833333333,25.6458333333333
0.509042295205168,-111.604166666667,25.6458333333333
0.689389967817713,-111.229166666667,25.6458333333333
0.987793070237502,-110.770833333333,25.6458333333333
0.577212639099229,-109.354166666667,25.6458333333333
0.574886743293977,-109.145833333333,25.6458333333333
0.600740403438011,-109.104166666667,25.6458333333333
0.605372650031569,-109.0625,25.6458333333333
0.532364067169558,-108.895833333333,25.6458333333333
0.502510715235742,-108.854166666667,25.6458333333333
0.772481895006917,-111.979166666667,25.6041666666667
0.757126308919401,-111.9375,25.6041666666667
0.748274258323345,-111.895833333333,25.6041666666667
0.728447833177379,-111.854166666667,25.6041666666667
0.749711730156933,-111.8125,25.6041666666667
0.716214728597115,-111.770833333333,25.6041666666667
0.676203002672801,-111.729166666667,25.6041666666667
0.628821643121003,-111.6875,25.6041666666667
0.56426546398333,-111.645833333333,25.6041666666667
0.537852226280924,-111.604166666667,25.6041666666667
0.522239890816824,-111.5625,25.6041666666667
0.509418257858692,-111.520833333333,25.6041666666667
0.787229330208152,-111.1875,25.6041666666667
0.976608601298337,-110.770833333333,25.6041666666667
0.557003480798907,-109.1875,25.6041666666667
0.559501945372274,-109.145833333333,25.6041666666667
0.54494045748972,-108.9375,25.6041666666667
0.512538851140775,-108.895833333333,25.6041666666667
0.761202498790517,-111.979166666667,25.5625
0.749255549853061,-111.9375,25.5625
0.744591237522894,-111.895833333333,25.5625
0.727695456636664,-111.854166666667,25.5625
0.711961909179688,-111.8125,25.5625
0.717955658754342,-111.770833333333,25.5625
0.677284181738352,-111.729166666667,25.5625
0.631743572781891,-111.6875,25.5625
0.574809521266221,-111.645833333333,25.5625
0.548351928077419,-111.604166666667,25.5625
0.536564076929004,-111.5625,25.5625
0.604215838901695,-111.1875,25.5625
0.776050861091083,-111.145833333333,25.5625
0.523805790465416,-109.020833333333,25.5625
0.75634535949522,-111.979166666667,25.5208333333333
0.749773865073181,-111.9375,25.5208333333333
0.740863801784593,-111.895833333333,25.5208333333333
0.728176666205244,-111.854166666667,25.5208333333333
0.742337949971175,-111.8125,25.5208333333333
0.702820823814554,-111.770833333333,25.5208333333333
0.654023228135484,-111.729166666667,25.5208333333333
0.606721859976635,-111.6875,25.5208333333333
0.579014752538206,-111.645833333333,25.5208333333333
0.562597806948898,-111.604166666667,25.5208333333333
0.535850918658436,-111.5625,25.5208333333333
0.596747512391341,-111.145833333333,25.5208333333333
0.74168079454685,-111.104166666667,25.5208333333333
0.738587111264405,-111.9375,25.4791666666667
0.724365082679012,-111.895833333333,25.4791666666667
0.710000883190486,-111.854166666667,25.4791666666667
0.684488984344642,-111.8125,25.4791666666667
0.681174761174998,-111.770833333333,25.4791666666667
0.636965346885583,-111.729166666667,25.4791666666667
0.601455967813656,-111.6875,25.4791666666667
0.574834812580467,-111.645833333333,25.4791666666667
0.562294836293681,-111.604166666667,25.4791666666667
0.54411012966088,-111.5625,25.4791666666667
0.504281566691792,-111.520833333333,25.4791666666667
0.56211348828319,-111.0625,25.4791666666667
0.722931305853316,-111.020833333333,25.4791666666667
0.727346668957573,-112.020833333333,25.4375
0.721048444393349,-111.979166666667,25.4375
0.713798634770716,-111.9375,25.4375
0.703461749142927,-111.895833333333,25.4375
0.68831491121817,-111.854166666667,25.4375
0.698470350359836,-111.8125,25.4375
0.673751832843466,-111.770833333333,25.4375
0.644048094159866,-111.729166666667,25.4375
0.609926194529977,-111.6875,25.4375
0.571236388557985,-111.645833333333,25.4375
0.538339355451805,-111.604166666667,25.4375
0.509140162694574,-111.5625,25.4375
0.708637970545738,-112.020833333333,25.3958333333333
0.692309053761762,-111.979166666667,25.3958333333333
0.689515283312064,-111.9375,25.3958333333333
0.685920025975487,-111.895833333333,25.3958333333333
0.665993144337003,-111.854166666667,25.3958333333333
0.676729657323962,-111.8125,25.3958333333333
0.659365711518741,-111.770833333333,25.3958333333333
0.635662810389683,-111.729166666667,25.3958333333333
0.598274657907633,-111.6875,25.3958333333333
0.555638615427983,-111.645833333333,25.3958333333333
0.511341084147788,-111.604166666667,25.3958333333333
0.512764269952212,-111.020833333333,25.3958333333333
0.699276677066311,-112.020833333333,25.3541666666667
0.685617998367269,-111.979166666667,25.3541666666667
0.679016175624207,-111.9375,25.3541666666667
0.674263335240065,-111.895833333333,25.3541666666667
0.659739279618758,-111.854166666667,25.3541666666667
0.660783559510083,-111.8125,25.3541666666667
0.627747971413552,-111.770833333333,25.3541666666667
0.590023971802098,-111.729166666667,25.3541666666667
0.561166921766284,-111.6875,25.3541666666667
0.534997331611799,-111.645833333333,25.3541666666667
0.527068145832734,-111.020833333333,25.3541666666667
0.688130927716296,-110.979166666667,25.3541666666667
0.699316057708495,-112.0625,25.3125
0.68879125957484,-112.020833333333,25.3125
0.67278949614875,-111.979166666667,25.3125
0.6690130234105,-111.9375,25.3125
0.696483203438208,-111.895833333333,25.3125
0.678733553156388,-111.854166666667,25.3125
0.649341174146967,-111.8125,25.3125
0.613805121813688,-111.770833333333,25.3125
0.56472427277335,-111.729166666667,25.3125
0.524853912448584,-111.6875,25.3125
0.501908989443838,-111.645833333333,25.3125
0.645063178361087,-110.979166666667,25.3125
0.70098146806809,-112.0625,25.2708333333333
0.682460831509887,-112.020833333333,25.2708333333333
0.666210077735927,-111.979166666667,25.2708333333333
0.691813998146311,-111.9375,25.2708333333333
0.686271247375911,-111.895833333333,25.2708333333333
0.655363155174298,-111.854166666667,25.2708333333333
0.629532874635159,-111.8125,25.2708333333333
0.598926487042285,-111.770833333333,25.2708333333333
0.558568855954463,-111.729166666667,25.2708333333333
0.51995586499952,-111.6875,25.2708333333333
0.617195026656183,-110.979166666667,25.2708333333333
0.709066164414199,-112.104166666667,25.2291666666667
0.707682508044361,-112.0625,25.2291666666667
0.696798668011548,-112.020833333333,25.2291666666667
0.675112324585008,-111.979166666667,25.2291666666667
0.685602281600527,-111.9375,25.2291666666667
0.674167450234324,-111.895833333333,25.2291666666667
0.654427832295922,-111.854166666667,25.2291666666667
0.620297146727679,-111.8125,25.2291666666667
0.577371689774174,-111.770833333333,25.2291666666667
0.548666697456593,-111.729166666667,25.2291666666667
0.517014947226569,-111.6875,25.2291666666667
0.609579025987768,-110.979166666667,25.2291666666667
0.710138739281509,-112.104166666667,25.1875
0.705511655260415,-112.0625,25.1875
0.698463056568849,-112.020833333333,25.1875
0.680868063933449,-111.979166666667,25.1875
0.690015905541821,-111.9375,25.1875
0.673283424277721,-111.895833333333,25.1875
0.654123446686741,-111.854166666667,25.1875
0.622455367639407,-111.8125,25.1875
0.568618268576024,-111.770833333333,25.1875
0.533514507220251,-111.729166666667,25.1875
0.512849987706195,-111.6875,25.1875
0.637287998828304,-110.9375,25.1875
0.701411175562301,-112.0625,25.1458333333333
0.692009737129091,-112.020833333333,25.1458333333333
0.675697397190187,-111.979166666667,25.1458333333333
0.663812588591522,-111.9375,25.1458333333333
0.670830953650388,-111.895833333333,25.1458333333333
0.648683536690845,-111.854166666667,25.1458333333333
0.615144076124587,-111.8125,25.1458333333333
0.568958685746014,-111.770833333333,25.1458333333333
0.540393338277871,-111.729166666667,25.1458333333333
0.515953458509092,-111.6875,25.1458333333333
0.559991649453671,-110.9375,25.1458333333333
0.711425970410978,-112.0625,25.1041666666667
0.694724089146368,-112.020833333333,25.1041666666667
0.673456250351777,-111.979166666667,25.1041666666667
0.658568207174381,-111.9375,25.1041666666667
0.649365907934419,-111.895833333333,25.1041666666667
0.628823820204908,-111.854166666667,25.1041666666667
0.629570791582096,-111.8125,25.1041666666667
0.591776313354584,-111.770833333333,25.1041666666667
0.55553299681592,-111.729166666667,25.1041666666667
0.514728326682025,-111.6875,25.1041666666667
0.55740463641521,-110.895833333333,25.1041666666667
0.713439782007147,-112.0625,25.0625
0.698400839836049,-112.020833333333,25.0625
0.678254931096882,-111.979166666667,25.0625
0.648581669293893,-111.9375,25.0625
0.637897153521313,-111.895833333333,25.0625
0.619699504538796,-111.854166666667,25.0625
0.599839633570681,-111.8125,25.0625
0.578393964649612,-111.770833333333,25.0625
0.52853286578253,-111.729166666667,25.0625
0.500087898265809,-111.6875,25.0625
0.539039005542843,-110.854166666667,25.0625
0.677739816400489,-110.6875,25.0625
0.714765752177497,-112.0625,25.0208333333333
0.706615204792844,-112.020833333333,25.0208333333333
0.69324329404183,-111.979166666667,25.0208333333333
0.666423390570214,-111.9375,25.0208333333333
0.641281307215836,-111.895833333333,25.0208333333333
0.618714322485812,-111.854166666667,25.0208333333333
0.598399683528458,-111.8125,25.0208333333333
0.580934789196002,-111.770833333333,25.0208333333333
0.543752490778683,-111.729166666667,25.0208333333333
0.512629995998059,-111.6875,25.0208333333333
0.590111148204448,-110.645833333333,25.0208333333333
0.574727457567366,-110.604166666667,25.0208333333333
0.721076254328089,-112.0625,24.9791666666667
0.716557429459995,-112.020833333333,24.9791666666667
0.697436166331478,-111.979166666667,24.9791666666667
0.675887520463903,-111.9375,24.9791666666667
0.650990385994639,-111.895833333333,24.9791666666667
0.619095970468865,-111.854166666667,24.9791666666667
0.603247238330178,-111.8125,24.9791666666667
0.599401415496344,-111.770833333333,24.9791666666667
0.569136628418936,-111.729166666667,24.9791666666667
0.52646913169602,-111.6875,24.9791666666667
0.518690905218697,-110.645833333333,24.9791666666667
0.71573006420313,-112.020833333333,24.9375
0.697408887689476,-111.979166666667,24.9375
0.672128203135023,-111.9375,24.9375
0.657015128622494,-111.895833333333,24.9375
0.637959062282558,-111.854166666667,24.9375
0.612163350804217,-111.8125,24.9375
0.591799726386084,-111.770833333333,24.9375
0.583280967617885,-111.729166666667,24.9375
0.540733228315633,-111.6875,24.9375
0.506155590829935,-111.645833333333,24.9375
0.531488511955571,-110.604166666667,24.9375
0.569275724595728,-110.5625,24.9375
0.719415367257319,-112.020833333333,24.8958333333333
0.698615925017852,-111.979166666667,24.8958333333333
0.673585896968031,-111.9375,24.8958333333333
0.65897947381287,-111.895833333333,24.8958333333333
0.645144212087857,-111.854166666667,24.8958333333333
0.612384447060957,-111.8125,24.8958333333333
0.584650514877895,-111.770833333333,24.8958333333333
0.565083457447583,-111.729166666667,24.8958333333333
0.553629397205691,-111.6875,24.8958333333333
0.514059791550299,-111.645833333333,24.8958333333333
0.66205513140721,-110.5625,24.8958333333333
0.709067842057494,-111.979166666667,24.8541666666667
0.68320689184053,-111.9375,24.8541666666667
0.663793992827811,-111.895833333333,24.8541666666667
0.640641643401265,-111.854166666667,24.8541666666667
0.613785827338806,-111.8125,24.8541666666667
0.589506302673119,-111.770833333333,24.8541666666667
0.565702856564629,-111.729166666667,24.8541666666667
0.543460307837081,-111.6875,24.8541666666667
0.522089168564827,-111.645833333333,24.8541666666667
0.578320458222319,-110.6875,24.8541666666667
0.717873295809116,-111.979166666667,24.8125
0.694054091457817,-111.9375,24.8125
0.667361892023102,-111.895833333333,24.8125
0.64058943082684,-111.854166666667,24.8125
0.618787034777111,-111.8125,24.8125
0.597713358492051,-111.770833333333,24.8125
0.572960055957075,-111.729166666667,24.8125
0.549632071046062,-111.6875,24.8125
0.526016217073606,-111.645833333333,24.8125
0.506718839893084,-111.604166666667,24.8125
0.504674510039997,-110.6875,24.8125
0.719489594873618,-111.979166666667,24.7708333333333
0.697743263240677,-111.9375,24.7708333333333
0.668440224318758,-111.895833333333,24.7708333333333
0.645689102548437,-111.854166666667,24.7708333333333
0.627214871144606,-111.8125,24.7708333333333
0.608209662834954,-111.770833333333,24.7708333333333
0.587454640082373,-111.729166666667,24.7708333333333
0.559625468850006,-111.6875,24.7708333333333
0.533401380077582,-111.645833333333,24.7708333333333
0.513559086860285,-111.604166666667,24.7708333333333
0.670857881297189,-111.895833333333,24.7291666666667
0.648269957734352,-111.854166666667,24.7291666666667
0.63264510354712,-111.8125,24.7291666666667
0.613080359877148,-111.770833333333,24.7291666666667
0.588905889021757,-111.729166666667,24.7291666666667
0.565492025229021,-111.6875,24.7291666666667
0.540545090435889,-111.645833333333,24.7291666666667
0.51735621854026,-111.604166666667,24.7291666666667
0.507656967187142,-110.729166666667,24.7291666666667
0.653919377567927,-111.854166666667,24.6875
0.637332282036293,-111.8125,24.6875
0.616553471364256,-111.770833333333,24.6875
0.591914771663356,-111.729166666667,24.6875
0.576911267007573,-111.6875,24.6875
0.553747197211154,-111.645833333333,24.6875
0.519962461522345,-111.604166666667,24.6875
0.561707506444983,-110.729166666667,24.6875
0.640194889652613,-111.8125,24.6458333333333
0.618464692200612,-111.770833333333,24.6458333333333
0.599948262499059,-111.729166666667,24.6458333333333
0.579959608755413,-111.6875,24.6458333333333
0.556695580800564,-111.645833333333,24.6458333333333
0.517717218301222,-111.604166666667,24.6458333333333
0.510288881889031,-110.770833333333,24.6458333333333
0.641710356738438,-111.8125,24.6041666666667
0.628797121531391,-111.770833333333,24.6041666666667
0.606852949330084,-111.729166666667,24.6041666666667
0.579589006367627,-111.6875,24.6041666666667
0.544564505819004,-111.645833333333,24.6041666666667
0.516078212001041,-111.604166666667,24.6041666666667
0.523645763631053,-110.770833333333,24.6041666666667
0.631705595968853,-111.8125,24.5625
0.620164736463702,-111.770833333333,24.5625
0.606722599134358,-111.729166666667,24.5625
0.557287500244123,-111.645833333333,24.5625
0.541824322998597,-111.604166666667,24.5625
0.5122839933201,-111.5625,24.5625
0.5323592739898,-110.770833333333,24.5625
0.68624818215918,-110.395833333333,24.5625
0.638694497720864,-111.8125,24.5208333333333
0.578946150501674,-111.604166666667,24.5208333333333
0.558643222424598,-111.5625,24.5208333333333
0.538603063577864,-111.520833333333,24.5208333333333
0.527808870563028,-111.479166666667,24.5208333333333
0.506733817933931,-111.4375,24.5208333333333
0.574657055037783,-110.770833333333,24.5208333333333
0.617745568671324,-110.729166666667,24.5208333333333
0.628521782371517,-110.354166666667,24.5208333333333
0.62568216156702,-111.895833333333,24.4791666666667
0.615168565785789,-111.854166666667,24.4791666666667
0.608229309517151,-111.604166666667,24.4791666666667
0.603719278835692,-111.5625,24.4791666666667
0.592826718845997,-111.520833333333,24.4791666666667
0.568385538308931,-111.479166666667,24.4791666666667
0.543744333498248,-111.4375,24.4791666666667
0.526593905867425,-111.395833333333,24.4791666666667
0.500315297688052,-111.354166666667,24.4791666666667
0.510079355798615,-110.770833333333,24.4791666666667
0.571963823404832,-110.729166666667,24.4791666666667
0.635354585259171,-110.354166666667,24.4791666666667
0.643724097202514,-110.3125,24.4791666666667
0.650561568257322,-111.854166666667,24.4375
0.64001194130843,-111.8125,24.4375
0.616116482868252,-111.770833333333,24.4375
0.630011382341769,-111.604166666667,24.4375
0.634045018843764,-111.520833333333,24.4375
0.619063766975567,-111.479166666667,24.4375
0.598958286702215,-111.4375,24.4375
0.57861520092556,-111.395833333333,24.4375
0.549787344825403,-111.354166666667,24.4375
0.520541299056079,-111.3125,24.4375
0.506659601997416,-111.270833333333,24.4375
0.504102990197611,-111.229166666667,24.4375
0.542756596257237,-110.729166666667,24.4375
0.630152278434319,-111.8125,24.3958333333333
0.579839297662545,-111.770833333333,24.3958333333333
0.587483583525242,-111.729166666667,24.3958333333333
0.654621008472964,-111.479166666667,24.3958333333333
0.645822023929098,-111.4375,24.3958333333333
0.624619868495308,-111.395833333333,24.3958333333333
0.592296795948708,-111.354166666667,24.3958333333333
0.566893639337212,-111.3125,24.3958333333333
0.552165596901618,-111.270833333333,24.3958333333333
0.530928100403989,-111.229166666667,24.3958333333333
0.520901682052889,-111.1875,24.3958333333333
0.518642464406954,-111.020833333333,24.3958333333333
0.535017077455741,-110.979166666667,24.3958333333333
0.501006901379941,-110.9375,24.3958333333333
0.561230202887847,-110.729166666667,24.3958333333333
0.659691790145244,-110.6875,24.3958333333333
0.592344066623475,-111.729166666667,24.3541666666667
0.659975623617993,-111.4375,24.3541666666667
0.64872902558389,-111.395833333333,24.3541666666667
0.623400949126645,-111.354166666667,24.3541666666667
0.605496647453964,-111.3125,24.3541666666667
0.599969014952278,-111.270833333333,24.3541666666667
0.581485260999474,-111.229166666667,24.3541666666667
0.579422235205971,-111.1875,24.3541666666667
0.555498279364101,-111.145833333333,24.3541666666667
0.519825017289814,-111.104166666667,24.3541666666667
0.592548511345694,-111.0625,24.3541666666667
0.57130437557021,-111.020833333333,24.3541666666667
0.563853239767004,-110.979166666667,24.3541666666667
0.540647471182702,-110.9375,24.3541666666667
0.53931475837916,-110.895833333333,24.3541666666667
0.503174265604385,-110.854166666667,24.3541666666667
0.575368822682715,-110.729166666667,24.3541666666667
0.652597871129519,-110.6875,24.3541666666667
0.666511608878708,-111.395833333333,24.3125
0.645457085889591,-111.354166666667,24.3125
0.627498220972392,-111.3125,24.3125
0.629489755404859,-111.270833333333,24.3125
0.616300941370834,-111.229166666667,24.3125
0.612913287125,-111.1875,24.3125
0.587763125299627,-111.145833333333,24.3125
0.560603258511412,-111.104166666667,24.3125
0.651677042976008,-111.0625,24.3125
0.630380611215197,-111.020833333333,24.3125
0.602366256053948,-110.979166666667,24.3125
0.573930403505983,-110.9375,24.3125
0.585044539983077,-110.895833333333,24.3125
0.514512667156631,-110.854166666667,24.3125
0.599620808400944,-110.6875,24.3125
0.678471962848527,-110.645833333333,24.3125
0.797244914510398,-110.3125,24.3125
0.773867066067511,-110.270833333333,24.3125
0.761792443739209,-110.229166666667,24.3125
0.667011813587336,-111.3125,24.2708333333333
0.654318621745342,-111.270833333333,24.2708333333333
0.658681541597966,-111.229166666667,24.2708333333333
0.652205302969876,-111.1875,24.2708333333333
0.625751406882957,-111.145833333333,24.2708333333333
0.607972489426708,-111.104166666667,24.2708333333333
0.693585196055148,-111.0625,24.2708333333333
0.668806963193777,-111.020833333333,24.2708333333333
0.632855904871809,-110.979166666667,24.2708333333333
0.582578501018895,-110.9375,24.2708333333333
0.5588109773498,-110.895833333333,24.2708333333333
0.562039479794338,-110.6875,24.2708333333333
0.690997857793526,-110.645833333333,24.2708333333333
0.779634592491865,-110.3125,24.2708333333333
0.726440689011745,-110.270833333333,24.2708333333333
0.720423683387107,-110.229166666667,24.2708333333333
0.754047269394672,-110.1875,24.2708333333333
0.685644617205327,-111.229166666667,24.2291666666667
0.683518362456027,-111.1875,24.2291666666667
0.669445810778311,-111.145833333333,24.2291666666667
0.657053992117341,-111.104166666667,24.2291666666667
0.630190346101151,-111.0625,24.2291666666667
0.593813509757407,-111.020833333333,24.2291666666667
0.55478748972128,-110.979166666667,24.2291666666667
0.633702905439701,-110.9375,24.2291666666667
0.568052007394969,-110.895833333333,24.2291666666667
0.542244417968202,-110.854166666667,24.2291666666667
0.56453409500512,-110.6875,24.2291666666667
0.657409007857364,-110.645833333333,24.2291666666667
0.744876581975365,-110.604166666667,24.2291666666667
0.715779080516782,-110.270833333333,24.2291666666667
0.712568563900769,-110.229166666667,24.2291666666667
0.663412381989236,-110.1875,24.2291666666667
0.622749005886542,-110.145833333333,24.2291666666667
0.707374697668926,-111.145833333333,24.1875
0.697634994013422,-111.104166666667,24.1875
0.671902918523866,-111.0625,24.1875
0.63316734660405,-111.020833333333,24.1875
0.58923260655875,-110.979166666667,24.1875
0.553517763464846,-110.9375,24.1875
0.538815594057017,-110.895833333333,24.1875
0.617247661271624,-110.854166666667,24.1875
0.53555639441241,-110.8125,24.1875
0.577854151915305,-110.6875,24.1875
0.656319276440371,-110.645833333333,24.1875
0.706496731891444,-110.604166666667,24.1875
0.785988816388793,-110.5625,24.1875
0.832602057154141,-110.520833333333,24.1875
0.688444397289868,-110.270833333333,24.1875
0.635463182821752,-110.229166666667,24.1875
0.577728560825227,-110.0625,24.1875
0.714831445842592,-111.0625,24.1458333333333
0.683961835252718,-111.020833333333,24.1458333333333
0.650246217793325,-110.979166666667,24.1458333333333
0.635794333244417,-110.9375,24.1458333333333
0.584344208126614,-110.895833333333,24.1458333333333
0.629716244793391,-110.854166666667,24.1458333333333
0.566678018634785,-110.8125,24.1458333333333
0.506610315389862,-110.770833333333,24.1458333333333
0.505559798144375,-110.6875,24.1458333333333
0.52684875431549,-110.645833333333,24.1458333333333
0.626308480531809,-110.604166666667,24.1458333333333
0.781726289861919,-110.5625,24.1458333333333
0.805966506925849,-110.520833333333,24.1458333333333
0.826146516400243,-110.479166666667,24.1458333333333
0.85015406799355,-110.4375,24.1458333333333
0.854842946143622,-110.3125,24.1458333333333
0.687314838583867,-110.270833333333,24.1458333333333
0.550481415326373,-110.229166666667,24.1458333333333
0.727843393398904,-111.020833333333,24.1041666666667
0.712128681411659,-110.979166666667,24.1041666666667
0.679328558059705,-110.9375,24.1041666666667
0.625913243696297,-110.895833333333,24.1041666666667
0.574879598962518,-110.854166666667,24.1041666666667
0.554284338886432,-110.8125,24.1041666666667
0.517720907193809,-110.770833333333,24.1041666666667
0.530194838055689,-110.604166666667,24.1041666666667
0.702156850649107,-110.5625,24.1041666666667
0.781324692871242,-110.520833333333,24.1041666666667
0.76735321734131,-110.479166666667,24.1041666666667
0.81017066487205,-110.4375,24.1041666666667
0.889352216464794,-110.354166666667,24.1041666666667
0.82237595597383,-110.3125,24.1041666666667
0.663781631473235,-110.270833333333,24.1041666666667
0.75178916692033,-110.979166666667,24.0625
0.727088774879074,-110.9375,24.0625
0.682753864698697,-110.895833333333,24.0625
0.644232024640855,-110.854166666667,24.0625
0.613429334568452,-110.8125,24.0625
0.584007562554791,-110.770833333333,24.0625
0.549222334656533,-110.729166666667,24.0625
0.52487000437579,-110.6875,24.0625
0.596290370511567,-110.5625,24.0625
0.699289005556852,-110.520833333333,24.0625
0.724031970124334,-110.479166666667,24.0625
0.771735244169345,-110.4375,24.0625
0.806781889116512,-110.395833333333,24.0625
0.842729595030186,-110.354166666667,24.0625
0.746102820143025,-110.3125,24.0625
0.553267925822834,-110.270833333333,24.0625
0.767790533813412,-110.9375,24.0208333333333
0.74778835484174,-110.895833333333,24.0208333333333
0.725300430886572,-110.854166666667,24.0208333333333
0.68614873145056,-110.8125,24.0208333333333
0.648609423455779,-110.770833333333,24.0208333333333
0.621789564762493,-110.729166666667,24.0208333333333
0.584135386118343,-110.6875,24.0208333333333
0.554476516086008,-110.645833333333,24.0208333333333
0.520852468337381,-110.479166666667,24.0208333333333
0.55406042133286,-110.4375,24.0208333333333
0.743242007822364,-110.395833333333,24.0208333333333
0.629943881621527,-110.354166666667,24.0208333333333
0.538780405528339,-109.979166666667,24.0208333333333
0.530685849954644,-109.9375,24.0208333333333
0.522603831349089,-109.895833333333,24.0208333333333
0.530425105316663,-109.854166666667,24.0208333333333
0.537020525926298,-109.8125,24.0208333333333
0.770545063031148,-110.854166666667,23.9791666666667
0.738782417031424,-110.8125,23.9791666666667
0.705113391201205,-110.770833333333,23.9791666666667
0.670669948811435,-110.729166666667,23.9791666666667
0.637074715947125,-110.6875,23.9791666666667
0.60961139376514,-110.645833333333,23.9791666666667
0.575827143511058,-110.604166666667,23.9791666666667
0.504723406508517,-110.395833333333,23.9791666666667
0.512442819353042,-110.354166666667,23.9791666666667
0.525669259078581,-109.979166666667,23.9791666666667
0.522675234796775,-109.9375,23.9791666666667
0.508640978474249,-109.895833333333,23.9791666666667
0.767292507900772,-110.8125,23.9375
0.736979711862983,-110.770833333333,23.9375
0.707712481355455,-110.729166666667,23.9375
0.689317614597908,-110.6875,23.9375
0.670784850682592,-110.645833333333,23.9375
0.597673319869079,-110.604166666667,23.9375
0.535143708963843,-110.5625,23.9375
0.501135431564556,-110.520833333333,23.9375
0.509343123475027,-109.9375,23.9375
0.760141442227534,-110.770833333333,23.8958333333333
0.732685755483849,-110.729166666667,23.8958333333333
0.713705056217795,-110.6875,23.8958333333333
0.683859038957463,-110.645833333333,23.8958333333333
0.634707888155383,-110.604166666667,23.8958333333333
0.591475081054122,-110.5625,23.8958333333333
0.516617406701449,-110.520833333333,23.8958333333333
0.747605835394684,-110.729166666667,23.8541666666667
0.720485598373577,-110.6875,23.8541666666667
0.687009129603307,-110.645833333333,23.8541666666667
0.664853146358254,-110.604166666667,23.8541666666667
0.631765136520053,-110.5625,23.8541666666667
0.563049597946874,-110.520833333333,23.8541666666667
0.737339298824164,-110.6875,23.8125
0.710230752867181,-110.645833333333,23.8125
0.69834593092201,-110.604166666667,23.8125
0.663824853368963,-110.5625,23.8125
0.583936384121733,-110.520833333333,23.8125
0.739034512354532,-110.645833333333,23.7708333333333
0.723790822826663,-110.604166666667,23.7708333333333
0.69561645010637,-110.5625,23.7708333333333
0.64271420887599,-110.520833333333,23.7708333333333
0.559427667069821,-110.479166666667,23.7708333333333
0.745356394991054,-110.604166666667,23.7291666666667
0.721827362097628,-110.5625,23.7291666666667
0.698006072892312,-110.520833333333,23.7291666666667
0.644459874168388,-110.479166666667,23.7291666666667
0.5718381047915,-110.4375,23.7291666666667
0.727395450836975,-110.5625,23.6875
0.713546797281817,-110.520833333333,23.6875
0.68803077110098,-110.479166666667,23.6875
0.638679428795672,-110.4375,23.6875
0.561420346816249,-110.395833333333,23.6875
0.695124396657016,-110.479166666667,23.6458333333333
0.679166875083963,-110.4375,23.6458333333333
0.629572451419337,-110.395833333333,23.6458333333333
0.514996011411387,-110.354166666667,23.6458333333333
0.618011708922191,-110.354166666667,23.6041666666667
0.543041187408282,-109.604166666667,23.6041666666667
0.537136964189516,-110.3125,23.5625
0.559767308702401,-109.5625,23.5625
0.566688440472265,-110.270833333333,23.5208333333333
0.53991186551769,-110.229166666667,23.4791666666667
0.602021407467484,-110.229166666667,23.4375
0.505715848552658,-110.1875,23.4375
0.582914798976634,-110.1875,23.3958333333333
0.642403625870273,-110.1875,23.3541666666667
0.525341018856983,-110.145833333333,23.3541666666667
0.575655104745454,-110.145833333333,23.3125
0.60974636724331,-110.145833333333,23.2708333333333
0.654302472494996,-110.145833333333,23.2291666666667
0.502905738107459,-110.104166666667,23.2291666666667
0.520028360784138,-110.104166666667,23.0625
